x_ref,y_ref,z_ref,x,y,z,eta,e1,e2,e3,u,v,w,p,q,r,sec,nanosec,angle2,angle3,control_mode,std_test,x2,y2,z2,real_x2,real_y2,real_z2,time
-0.002291386001864737,0.07066929128722992,5.08972966070103,0.17933658808827224,-1.8085464971545546,4.926019438652266,-0.6297190504360956,0.0007644590117034721,0.0001902237430488764,-0.7768225646408639,-0.053868830613076304,-0.01776329595008815,-0.0009095021258900687,-0.00027476284287786257,0.0025016143126777024,0.0022623543600275298,2178,8000000,1.94,0,2,2,-0.3056253776788724,0.13338278706567833,4.918144727342859,-0.3041262035556172,0.13879036030345057,4.918151014974406,8.0108642578125e-05
-0.002291386001864737,0.07066929128722992,5.08972966070103,0.18433045253642982,-1.8169220729495403,4.925863415850232,-0.6294933623929596,0.0008820155032074257,9.351864292898686e-05,-0.7770053539108476,-0.04906176766669278,-0.01727816703914248,-0.0009759416630212162,4.480265793915805e-05,0.0011586833238652616,0.0038350851582436007,2178,215000000,1.92,0,2,2,-0.30369634032909937,0.1499980977283292,4.918128922922741,-0.30369634032909937,0.1499980977283292,4.918128922922741,0.22332429885864258
-0.009160726391858276,0.14123938972314432,5.179278617806867,0.18828019192565176,-1.8225069210547165,4.9258300823876935,-0.629207557625367,0.0008699171899739574,9.87783822777322e-05,-0.777236825500461,-0.028811245156794524,-0.016521437934193715,0.0005198324125548851,5.052506928393541e-05,-0.0012643495665543014,0.005205785009820829,2178,393000000,1.89,0,2,2,-0.3040899550666555,0.16336540876628025,4.918097908096496,-0.3040899550666555,0.16336540876628025,4.918097908096496,0.4115121364593506
-0.009160726391858276,0.14123938972314432,5.179278617806867,0.19136475296572567,-1.8246093626663502,4.926060696580958,-0.6288578273546248,0.0007380049221976605,0.0001884835571328794,-0.7775199372347337,-0.006230546241669375,-0.015764297936580157,0.002168992488218376,0.0002279249173398057,-0.002464718136252486,0.005924985498495516,2178,539000000,1.84,0,2,2,-0.3040899550666555,0.16336540876628025,4.918097908096496,-0.3044368729400991,0.1752492942077197,4.91824099842017,0.6101031303405762
-0.020593580356818464,0.21161144053362013,5.268466531635311,0.19359393189353222,-1.8232747226823152,4.926641491089158,-0.6284847816125718,0.0005706740056587327,0.0003148099971470857,-0.7778216084085365,0.015025104693780808,-0.015044558131875812,0.005072600094819792,3.9867066092824643e-05,-0.0026409824158690753,0.006001536621624837,2178,702000000,1.79,0,2,2,-0.3040899550666555,0.16336540876628025,4.918097908096496,-0.30447843243635414,0.18585513212845434,4.918628520567346,0.8063418865203857
-0.020593580356818464,0.21161144053362013,5.268466531635311,0.19504515318652468,-1.8188383114266122,4.927703281123879,-0.6281234454836905,0.00040322350031456373,0.0004455290666510593,-0.7781134725400639,0.033780272432920984,-0.014437438339404484,0.007944123760469272,4.871778891413214e-05,-0.0026410226155348937,0.005602798273685039,2178,865000000,1.74,0,2,2,-0.3041441888063065,0.1948978992283834,4.9193865178683,-0.3041441888063065,0.1948978992283834,4.9193865178683,1.007538080215454
-0.020593580356818464,0.21161144053362013,5.268466531635311,0.1957497943250618,-1.8127019853090216,4.929054710103318,-0.6278332644008846,0.0002678886271329648,0.0005707533296600209,-0.7783476052433442,0.04850491934784289,-0.013993042626149216,0.011288652058279044,-0.00029075148972879106,-0.0026108724114237702,0.005064216293249046,2179,21000000,1.69,0,2,2,-0.3041441888063065,0.1948978992283834,4.9193865178683,-0.30348140928027245,0.2025575839506618,4.920615151217598,1.2048261165618896
-0.03656591995530789,0.28168726406152494,5.357113789597273,0.1959824008854316,-1.8034046719850105,4.931197950560964,-0.627547750309702,0.00011308439130915571,0.0007004603620872941,-0.7785777531168183,0.06313817912557856,-0.013562496129522077,0.015101454933906374,0.00011631349110530209,-0.0024278300088553806,0.004067722920808592,2179,173000000,1.65,0,2,2,-0.3041441888063065,0.1948978992283834,4.9193865178683,-0.3026728988145539,0.2083093050708128,4.922170178858593,1.400223970413208
-0.03656591995530789,0.28168726406152494,5.357113789597273,0.19562838619127432,-1.7904785669458383,4.934300293041302,-0.6272967607667594,-5.7622159351959916e-05,0.0008239681022014294,-0.778779873704877,0.07686176930259063,-0.013232317161129992,0.01891516165919547,0.00012028726814605761,-0.0022528030967805535,0.0032201111935137305,2179,333000000,1.61,0,2,2,-0.3015338279083646,0.21397054167264976,4.924543864835312,-0.3015338279083646,0.21397054167264976,4.924543864835312,1.6121788024902344
-0.05704419012769257,0.3513696907347439,5.445041867912629,0.19446362619261653,-1.7716963004075157,4.939154256685392,-0.6270648709501503,-0.000252346977434473,0.0009630981669135493,-0.7789664026023171,0.0911645577293693,-0.012922132615489069,0.024715331694648925,0.00012665133510836313,-0.002026399852184113,0.002273301970490138,2179,511000000,1.57,0,2,2,-0.3015338279083646,0.21397054167264976,4.924543864835312,-0.3000329533030322,0.219330524749993,4.9279200107706345,1.8796236515045166
-0.05704419012769257,0.3513696907347439,5.445041867912629,0.19244803992764106,-1.748182088530704,4.945859825949982,-0.626900158394442,-0.00042428403402326026,0.0010814263579567562,-0.7790987369423172,0.10106902777429265,-0.012689501993793437,0.030693073138468425,0.00013083009378078714,-0.001523001037639915,0.0012255274214112433,2179,730000000,1.54,0,2,2,-0.3015338279083646,0.21397054167264976,4.924543864835312,-0.297964396231099,0.22478102388521715,4.933248591373006,2.173717498779297
-0.0819853924892815,0.4205628929340893,5.53207369113335,0.190042310320278,-1.7206031108622097,4.955691817199156,-0.6268534776124918,-0.0005732241717167001,0.0011761332283891394,-0.7791360636819497,0.09032815204291558,-0.012931949130075684,0.03867521044374661,0.0001486164677544366,-0.0006325859601474804,-0.0004621687139660935,2179,967000000,1.53,0,2,2,-0.29548421726912555,0.22966675157324298,4.940480172399626,-0.29548421726912555,0.22966675157324298,4.940480172399626,2.491875410079956
-0.0819853924892815,0.4205628929340893,5.53207369113335,0.18912549953714222,-1.7028811044457257,4.964913003419095,-0.6269417443940357,-0.0006024213140541158,0.0011733728145139782,-0.7790650225885911,0.0695385940120534,-0.01345285687096737,0.044577183000484084,0.0004398562879259771,0.00013890493448798225,-0.001450468630537216,2180,241000000,1.52,0,2,2,-0.29548421726912555,0.22966675157324298,4.940480172399626,-0.29244724866199856,0.23448459288662601,4.950951483102548,2.779142141342163
-0.1113371926862321,0.4891727127417653,5.618033988749895,0.18940392697130867,-1.690127545362272,4.975543119278035,-0.6270981958686073,-0.0006015155206747281,0.0011013403268377562,-0.7789392004302393,0.04472778296164397,-0.013880259518148327,0.05130776104322412,0.0004904963304852572,0.0006443293443680886,-0.002036615887845983,2180,476000000,1.54,0,2,2,-0.29548421726912555,0.22966675157324298,4.940480172399626,-0.2900378802053962,0.2379229981467287,4.960883733147372,3.032457113265991
-0.1113371926862321,0.4891727127417653,5.618033988749895,0.19064674711940363,-1.6839321388858457,4.98527630051847,-0.6272450123869131,-0.0005504862668051028,0.0010060915079703348,-0.7788211471066311,0.021705250559418365,-0.014356193279575121,0.05628919606632456,0.00045430633974774537,0.0013014769933761272,-0.002114991139023914,2180,684000000,1.56,0,2,2,-0.28764629717637524,0.24118635066754723,4.97219412855352,-0.28764629717637524,0.24118635066754723,4.97219412855352,3.2596616744995117
-0.14503805103201373,0.5571069845630509,5.702749648162685,0.1922329933973529,-1.681714052800544,4.993506126387253,-0.627344472333038,-0.0004937203577535411,0.000920839619229987,-0.7787411773675422,0.006093812776506509,-0.014604286325131253,0.06090188283407583,0.00043172722996587254,0.001419331829310977,-0.0015743427866254933,2180,864000000,1.59,0,2,2,-0.28764629717637524,0.24118635066754723,4.97219412855352,-0.2857346785265725,0.24381008949343375,4.982423592322212,3.460472345352173
-0.14503805103201373,0.5571069845630509,5.702749648162685,0.19529534025360387,-1.6819463623646758,5.006298925678609,-0.6274214987740095,-0.0004087481074028689,0.000784133102909786,-0.7786793184208997,-0.013128672559676332,-0.014897272980706611,0.06649987681477995,0.0005672982013038563,0.0016198563685065892,-0.0003987456011600443,2181,16000000,1.61,0,2,2,-0.2842971808461574,0.24588456018650404,4.991008266958521,-0.2842971808461574,0.24588456018650404,4.991008266958521,3.684591770172119
-0.1830173760811178,0.6242758516287834,5.786050063307847,0.19951137506257044,-1.6860029274214807,5.021751675850044,-0.627385630261932,-0.0002756872127475913,0.0006439100920165305,-0.7787084051923366,-0.029562297489768307,-0.01480497964686856,0.07351130093660849,0.00031954413657331315,0.0017528971852698305,0.0009432512570128893,2181,203000000,1.62,0,2,2,-0.2842971808461574,0.24588456018650404,4.991008266958521,-0.2823229148448116,0.2489055546064027,5.004107124560167,3.9589312076568604
-0.1830173760811178,0.6242758516287834,5.786050063307847,0.20439442053905119,-1.693220801759197,5.038598851737604,-0.6272791165406796,-0.00015405045493942929,0.0004983658110184578,-0.7787943488828871,-0.041490460105289645,-0.014626748880484337,0.07947824038658484,0.00020108607259317068,0.0016310189039359102,0.0016523371073162707,2181,422000000,1.62,0,2,2,-0.2842971808461574,0.24588456018650404,4.991008266958521,-0.280369826091814,0.25281963765260335,5.019762442484678,4.2519989013671875
-0.22519570073643536,0.6905920754040427,5.867767478235116,0.2094039410794633,-1.7015032090416693,5.056839069048252,-0.6270750007522572,-2.1615951326720825e-05,0.0003710593436576787,-0.7789587956235366,-0.03933553900578188,-0.013893638968472382,0.08584231824756576,0.00013464538852758778,0.0014730433235854434,0.002957756646537746,2181,656000000,1.61,0,2,2,-0.2842971808461574,0.24588456018650404,4.991008266958521,-0.2794140144171323,0.26057024818440866,5.036704055944692,4.501153945922852
-0.22519570073643536,0.6905920754040427,5.867767478235116,0.212393888535382,-1.7052180325147253,5.070853914876233,-0.6268473088972302,3.372174708051297e-05,0.00031458821624715265,-0.7791420610038957,-0.01595257533459895,-0.012876883701362644,0.08908992396011942,9.80336444911245e-05,0.0007415125537590939,0.004093749066669261,2181,864000000,1.58,0,2,2,-0.2842971808461574,0.24588456018650404,4.991008266958521,-0.27935182388243257,0.271570574322739,5.054993353231745,4.715924263000488
-0.27148488042758245,0.7559713369490784,5.947737324945997,0.2143835147074598,-1.7051540416618665,5.085416655704535,-0.6265662198687458,3.9855956921193574e-05,0.00023726353155870887,-0.7793681506431409,0.0104234897693553,-0.011721385765939504,0.09279566870221059,0.0009217634953984088,0.0006776888824333582,0.004837721189687727,2182,34000000,1.55,0,2,2,-0.27953260758454285,0.280178894209602,5.069095843303296,-0.27953260758454285,0.280178894209602,5.069095843303296,4.924249172210693
-0.27148488042758245,0.7559713369490784,5.947737324945997,0.21533880871999267,-1.7002656338129214,5.102477601691912,-0.6262182954257747,5.540199745472821e-05,0.00012903527641578002,-0.7796477581283443,0.038268193614461356,-0.010496620977304517,0.0964063036416988,0.0007471974242889701,0.001126890686009574,0.004981246775059844,2182,194000000,1.52,0,2,2,-0.27953260758454285,0.280178894209602,5.069095843303296,-0.2796647506207384,0.2882794821546749,5.083843250185401,5.124943971633911
-0.32178831283960463,0.8203325293019702,6.0257985548118125,0.2147629497035027,-1.6867790884349851,5.126300254818633,-0.62576817658456,5.655492996142799e-05,-0.00010582562329139431,-0.780009086342276,0.06994866432452414,-0.00921982349057687,0.1018365765974156,0.0015178977491814294,0.0011787657967943233,0.004542500437310082,2182,363000000,1.47,0,2,2,-0.27953260758454285,0.280178894209602,5.069095843303296,-0.2797269964903851,0.29673519458729586,5.101064522459448,5.4083099365234375
-0.32178831283960463,0.8203325293019702,6.0257985548118125,0.2124329968358398,-1.6668208570740408,5.151324391766061,-0.6253743062193066,7.022396972683759e-05,-0.00029306691505706504,-0.7803248594662983,0.0936580956465592,-0.007941620752689388,0.10668367477986776,2.373571647562578e-05,0.000752541956217101,0.0038727196624677163,2182,603000000,1.41,0,2,2,-0.27953260758454285,0.280178894209602,5.069095843303296,-0.27977675916067274,0.3071339492379861,5.125080445286748,5.711915493011475
-0.3760011786149793,0.8835980399786463,6.101793962904205,0.20915836753871755,-1.6448122747358587,5.175350833079308,-0.6250701261298977,0.00010911488783335733,-0.0003072176527464083,-0.7805685307077199,0.10446448294883974,-0.006756430582045764,0.11161497234614641,4.654251970492851e-05,0.00012945595670998955,0.0031468141060031485,2182,855000000,1.36,0,2,2,-0.27953260758454285,0.280178894209602,5.069095843303296,-0.27987968714932887,0.31683352182418134,5.150308133669247,6.026984214782715
-0.3760011786149793,0.8835980399786463,6.101793962904205,0.2061063768206994,-1.6244861040134013,5.200551470967117,-0.624888132624513,5.4610747129738035e-05,-0.0002997925573910497,-0.7807142427592426,0.08232683864514026,-0.006541391252158149,0.11739337336300708,0.0009900974816900998,-0.0008488116066018847,0.001531890268324787,2183,70000000,1.32,0,2,2,-0.27953260758454285,0.280178894209602,5.069095843303296,-0.28006121689557123,0.32536689679870257,5.174490868253596,6.279641389846802
-0.4340107023969413,0.9456940227146827,6.175570504584947,0.20464911689293164,-1.6132137477742827,5.219778557967873,-0.6248005724352834,-8.637565872004899e-05,-0.00032609395259587833,-0.7807843049693826,0.060898469718790815,-0.006446919141896293,0.12258560309325835,0.0013254310601951147,-0.0014440326026488037,0.0013204119795773295,2183,284000000,1.3,0,2,2,-0.27953260758454285,0.280178894209602,5.069095843303296,-0.2803833032781439,0.33368132466711237,5.199508205784808,6.4802446365356445
-0.4340107023969413,0.9456940227146827,6.175570504584947,0.20384439358957618,-1.6043113391970565,5.242358374365391,-0.6247241481070334,-0.00030158511780090075,-0.0003240999357812464,-0.7808454026102667,0.039134547604163454,-0.006343981306787737,0.12794599956270153,0.0014661115528724622,-0.002266395540573285,0.0008678988592691894,2183,437000000,1.29,0,2,2,-0.28075124039526367,0.33968212726574754,5.218226708719634,-0.28075124039526367,0.33968212726574754,5.218226708719634,6.701985597610474
-0.4956964335288987,1.006550657604654,6.246979603717467,0.20379667271633645,-1.5988732117177336,5.265977914444409,-0.6246453063023208,-0.0005747781753079723,-0.00036727893318333547,-0.7809083019476192,0.021479491389630675,-0.006130461796533526,0.1340695714679857,0.0022340232817441574,-0.001977453098334081,0.0013070077557131299,2183,625000000,1.29,0,2,2,-0.281301292473469,0.34642198851003064,5.2397391174202,-0.281301292473469,0.34642198851003064,5.2397391174202,6.945732593536377
-0.4956964335288987,1.006550657604654,6.246979603717467,0.2044026327201694,-1.5960402357118317,5.2931379853099,-0.6245229659627097,-0.000825197473097372,-0.0004430500849751692,-0.781005882014273,0.006280837805481124,-0.005618231509398516,0.13711099388740774,0.0019775345094785735,-0.001191109129194956,0.001745936936004,2183,815000000,1.3,0,2,2,-0.281301292473469,0.34642198851003064,5.2397391174202,-0.28206995386325345,0.35322798790903154,5.261781118410298,7.180917024612427
-0.5609305456733971,1.066102398828617,6.315877451879425,0.20540219711221838,-1.5957443111014489,5.320901395796674,-0.624378338268064,-0.0008557755760588468,-0.00030387787048558013,-0.7811215436844731,-0.004445323410837086,-0.004417196911565084,0.14031974973103495,-0.00121711337897068,-0.0010949521993097733,0.0019148660385326366,2184,9000000,1.3,0,2,2,-0.281301292473469,0.34642198851003064,5.2397391174202,-0.2831873787027867,0.3609124486691783,5.286887699910427,7.426463603973389
-0.5609305456733971,1.066102398828617,6.315877451879425,0.20655109055140303,-1.5972272230411817,5.349263946336643,-0.6242254068960543,-0.0008355415706084793,-0.00013795927486481434,-0.7812438314783533,-0.011582919327258304,-0.003216753674424097,0.14313045127683252,-0.0013402411354945798,-0.0007812685510089068,0.001989977590710623,2184,212000000,1.31,0,2,2,-0.281301292473469,0.34642198851003064,5.2397391174202,-0.28459103785583384,0.3687790166181985,5.312655716675654,7.677614450454712
-0.6295781545646726,1.1242882091915054,6.3821252979737295,0.20720339517139416,-1.598054490363878,5.375250175005832,-0.6240755233703732,-0.000838025634326162,-4.146682909354538e-05,-0.7813635755034483,0.0005184781585317685,-0.0016124451806410836,0.14544765126004877,-0.0007491047085750324,-0.0005353118240236654,0.0022237221401155693,2184,415000000,1.32,0,2,2,-0.281301292473469,0.34642198851003064,5.2397391174202,-0.2862265760594474,0.3768002946844744,5.338910758988051,7.9093499183654785
-0.6295781545646726,1.1242882091915054,6.3821252979737295,0.20683385221114428,-1.5956852161994728,5.401521450915942,-0.6239078942496101,-0.0007907577668482277,-1.0014667284735798e-05,-0.7814974818224802,0.02640541481954813,-5.36411518917797e-06,0.1461918104675169,-0.000564986640938514,0.000923017574905316,0.0025201059543178417,2184,591000000,1.32,0,2,2,-0.281301292473469,0.34642198851003064,5.2397391174202,-0.2879609326968889,0.3842081883090617,5.362959093545805,8.12837815284729
-0.7014976530615584,1.1810517807396756,6.445589727654783,0.20529786098331732,-1.5894203339832471,5.424968417973224,-0.623744955607695,-0.0006989485021471317,-0.0001376921989059203,-0.7816276113762897,0.05285501007893736,0.001572115582984977,0.14678107753448413,0.0007808321129232354,0.002708771671677823,0.0026737406642496353,2184,768000000,1.32,0,2,2,-0.2899666991736733,0.39182556082757286,5.387379168359437,-0.2899666991736733,0.39182556082757286,5.387379168359437,8.342301845550537
-0.7014976530615584,1.1810517807396756,6.445589727654783,0.20092190417927838,-1.5729018478750318,5.46024104887387,-0.6234858087302804,-0.0004507832720910096,-0.0004902234347923697,-0.7818343832215193,0.08700103178119194,0.0036327766086702356,0.14707328585098128,0.0017196006069752912,0.0038093078046586015,0.002889776919801079,2184,934000000,1.32,0,2,2,-0.2919927592652216,0.39879784863475587,5.409429576051072,-0.2919927592652216,0.39879784863475587,5.409429576051072,8.624395370483398
-0.7765410626225826,1.2363417407594561,6.506142932007222,0.19382648161557567,-1.5471565812999264,5.498591095856627,-0.623170162803847,-0.0002023136492263627,-0.0009704610448596537,-0.7820856509779314,0.11346154813719185,0.005676347650048189,0.14794381660919353,0.0017387583739036927,0.00338278384788282,0.003327960439492017,2185,169000000,1.3,0,2,2,-0.2954316673448146,0.4095424152195679,5.442920325658075,-0.2954316673448146,0.4095424152195679,5.442920325658075,8.954147100448608
-0.7765410626225826,1.2363417407594561,6.506142932007222,0.1860166180000674,-1.51971165046628,5.534165622177805,-0.6228375213959216,-3.389990282349879e-05,-0.0012702170512309094,-0.7823501820417913,0.11794412312829347,0.007150237002793307,0.14906951084720035,-0.0011896363730556914,0.0014664305354017415,0.0038807956570963142,2185,419000000,1.26,0,2,2,-0.2954316673448146,0.4095424152195679,5.442920325658075,-0.29974891913186813,0.4216429626701256,5.4797842051224475,9.25821042060852
-0.854554400282348,1.2901118425052371,6.56366296493606,0.17896989955032502,-1.4966095458905628,5.5671876623393555,-0.6224713372569014,5.832009940476908e-05,-0.0011507431648306275,-0.782641748619724,0.10038220972841386,0.008544119607351356,0.1513398525348321,-0.0014173144791129744,-0.0010597794130262628,0.004581470466291648,2185,669000000,1.24,0,2,2,-0.2954316673448146,0.4095424152195679,5.442920325658075,-0.3042648633799645,0.43318117990602106,5.514208087930225,9.517500877380371
-0.854554400282348,1.2901118425052371,6.56366296493606,0.1749299560269346,-1.4845263841375536,5.588481611444751,-0.6222010228114112,2.6800288372001897e-05,-0.0009995659399676569,-0.7828568754006762,0.08205879250809077,0.009213647266180675,0.1529462788030334,-0.0013551691836255486,-0.00218627164940699,0.005161292619959568,2185,881000000,1.22,0,2,2,-0.2954316673448146,0.4095424152195679,5.442920325658075,-0.3088878818450565,0.44409710662133606,5.5460795459208,9.711132049560547
-0.9353780601682047,1.34232114004921,6.618033988749895,0.17084863837506134,-1.4736373642675222,5.61313113636295,-0.6218597765173018,-0.00011010265164996115,-0.0008238925496021334,-0.7831281679446372,0.06318058619618362,0.010160201616484402,0.1553450029792942,-0.00018873541591801768,-0.003135431438749947,0.005725463597627822,2186,30000000,1.21,0,2,2,-0.2954316673448146,0.4095424152195679,5.442920325658075,-0.3120969223234696,0.4512153433533834,5.566534436108238,9.9158194065094
-0.9353780601682047,1.34232114004921,6.618033988749895,0.16724593003215285,-1.465546648725022,5.638205985164025,-0.6214897203619293,-0.0003158916023080359,-0.0006631058759211286,-0.7834219731329622,0.04681855503723037,0.011105667354137773,0.15794970163922223,0.00011157978860865114,-0.0032801084216771415,0.006016185079715797,2186,191000000,1.21,0,2,2,-0.2954316673448146,0.4095424152195679,5.442920325658075,-0.31600769117622685,0.4595065178220187,5.590042670949876,10.115228176116943
-1.0188472085586238,1.392934146691272,6.669146507442605,0.16401747518557921,-1.459806606630172,5.663730563875832,-0.6211224342272476,-0.0005514701546715185,-0.0005771905590945068,-0.7837131391212894,0.0335836245955148,0.012303554968614383,0.16100624221438872,0.0013867453162674792,-0.002614332606754033,0.005623977040158934,2186,348000000,1.21,0,2,2,-0.2954316673448146,0.4095424152195679,5.442920325658075,-0.3201467857431258,0.46794533690499246,5.6136208088032795,10.31412959098816
-1.0188472085586238,1.392934146691272,6.669146507442605,0.1610309812349274,-1.4559695545387301,5.689770923286258,-0.6207847592255307,-0.0007447938543380573,-0.0005494409673868352,-0.7839805011032084,0.022781106997189455,0.013521551180417066,0.16424068299525482,0.0010895652962972235,-0.0016725004911677388,0.0051830838401656365,2186,512000000,1.23,0,2,2,-0.2954316673448146,0.4095424152195679,5.442920325658075,-0.324530650147579,0.4765384673823074,5.637309336045846,10.511340141296387
-1.0188472085586238,1.392934146691272,6.669146507442605,0.1582034468060059,-1.4536716958647231,5.716348068058785,-0.6204860205111415,-0.0008960359295285708,-0.0005969389754960387,-0.7842167679498568,0.014449365128525935,0.01487615750799946,0.1677551236238481,0.0018580520759314822,-0.0006003760745443287,0.004310077883928898,2186,673000000,1.25,0,2,2,-0.2954316673448146,0.4095424152195679,5.442920325658075,-0.3291282917768503,0.48526614624062486,5.661067658547112,10.709464311599731
-1.1047921914498087,1.4419209764156529,6.716897587203732,0.15543764965801987,-1.452574571477251,5.743491564545147,-0.6202437016636547,-0.0009992366319606103,-0.0007074758288210467,-0.78440821741659,0.007727655206445784,0.016268777334638905,0.17121182461851814,0.0018202914247922308,0.00018971370820963784,0.003476995379969594,2186,830000000,1.29,0,2,2,-0.2954316673448146,0.4095424152195679,5.442920325658075,-0.33391888085724986,0.49410068329991463,5.684817204160411,10.911538124084473
-1.1047921914498087,1.4419209764156529,6.716897587203732,0.15269892612881103,-1.452471304602439,5.771164103600992,-0.6200605005135204,-0.0010467704434140874,-0.0008348264674698273,-0.7845528554784124,0.0021895749157823663,0.017491494618030325,0.17435205260146366,0.001446455382847489,0.0007823305395504576,0.0023874984435678925,2186,989000000,1.34,0,2,2,-0.2954316673448146,0.4095424152195679,5.442920325658075,-0.3389519094976788,0.5030817490732291,5.708593265446625,11.108253002166748
-1.1930389535650132,1.4892574679304111,6.761191063713476,0.14959946433351676,-1.4532710750055131,5.802910170502991,-0.619931240802775,-0.0011052550588534849,-0.001074830313345881,-0.7846546245500526,-0.002126191328025255,0.019013754154716456,0.17812926670637672,0.002779373835437582,0.0014322719152914942,0.0013883960150451458,2187,154000000,1.41,0,2,2,-0.2954316673448146,0.4095424152195679,5.442920325658075,-0.34421640569785017,0.5121954545734029,5.732367937351714,11.309596300125122
-1.1930389535650132,1.4892574679304111,6.761191063713476,0.14676178847753177,-1.454564992716129,5.831691175623909,-0.6198767895151506,-0.0011380250249710682,-0.001331008899162363,-0.7846972021963264,-0.005024604201092731,0.020312792704402723,0.18125502493394646,0.002600769425953331,0.0018035669313576363,0.00044302103674453974,2187,318000000,1.5,0,2,2,-0.35045202680404874,0.5226329468635394,5.759120189275673,-0.35045202680404874,0.5226329468635394,5.759120189275673,11.531034708023071
-1.1930389535650132,1.4892574679304111,6.761191063713476,0.14380561619082222,-1.456251886770032,5.861000878450745,-0.6198826494255986,-0.0011651867888130747,-0.0016262813803479999,-0.7846919768225743,-0.006655901738754365,0.02182353740572258,0.1848006999656254,0.0031130912702792557,0.0021876924620300997,-0.0005384618361858884,2187,493000000,1.6,0,2,2,-0.35045202680404874,0.5226329468635394,5.759120189275673,-0.3562852420021042,0.532074005491677,5.7828782649016235,11.718201875686646
-1.2834094677117545,1.5349252908769102,6.801937735804838,0.14029023572199548,-1.4565299771522637,5.890473114532542,-0.6199610032346456,-0.0011476181578646588,-0.0019033839294340005,-0.7846294759760637,0.017979273133138397,0.023158719822852204,0.18206913505836306,0.0022324891688185744,0.002593281487861532,-0.001941183427334181,2187,639000000,1.72,0,2,2,-0.35045202680404874,0.5226329468635394,5.759120189275673,-0.36243706522733654,0.5416866436775668,5.806643273359996,11.916944980621338
-1.2834094677117545,1.5349252908769102,6.801937735804838,0.13541595086944322,-1.4518729554874465,5.919172711355104,-0.6201134901819569,-0.001035422476390691,-0.0021731990701087675,-0.7845084221348098,0.05013042045894502,0.024196452317937295,0.17679867387780612,0.0015365620129159652,0.003777580332098296,-0.002736542774073314,2187,797000000,1.84,0,2,2,-0.35045202680404874,0.5226329468635394,5.759120189275673,-0.36888569086760437,0.5514589301583033,5.830391277345952,12.118699073791504
-1.3757221733659124,1.5789120338486013,6.839055545102902,0.12919285306700257,-1.442506204488643,5.947037311623023,-0.620276947631683,-0.0006120113892573842,-0.0021518888776036393,-0.7843796931671805,0.07884639040685566,0.0260319342724186,0.17186440794331703,-0.005112706958243507,0.004117208072784706,-0.0023769199287926313,2187,962000000,1.95,0,2,2,-0.3756030014071719,0.5613631899478929,5.854060555826364,-0.3756030014071719,0.5613631899478929,5.854060555826364,12.319334745407104
-1.3757221733659124,1.5789120338486013,6.839055545102902,0.1196307646972478,-1.4251631520789838,5.980761805451378,-0.6203938438855431,3.192444282588752e-06,-0.0020234463519210955,-0.7842878196960535,0.1087234865329167,0.028137844353671494,0.16595766056190595,-0.004308470715841395,0.003943596630051616,-0.0006192361468038143,2188,128000000,2.04,0,2,2,-0.3756030014071719,0.5613631899478929,5.854060555826364,-0.38261271315023176,0.5714196742539748,5.877665946683868,12.548632860183716
-1.4697924233383954,1.6212112739117432,6.872469741279474,0.1059520034294744,-1.397733273159279,6.019781367169666,-0.6202526269405819,0.0005422851539672407,-0.002023976806619865,-0.7843993168138312,0.13468153164234742,0.030800806436422735,0.16024751211310406,-0.0017498450915809372,0.0028554183245432796,0.0035699308000403107,2188,318000000,2.13,0,2,2,-0.3756030014071719,0.5613631899478929,5.854060555826364,-0.3917478622948168,0.5841439607869353,5.907002707243679,12.841010808944702
-1.4697924233383954,1.6212112739117432,6.872469741279474,0.09076559744671402,-1.3665313273701591,6.05756656523281,-0.6197213269875357,0.0008436035034960957,-0.002013548250273612,-0.784818903208492,0.14118487283050768,0.032935294812138284,0.15627106924558698,-0.0020325111563579412,0.000688134144866126,0.008020416680665221,2188,565000000,2.2,0,2,2,-0.4032355114076851,0.5996503902954335,5.941963111628959,-0.4032355114076851,0.5996503902954335,5.941963111628959,13.13228726387024
-1.5654329373598825,1.6618226273749341,6.902113032590307,0.07539670961185961,-1.3373039614719602,6.094805443189789,-0.6187078280184158,0.00089465501399403,-0.0017645179289602286,-0.7856186795243724,0.1246942244405496,0.035164239363699605,0.15475205082256943,-0.0013162587720216834,-0.0022057851538193063,0.012815612899430562,2188,800000000,2.24,0,2,2,-0.4032355114076851,0.5996503902954335,5.941963111628959,-0.4153616255818713,0.6154482380426712,5.976661600070315,13.420437574386597
-1.5654329373598825,1.6618226273749341,6.902113032590307,0.06294525908367174,-1.3161644987692172,6.125470451322924,-0.617597658159344,0.0007341517097339922,-0.001485744728752291,-0.7864924578277671,0.10984469455847427,0.03641722751454463,0.15275951144242553,-0.001149278330103698,-0.003504204573800962,0.015046721546241315,2189,44000000,2.29,0,2,2,-0.4032355114076851,0.5996503902954335,5.941963111628959,-0.4281295169256575,0.6315332779935218,6.011056246598414,13.68004584312439
-1.6624542614021296,1.7007517816093567,6.9279257213917065,0.05218119852760371,-1.3003236803857545,6.152876412527719,-0.6164285471172986,0.0005304217619916793,-0.0011846542141665624,-0.7874097799405362,0.09040649918308638,0.03801877548283299,0.1522239234584863,-0.0011827925391116878,-0.004120533731111209,0.0174171738763107,2189,251000000,2.35,0,2,2,-0.4032355114076851,0.5996503902954335,5.941963111628959,-0.4391961693446743,0.6451037990408534,6.039408456715255,13.90000605583191
-1.6624542614021296,1.7007517816093567,6.9279257213917065,0.04528139236325847,-1.2916541156652597,6.171119622051176,-0.6156120676869885,0.00037495960352239483,-0.0009931693586574678,-0.7880486375459774,0.07799502145721891,0.03902569410320515,0.15213271674329137,-0.0007794076338996092,-0.0038851947010698495,0.017004088113026228,2189,424000000,2.42,0,2,2,-0.44954125358785724,0.6574655139327263,6.06469008385759,-0.44954125358785724,0.6574655139327263,6.06469008385759,14.146918773651123
-1.760665231540428,1.7380105077773131,6.949855824363647,0.03420915950958905,-1.2802806640184021,6.201557729093336,-0.6143295618584501,8.453757539601044e-05,-0.0007919199007330179,-0.7890491462152873,0.06058064371846208,0.04102017540212718,0.15248465937236938,0.0009493971219853847,-0.0030817047900200123,0.015367610831162892,2189,552000000,2.47,0,2,2,-0.44954125358785724,0.6574655139327263,6.06469008385759,-0.45661251233837497,0.6657647798834466,6.081395725483616,14.406023025512695
-1.760665231540428,1.7380105077773131,6.949855824363647,0.024509642371461696,-1.2725459707208593,6.228818362199296,-0.6133576657029826,-0.0001387617486587357,-0.0007290655823200558,-0.7898049272649178,0.0498897839755756,0.04250735797320656,0.1505348271785466,0.0008852131884395931,-0.0019927405901398743,0.0125648367429676,2189,757000000,2.49,0,2,2,-0.4699863738508217,0.681115425719269,6.111702219432015,-0.4699863738508217,0.681115425719269,6.111702219432015,14.612876176834106
-1.8598734411511666,1.77361665438275,6.967859177197259,0.013870160821744325,-1.2660969368827353,6.2587539532361784,-0.6124218566628481,-0.00019659220785723174,-0.0005138554317447926,-0.7905309398029459,0.03989826199352226,0.044799484627636756,0.14888204151164441,-0.001903640509226534,-0.0016745963421271881,0.011298525168967899,2189,928000000,2.65,0,2,2,-0.48008732930970194,0.6924084487132462,6.133475542392393,-0.48008732930970194,0.6924084487132462,6.133475542392393,14.847822427749634
-1.8598734411511666,1.77361665438275,6.967859177197259,0.004083950286650536,-1.261092091552698,6.285295567953902,-0.6117247768055144,-0.00020076937351072655,-0.0002924866146017959,-0.79107058571627,0.04105225362591713,0.04662291538542243,0.146165695534427,-0.0018126809891327866,-0.0014220612570170488,0.008835299468046287,2190,126000000,2.75,0,2,2,-0.48008732930970194,0.6924084487132462,6.133475542392393,-0.4931556169025263,0.7066722587174754,6.160382214510302,15.072374820709229
-1.9598857102310134,1.8075941216139089,6.981899523535869,-0.006279789659479833,-1.2552792881009536,6.311312008549145,-0.6111815501555148,-0.00018394771054932116,-0.00011328774239708527,-0.7914904080774631,0.05039829797162267,0.04853592127943752,0.14302914665650981,-0.0015845905295464036,-0.0007436215526013257,0.006783573417123989,2190,308000000,2.83,0,2,2,-0.5052716798045238,0.7196119889795012,6.184252589137426,-0.5052716798045238,0.7196119889795012,6.184252589137426,15.279238939285278
-1.9598857102310134,1.8075941216139089,6.981899523535869,-0.017443203677572246,-1.2477456623079095,6.336747991213482,-0.6107763631722792,-0.00013259965431586403,-2.302745606575551e-06,-0.7918031425815842,0.06139074346396659,0.05017791479417775,0.13975108553683974,-0.0012010743375867605,6.322567500660625e-05,0.004897640610579401,2190,480000000,2.9,0,2,2,-0.5052716798045238,0.7196119889795012,6.184252589137426,-0.5177294024947479,0.7326558833948932,6.207786014656324,15.505025148391724
-1.9598857102310134,1.8075941216139089,6.981899523535869,-0.03272288056728498,-1.2339306038941706,6.366793209791849,-0.610525512484473,9.948372254589276e-07,-4.510532177327969e-05,-0.7919965887363983,0.09261077894847716,0.05214368868571784,0.1337450544941804,-5.844227075613162e-05,0.0019355593394720927,0.0019671660083986353,2190,664000000,2.97,0,2,2,-0.5052716798045238,0.7196119889795012,6.184252589137426,-0.5304969118039594,0.7457754046229155,6.230953872779881,15.765871047973633
-2.060508555620081,1.8399728165048486,6.991948587990478,-0.0513366521436928,-1.2133921040656566,6.398225171084937,-0.6102693511400094,0.0001798440563135143,-0.00020709213618074694,-0.7921939433169848,0.10791232485394828,0.054117810495873,0.12886767017570472,0.0007150424721658055,0.0018691363948164508,0.004048423943459056,2190,881000000,3.01,0,2,2,-0.5052716798045238,0.7196119889795012,6.184252589137426,-0.5465082570551316,0.7619156317987983,6.258763982349446,16.077744483947754
-2.060508555620081,1.8399728165048486,6.991948587990478,-0.06905965248790433,-1.1936296773373776,6.426246927141352,-0.6097645584304567,0.00025625326986168943,-0.0003738536873985499,-0.792582473847228,0.10488697625912398,0.055769504105097255,0.12643453073172148,0.001413800225691375,0.0011623388672887813,0.007715243009442929,2191,125000000,3.04,0,2,2,-0.5052716798045238,0.7196119889795012,6.184252589137426,-0.5646215726110589,0.7797364394184224,6.2884632049065825,16.356149435043335
-2.161548660910534,1.8707885889991491,6.997986133082629,-0.08343632851393397,-1.1793715108901495,6.44897356724442,-0.609018676364427,0.00023156214717390817,-0.0005280930556186617,-0.793155671565184,0.09026542565019531,0.05777382501229918,0.12623275911697981,0.0013941097336100938,0.000500394412483729,0.01217902736243559,2191,352000000,3.07,0,2,2,-0.5052716798045238,0.7196119889795012,6.184252589137426,-0.5818560425220314,0.7962674937379257,6.315065328657878,16.56673836708069
-2.262813344824469,1.90008314905552,7.0,-0.09594078534980026,-1.1689314427879085,6.469172798448618,-0.6081302651621089,0.00014782081324585911,-0.0006432530469140334,-0.7938369763171703,0.0768975486824515,0.05941200360403154,0.12637431791392023,0.0017894512097882398,-0.00036071009787974617,0.0154019342517131,2191,523000000,3.12,0,2,2,-0.5052716798045238,0.7196119889795012,6.184252589137426,-0.5963152333262118,0.80989079584519,6.336361559465784,16.76925301551819
-2.262813344824469,1.90008314905552,7.0,-0.10820543263539938,-1.160514118177208,6.489415844560159,-0.6071142363814727,-1.2496601192232251e-05,-0.000782537709108333,-0.7946141777375421,0.06560138447879788,0.061222984872011256,0.1266792357463513,0.0028090658588553197,-0.0006372243092300778,0.016251812667178456,2191,687000000,3.18,0,2,2,-0.5052716798045238,0.7196119889795012,6.184252589137426,-0.6094539019844726,0.8220708258387394,6.354922680644273,16.972673416137695
-2.262813344824469,1.90008314905552,7.0,-0.12037795164211304,-1.1537639633938692,6.509726620542417,-0.6061130844987994,-0.0001960412661902301,-0.000944607861144997,-0.7953778964009257,0.056675400761076314,0.06359664433163537,0.12712151084264167,0.0029662450742762303,-0.0005423827985850949,0.015079371405590791,2191,848000000,3.27,0,2,2,-0.5052716798045238,0.7196119889795012,6.184252589137426,-0.6228344716924623,0.8343018303164147,6.373117541264673,17.182061433792114
-2.364111026850532,1.9279039649910998,6.997986133082629,-0.13411484872222934,-1.147776447135775,6.532671534591492,-0.6051209250720992,-0.000378905538012647,-0.0011304023491650152,-0.7961326803121507,0.048663605360159984,0.06609301454321262,0.12760865153821319,0.002683964135030692,-0.00023598881284669915,0.0127304708257725,2192,15000000,3.37,0,2,2,-0.5052716798045238,0.7196119889795012,6.184252589137426,-0.6364445621972769,0.8465670194111194,6.390944875945136,17.383246660232544
-2.364111026850532,1.9279039649910998,6.997986133082629,-0.14637452330720463,-1.143626053718178,6.553137704858693,-0.6043918753506076,-0.0004917093821071259,-0.0012728718575762878,-0.7966860103135319,0.04280534696605461,0.06805563768980959,0.12792294459670348,0.002009644003919675,6.926136819629392e-05,0.010391436626377981,2192,180000000,3.49,0,2,2,-0.5052716798045238,0.7196119889795012,6.184252589137426,-0.6521118038022119,0.8604514239745582,6.410538464426025,17.58510661125183
-2.4652516889375873,1.9543041433138177,6.991948587990478,-0.16029838913602165,-1.1400072257270175,6.576222528135929,-0.603784903802139,-0.000618363816197031,-0.0014955609664521897,-0.7971456396821273,0.03803957455811348,0.07066795546432078,0.12821887696434028,0.0028907331397931557,0.0005927934637384169,0.006839362686150707,2192,350000000,3.6,0,2,2,-0.6663115577172093,0.8728468346493027,6.427542439488766,-0.6663115577172093,0.8728468346493027,6.427542439488766,17.79997730255127
-2.4652516889375873,1.9543041433138177,6.991948587990478,-0.17286775865569642,-1.137504992457538,6.59679141821284,-0.6034307561669542,-0.0007066234728095276,-0.0017173162360537612,-0.7974132391802827,0.034779569854928825,0.07274853479008633,0.12845523272395323,0.002695273860808811,0.0009015574448767438,0.004615490752257756,2192,529000000,3.73,0,2,2,-0.6663115577172093,0.8728468346493027,6.427542439488766,-0.6826042593380304,0.8868484357133012,6.4462034319785495,17.997350931167603
-2.4652516889375873,1.9543041433138177,6.991948587990478,-0.18599271161566353,-1.1337952865211494,6.616990822872606,-0.6033587778345936,-0.0007367423009435908,-0.001910069311453187,-0.7974672369796473,0.058409569438454455,0.07310858898325903,0.1226376706013351,0.0019077097817898903,0.0015093456681825046,-0.0025806970825215103,2192,680000000,3.84,0,2,2,-0.6973767318016146,0.8993554614667658,6.462363134108722,-0.6973767318016146,0.8993554614667658,6.462363134108722,18.194729566574097
-2.566047332055854,1.9793422903500921,6.981899523535869,-0.20039751987218316,-1.125442083524649,6.635996477031536,-0.6037138981473819,-0.000700441954032978,-0.002127809349955429,-0.7971979120595661,0.08851354352316064,0.07279487384980765,0.11501471863406283,0.00188583769613615,0.0024549173531340784,-0.007691588416491868,2192,845000000,3.93,0,2,2,-0.6973767318016146,0.8993554614667658,6.462363134108722,-0.7124475677962466,0.9119368189909695,6.478106624811635,18.398260593414307
-2.566047332055854,1.9793422903500921,6.981899523535869,-0.2159701983399854,-1.1126575749981122,6.653794626997005,-0.6042903850922712,-0.0006039811235136608,-0.0023774468187704343,-0.7967603864641244,0.11534455441082148,0.07240173476037577,0.10769535585727778,0.0016930841866269475,0.0031765543099027127,-0.009914490055962233,2193,11000000,3.99,0,2,2,-0.727813614351596,0.9245814979002669,6.49341818361031,-0.727813614351596,0.9245814979002669,6.49341818361031,18.590952396392822
-2.666312426451162,2.0030823560282602,6.967859177197259,-0.2390926476525072,-1.088951155475279,6.6763929006731315,-0.6048927635937127,-0.00017708617249451207,-0.002305579707524358,-0.796303583750984,0.14563175837468695,0.0731853825720896,0.09823448789631763,-0.003842616956717393,0.0020687023834398133,-0.002735716020652035,2193,163000000,4.01,0,2,2,-0.727813614351596,0.9245814979002669,6.49341818361031,-0.7434149743889075,0.9372596237527481,6.508312655818555,18.87349033355713
-2.666312426451162,2.0030823560282602,6.967859177197259,-0.26867780164338556,-1.0538366656477762,6.70048375897257,-0.6046520290789739,0.0002161650764045069,-0.0020972172403822538,-0.7964869607741147,0.17194832556138792,0.07425919646289453,0.08810343028332826,-0.0024425467699984438,0.0008316802905028453,0.007196377009677235,2193,394000000,4.03,0,2,2,-0.727813614351596,0.9245814979002669,6.49341818361031,-0.7652888599841632,0.9547474870124392,6.528089437554399,19.18002414703369
-2.765864354436398,2.025593460231259,6.949855824363647,-0.29759592847514954,-1.017068695024504,6.720534381486922,-0.6035446093299847,0.00038417852427878433,-0.0019322083525226833,-0.797326798449958,0.18301074043289925,0.07549206841117043,0.08047028070876877,-0.0008047445021475141,-0.0003826058105005359,0.0164775303346687,2193,656000000,4.09,0,2,2,-0.727813614351596,0.9245814979002669,6.49341818361031,-0.791640410361738,0.9754475499627564,6.550404228143394,19.49064612388611
-2.765864354436398,2.025593460231259,6.949855824363647,-0.32672570929479267,-0.9814210249873123,6.739195741488955,-0.6013172536015048,0.00027220933482250624,-0.0018195664600608352,-0.7990082450144798,0.16726363364594216,0.07703519230409998,0.07618226084512261,0.0019681883600242145,-0.001851796923801885,0.028702517556666862,2193,893000000,4.18,0,2,2,-0.727813614351596,0.9245814979002669,6.49341818361031,-0.8164531262039225,0.9946047488946602,6.569916778638938,19.778594732284546
-2.8645238445856744,2.046949702184108,6.9279257213917065,-0.3480212901340083,-0.958339289202304,6.752709183038349,-0.5989526143556984,1.2326247103952755e-05,-0.0018719711549493462,-0.8007822808532495,0.14648095175593806,0.07872112054387252,0.07443162581827316,0.002114029302902054,-0.00215070215290325,0.0354423958924599,2194,123000000,4.34,0,2,2,-0.727813614351596,0.9245814979002669,6.49341818361031,-0.841833981794635,1.013861185444665,6.588369326751027,20.0022029876709
-2.8645238445856744,2.046949702184108,6.9279257213917065,-0.37092705132362064,-0.9371384017047072,6.767471630440505,-0.5959126833026177,-0.0003217745910378156,-0.001971497873100975,-0.803046750529708,0.1235694246321791,0.08053242839514814,0.07332384271938161,0.003166032888657355,-0.002128115625055216,0.03924998381990008,2194,304000000,4.51,0,2,2,-0.8612780981038322,1.0283689621998413,6.601502825591338,-0.8612780981038322,1.0283689621998413,6.601502825591338,20.243438482284546
-2.9621153962212468,2.067229953392476,6.902113032590307,-0.3932043170845795,-0.9201603952773413,6.782016729751143,-0.5928720106110369,-0.0006817320612032349,-0.0021638989517244224,-0.8052935066277077,0.1055727999298081,0.08295421328083584,0.07182168645112733,0.0032196857091548736,-0.001645330814881163,0.03644993994385004,2194,503000000,4.76,0,2,2,-0.8832397329841597,1.044531733552173,6.615385875964627,-0.8832397329841597,1.044531733552173,6.615385875964627,20.488717079162598
-2.9621153962212468,2.067229953392476,6.902113032590307,-0.4172194140790197,-0.9046868139238259,6.7973289662670195,-0.5900082836101578,-0.0009511312544303261,-0.0022865841034566165,-0.807393393677376,0.09516620311834399,0.0837298107941122,0.06706494205387795,0.0005808206566371155,-0.001274862904665497,0.029474549410224427,2194,707000000,5.04,0,2,2,-0.9055785554472812,1.060747308562443,6.628495474499191,-0.9055785554472812,1.060747308562443,6.628495474499191,20.756439685821533
-3.0584676931106722,2.086517634697958,6.872469741279474,-0.44107920640387216,-0.8910781830795803,6.811522760776873,-0.587578591481188,-0.0010466818993757994,-0.0021876114730553092,-0.8091634678147719,0.08995479360439543,0.08522656280114885,0.06162537606186291,-0.0004118424641319507,-0.001327185213995108,0.025264899704779964,2194,926000000,5.32,0,2,2,-0.9304991438949358,1.0786052372631556,6.642048097119594,-0.9304991438949358,1.0786052372631556,6.642048097119594,21.004860401153564
-3.0584676931106722,2.086517634697958,6.872469741279474,-0.4629074902991358,-0.8792900499567268,6.823372953484002,-0.5857682027379985,-0.0011286846946104425,-0.0020787774429384762,-0.8104751800125021,0.09026123442679171,0.08598224535381169,0.056495477611126034,-0.00028721349565330456,-0.0013275044466354302,0.020347873760329094,2195,137000000,5.56,0,2,2,-0.9304991438949358,1.0786052372631556,6.642048097119594,-0.955818287025452,1.096477863537171,6.654631425826337,21.260469913482666
-3.153414005322026,2.1049004780634597,6.839055545102902,-0.48960647091317216,-0.8647696881859842,6.836188833531813,-0.5839991906245081,-0.0012323313942661236,-0.001996504292837038,-0.8117508488938356,0.09328569134449344,0.08736985266194552,0.05011812280325969,0.0007381665398042969,-0.0009155476959676889,0.01702205918263644,2195,352000000,5.75,0,2,2,-0.9304991438949358,1.0786052372631556,6.642048097119594,-0.9791981152028291,1.1127498610303264,6.665205315240936,21.531224489212036
-3.153414005322026,2.1049004780634597,6.839055545102902,-0.516596459070836,-0.8508676441682219,6.84768810788953,-0.5823667384130489,-0.0013599942125781907,-0.0020539849890047943,-0.8129224523603431,0.08749260645542856,0.08928442480002535,0.045267742178256756,0.0016893035535758827,-0.00023767514676364954,0.01681875619397033,2195,583000000,5.94,0,2,2,-1.0076380999787469,1.1322824838356707,6.6768036510089575,-1.0076380999787469,1.1322824838356707,6.6768036510089575,21.807836055755615
-3.2467925782181,2.1224702737481547,6.801937735804838,-0.5435605124689631,-0.8391093611001686,6.858116014050625,-0.5807194003641495,-0.0014593473873564986,-0.0022192027806158927,-0.8140994555242768,0.08325522746182663,0.09130485123166222,0.040336376766175346,0.0012431062941686832,-0.00015466656861917727,0.015323971001635073,2195,818000000,6.11,0,2,2,-1.0076380999787469,1.1322824838356707,6.6768036510089575,-1.036521326442008,1.1518334033944682,6.68721742249184,22.11798119544983
-3.2467925782181,2.1224702737481547,6.801937735804838,-0.5643008388072567,-0.8291564772102124,6.864932753280052,-0.5797494402649619,-0.001563047020185729,-0.0022810942646447384,-0.814790120218349,0.09552746344735523,0.09081744262359352,0.034863018370438245,0.001240114920619817,-0.0008110084195322997,0.011931272456422448,2196,68000000,6.27,0,2,2,-1.065820191047705,1.171393341348106,6.696465730883482,-1.065820191047705,1.171393341348106,6.696465730883482,22.34291672706604
-3.3384470076063275,2.139322603575742,6.761191063713476,-0.5903847598409299,-0.8152058872483846,6.872001077758146,-0.5786487939979743,-0.0017136037417913171,-0.0023394813120935836,-0.8155716790044245,0.103103335932005,0.09155318983920309,0.028578620442619294,0.001034984484249435,-0.000879439789969183,0.011607788655965123,2196,254000000,6.37,0,2,2,-1.065820191047705,1.171393341348106,6.696465730883482,-1.0880372452225382,1.1860576849804836,6.702634950734917,22.601566076278687
-3.4282266000996273,2.155556561042014,6.716897587203732,-0.6177534278368393,-0.7973739457863636,6.877489896670005,-0.5780147375777687,-0.0018625329715134466,-0.002369328692911631,-0.8160207597821136,0.12854438820837516,0.09020548168399066,0.02076966651119254,0.0014336646131596353,-0.0009782237498257018,0.005859567363586393,2196,460000000,6.49,0,2,2,-1.065820191047705,1.171393341348106,6.696465730883482,-1.1154730639062571,1.2039925581314945,6.709248332882101,22.882548093795776
-3.4282266000996273,2.155556561042014,6.716897587203732,-0.6489460025252171,-0.7741394645885349,6.881702968490254,-0.577153226886794,-0.002066970138444613,-0.0024647964127295008,-0.8166295396979288,0.137736190716402,0.09093254305482469,0.013615989896792097,0.002269623541906185,-0.0008094397458080493,0.011726622142305132,2196,696000000,6.55,0,2,2,-1.065820191047705,1.171393341348106,6.696465730883482,-1.143331234974889,1.2219609771400706,6.714782407743587,23.17115020751953
-3.5159867177842017,2.1712744590479565,6.669146507442605,-0.6779838574377554,-0.7528633060639263,6.884206054925052,-0.5757833079895354,-0.002263506317254326,-0.0026524137902645168,-0.8175949018192719,0.13214045121834053,0.09299817166982863,0.008262289676871612,0.0035387833349886932,-0.00023343144022192064,0.0184209620783804,2196,932000000,6.63,0,2,2,-1.065820191047705,1.171393341348106,6.696465730883482,-1.174078556537213,1.2415478657547894,6.71968102089109,23.442834615707397
-3.5159867177842017,2.1712744590479565,6.669146507442605,-0.7066972146664467,-0.7344614603929628,6.885802482003018,-0.5736456570088024,-0.002479396932715745,-0.0030509571349998004,-0.8190941364985771,0.11495949326502782,0.09578661037691552,0.004863026464670893,0.004358381647762144,0.0007786482115079707,0.027076888181909453,2197,150000000,6.76,0,2,2,-1.2025842936808073,1.2595049549264696,6.723069912353139,-1.2025842936808073,1.2595049549264696,6.723069912353139,23.705573558807373
-3.601589106333697,2.1865815260826293,6.618033988749895,-0.7298167848916257,-0.7222691822717491,6.88653686418688,-0.5715112809540336,-0.0026137698451373656,-0.0034376860651565587,-0.8205828454604652,0.10176322930559425,0.09858856050183377,0.0018237707276089865,0.004127393367525656,0.001266256685994449,0.030056162177061196,2197,376000000,6.97,0,2,2,-1.231428919321725,1.277468668221643,6.7253808954937675,-1.231428919321725,1.277468668221643,6.7253808954937675,23.93817448616028
-3.601589106333697,2.1865815260826293,6.618033988749895,-0.7529138942123164,-0.7111106774390247,6.886587335740744,-0.5694927441068667,-0.0027097375475381965,-0.0036611365159125832,-0.8219837393838554,0.10584787701447321,0.09825564584347934,-0.0030134969124781716,0.002158296888410405,-0.00034898078808964783,0.02461737094563432,2197,549000000,7.18,0,2,2,-1.2552712521163925,1.2921784277793416,6.72644082506571,-1.2552712521163925,1.2921784277793416,6.72644082506571,24.167574167251587
-3.6849022057545957,2.201585591715769,6.56366296493606,-0.7791418076482906,-0.6970650214493489,6.8854811924648525,-0.567740563522487,-0.0028610531723795114,-0.0037234409056052095,-0.8231941465375807,0.11796828876683933,0.09737787248104711,-0.00961629894995431,0.0011974897233812953,-0.001414857763393229,0.018770322640193626,2197,728000000,7.39,0,2,2,-1.2792675923379424,1.3068700172432435,6.7268072200951465,-1.2792675923379424,1.3068700172432435,6.7268072200951465,24.402755737304688
-3.6849022057545957,2.201585591715769,6.56366296493606,-0.8090854608891624,-0.6782150104324688,6.882725474889186,-0.566497216359825,-0.003096489268339027,-0.0037095894676927696,-0.824049485502395,0.1378286653702651,0.09570425222744564,-0.017126226722616603,0.001137700337494607,-0.0021585097556453547,0.010816136455105152,2197,917000000,7.58,0,2,2,-1.2792675923379424,1.3068700172432435,6.7268072200951465,-1.306143346992834,1.323177919080899,6.7263271646255145,24.68035364151001
-3.7658014429954756,2.2163967622933605,6.506142932007222,-0.8431566433430877,-0.6533858190341632,6.877820065572197,-0.5655121758167179,-0.003407660209242385,-0.003698768020867282,-0.8247246122009866,0.153528373749295,0.09484309729574533,-0.025207693611387017,0.0027555094675335567,-0.0020657915229094215,0.011328982782288222,2198,153000000,7.72,0,2,2,-1.2792675923379424,1.3068700172432435,6.7268072200951465,-1.335899308476536,1.3410648299251926,6.724817353578308,24.972965240478516
-3.7658014429954756,2.2163967622933605,6.506142932007222,-0.8778131661568609,-0.6274247612200118,6.871323278832274,-0.5639710641557403,-0.0037620414578000555,-0.0038967793910271165,-0.8257767863953849,0.15037477656993464,0.09576825150660538,-0.030997716132872406,0.003915767410944682,-0.0008902634135665721,0.020095227591809817,2198,393000000,7.82,0,2,2,-1.3686740494613736,1.3605454892905815,6.721944467568318,-1.3686740494613736,1.3605454892905815,6.721944467568318,25.251240015029907
-3.8441695057023733,2.23112708776023,6.445589727654783,-0.909247268720509,-0.606067865216682,6.864265863406194,-0.5616449326148499,-0.003987233261081089,-0.004259701312936931,-0.8273577984062922,0.1371328466628607,0.09778936446197253,-0.03562238002042241,0.00348828550613689,0.00033425492915739596,0.028666866091953125,2198,621000000,7.98,0,2,2,-1.3686740494613736,1.3605454892905815,6.721944467568318,-1.401811883725481,1.3800295142291021,6.717735983057336,25.520796537399292
-3.8441695057023733,2.23112708776023,6.445589727654783,-0.9403657386656934,-0.5864375497464672,6.856186964055718,-0.5589327246784597,-0.004170695773030498,-0.004573181890181744,-0.829189906226361,0.1329499005659161,0.09770764143155228,-0.04034260438270273,0.003820311349045369,6.86292475293726e-05,0.030899174817022868,2198,848000000,8.23,0,2,2,-1.4324622142220755,1.3978973302041686,6.712730908446968,-1.4324622142220755,1.3978973302041686,6.712730908446968,25.780100345611572
-3.9198965964540973,2.245890220561861,6.3821252979737295,-0.9710931285854482,-0.5688801494904421,6.847119240784937,-0.5559300225329192,-0.004329957811328259,-0.004986794250617052,-0.8312028593520367,0.12225979308286852,0.09906812339847221,-0.044809078359037455,0.0031167104452833883,0.0007655480089852063,0.033004135548253544,2199,68000000,8.52,0,2,2,-1.4324622142220755,1.3978973302041686,6.712730908446968,-1.4633175128171818,1.4157481353932704,6.706674812288718,26.05407977104187
-3.9198965964540973,2.245890220561861,6.3821252979737295,-1.0016270962662113,-0.5525045759632925,6.837056424537957,-0.5531897058379994,-0.0044684247576222726,-0.00525221707685144,-0.8330267683279035,0.12096810448052767,0.09881457655796275,-0.04949750997466552,0.003090155178142595,-7.629387006602428e-05,0.02836938037944492,2199,284000000,8.84,0,2,2,-1.4324622142220755,1.3978973302041686,6.712730908446968,-1.4943562596794495,1.4335818759923222,6.699558301124665,26.314607620239258
-3.992880666864581,2.2608010676031918,6.315877451879425,-1.0319635286890314,-0.5374887495266679,6.825957392474179,-0.5505837978819904,-0.004610160842031497,-0.00559028512836335,-0.8347484511150874,0.11216673112766977,0.10027353026215806,-0.05420268511196128,0.003949237634515157,0.0008235707866788289,0.028111591382184997,2199,502000000,9.14,0,2,2,-1.4324622142220755,1.3978973302041686,6.712730908446968,-1.5255299305696524,1.4513615896330878,6.691456657062942,26.585395574569702
-3.992880666864581,2.2608010676031918,6.315877451879425,-1.0591182879288745,-0.5261030230952095,6.815080889273745,-0.5482997251516817,-0.004710002603861209,-0.006005278849622727,-0.8362470710860517,0.10066413971787229,0.102213509343165,-0.05767546998458982,0.003878301458826172,0.0014933635497982323,0.026724531198851764,2199,724000000,9.43,0,2,2,-1.5568656899937852,1.469102212515387,6.682298548527769,-1.5568656899937852,1.469102212515387,6.682298548527769,26.827080488204956
-4.063027630994201,2.2759754362648694,6.246979603717467,-1.0858993455019825,-0.5171177965527546,6.803431830448576,-0.546154389824578,-0.004752320259746683,-0.006433656142380792,-0.8376463490018524,0.09118390599681406,0.10473731081705409,-0.06203022174546302,0.002293065836056485,0.0016059935205703368,0.023914632947708014,2199,920000000,9.68,0,2,2,-1.5568656899937852,1.469102212515387,6.682298548527769,-1.5855365834278181,1.4852185051438707,6.6730006588623825,27.07225203514099
-4.1302515575682675,2.2915296754973697,6.175570504584947,-1.11301594946926,-0.5075799094289132,6.7908620835892375,-0.5447036903104163,-0.004796127817197584,-0.006467053636952794,-0.8385899260886884,0.10443306547158837,0.10273569224727494,-0.06690035959601111,0.0005987769441162527,-0.001459177838114556,0.01335708875558339,2200,120000000,9.91,0,2,2,-1.5568656899937852,1.469102212515387,6.682298548527769,-1.614323053369775,1.5012955088055786,6.662868295589227,27.30924367904663
-4.1302515575682675,2.2915296754973697,6.175570504584947,-1.1435558892952487,-0.49497164153066564,6.775864894732952,-0.5435859762347528,-0.005014263244821717,-0.006454037058027064,-0.8393137011932283,0.11212385132430658,0.10204230422852827,-0.07281601820241765,0.0012821246968997002,-0.001924850857903948,0.011211582750547677,2200,318000000,10.08,0,2,2,-1.5568656899937852,1.469102212515387,6.682298548527769,-1.64323935603505,1.5173397803006459,6.651872093025976,27.577226877212524
-4.1302515575682675,2.2915296754973697,6.175570504584947,-1.1717773829326075,-0.4827046313487302,6.761058763615576,-0.5426920075615134,-0.0052326940929333324,-0.006485845634270269,-0.839890431930137,0.11436880707343629,0.10269182655467705,-0.07854376427291675,0.002438190813336405,-0.0014713958535139682,0.010844114513020031,2200,540000000,10.2,0,2,2,-1.6752033470486045,1.534957844676314,6.63879321183977,-1.6752033470486045,1.534957844676314,6.63879321183977,27.81946897506714
-4.19447484055845,2.307580313030434,6.101793962904205,-1.2028440284463608,-0.4702273023632748,6.7436217836950005,-0.5413784644210378,-0.005456552361402443,-0.006795905047970759,-0.840733846096388,0.10897757710984177,0.10429583991378073,-0.08362967411085212,0.0005758452857662633,-0.00024216524536768702,0.014172457304084674,2200,749000000,10.3,0,2,2,-1.6752033470486045,1.534957844676314,6.63879321183977,-1.7044376179211993,1.5509739165032403,6.62595392244351,28.07347059249878
-4.255628347741508,2.3242436897493723,6.0257985548118125,-1.228831723750456,-0.4582603460802786,6.728531722500026,-0.540737877326678,-0.005549946494026089,-0.006630117281342274,-0.8411467099519485,0.1296744396860458,0.10074936444934324,-0.08775920399820038,-0.0010647499038896058,-0.0030139481168589555,0.004849324159295065,2200,964000000,10.44,0,2,2,-1.7367099902781389,1.5685452320262472,6.610915342819179,-1.7367099902781389,1.5685452320262472,6.610915342819179,28.2875394821167
-4.255628347741508,2.3242436897493723,6.0257985548118125,-1.258668614457487,-0.44160554050797063,6.710871135311283,-0.5402721417039889,-0.00581805699499318,-0.0064529944542732805,-0.8414454955455886,0.14444996648703762,0.09849363954432523,-0.09274744075749031,-0.0005456951114979347,-0.0034503194910939783,0.005703151009583962,2201,142000000,10.51,0,2,2,-1.7367099902781389,1.5685452320262472,6.610915342819179,-1.7632156155233252,1.582901827291052,6.597855025240933,28.535342693328857
-4.255628347741508,2.3242436897493723,6.0257985548118125,-1.289630697828247,-0.4212698052027464,6.69210420419853,-0.5401432238557871,-0.006077913392258498,-0.0060896712752333505,-0.8415291275976327,0.1665395285936322,0.09545919906842303,-0.0987934359866456,-0.0009586914472947683,-0.004517400839176844,-0.0005384768712701771,2201,346000000,10.57,0,2,2,-1.7927368077407702,1.5988086284337248,6.582618779945556,-1.7927368077407702,1.5988086284337248,6.582618779945556,28.78003692626953
-4.313651546909344,2.3416355923008934,5.947737324945997,-1.3278060044275453,-0.3936152231517256,6.6682456503338114,-0.5396284536712885,-0.0064974511075785715,-0.0059453810089209825,-0.8418572132862538,0.17461356739389128,0.09409669097564166,-0.10420485417253564,0.0006988934956098092,-0.0031713848784420406,0.008646673359180568,2201,547000000,10.58,0,2,2,-1.7927368077407702,1.5988086284337248,6.582618779945556,-1.8222928488233128,1.6146429232684263,6.566676995037364,29.083223581314087
-4.313651546909344,2.3416355923008934,5.947737324945997,-1.3665010928401373,-0.36405317781956675,6.643293358853351,-0.5384790814319111,-0.0068523675348866895,-0.00587935209910619,-0.8425905038263288,0.17934585519621607,0.09267755947350481,-0.10856098031663357,0.0036738382277690107,-0.0018048677702608984,0.016957803927653003,2201,782000000,10.64,0,2,2,-1.7927368077407702,1.5988086284337248,6.582618779945556,-1.8578303062846977,1.6335910958624313,6.546517130131678,29.381819486618042
-4.368492609464751,2.3598708849992414,5.867767478235116,-1.4080239807000219,-0.33360934639753437,6.615094527804491,-0.5356698219686666,-0.007122004971552866,-0.006350294524586265,-0.8443736096282812,0.16535364267414482,0.09409497691925901,-0.11310685221450359,0.0057573890899220714,0.0015354989386651141,0.03226872140658088,2202,34000000,10.78,0,2,2,-1.8934770951826077,1.6524843140852281,6.525178554961456,-1.8934770951826077,1.6524843140852281,6.525178554961456,29.690501928329468
-4.420108491198272,2.379063142108453,5.786050063307847,-1.4452072839724062,-0.3098997476933786,6.588172425214024,-0.5319578235948068,-0.007148129586437205,-0.007065888179639918,-0.8467111971527981,0.14792472673443371,0.09597525471866905,-0.11635196048902738,0.0023385945041809464,0.002945774917861854,0.03777901438297704,2202,291000000,11.12,0,2,2,-1.9321516410578097,1.6728848200914024,6.500870423479147,-1.9321516410578097,1.6728848200914024,6.500870423479147,29.95785164833069
-4.420108491198272,2.379063142108453,5.786050063307847,-1.481637130695148,-0.28904149833959153,6.560403162761503,-0.5282964689939614,-0.006980228053087193,-0.007444143804150478,-0.8489986466348826,0.14059226704461533,0.0962393396708934,-0.12018176927361982,0.0022866171320856665,0.002280633839291113,0.034425390185788274,2202,518000000,11.57,0,2,2,-1.9321516410578097,1.6728848200914024,6.500870423479147,-1.9678985996171343,1.6916494455023454,6.477287097846313,30.25320553779602
-4.468464990103014,2.399324281578565,5.702749648162685,-1.517558975099776,-0.27015145955727565,6.531589112472541,-0.5249307622511076,-0.006879551309452729,-0.007860192505455811,-0.8510808328179108,0.13208382759880746,0.09696937019440537,-0.12457847386049485,0.003697869487950811,0.0022687848741043126,0.031587539706379175,2202,769000000,12.01,0,2,2,-1.9321516410578097,1.6728848200914024,6.500870423479147,-2.003634228334394,1.7103284507585146,6.452764725857597,30.537697076797485
-4.468464990103014,2.399324281578565,5.702749648162685,-1.5497943575781226,-0.2554466371419922,6.504340835964891,-0.522112317507855,-0.006831662412134799,-0.008375230363597158,-0.8528082503186869,0.11938564661560654,0.09884386491009697,-0.1280476719786853,0.0036217672231941833,0.0027363731305740657,0.02888504841394024,2203,8000000,12.42,0,2,2,-1.9321516410578097,1.6728848200914024,6.500870423479147,-2.039413827135835,1.7289536369595375,6.427229009119247,30.801105737686157
-4.513536781146049,2.4207642013125206,5.618033988749895,-1.5756200635268667,-0.24573145037866959,6.481376853354146,-0.5199839986091306,-0.006739023871724889,-0.008809369058283762,-0.8541039876762728,0.10801887501500844,0.10127798721650642,-0.1318344527409142,0.0034314315371375415,0.0032794174785522046,0.026927923136099707,2203,233000000,12.76,0,2,2,-2.072254677785261,1.7459927901666057,6.402867672346141,-2.072254677785261,1.7459927901666057,6.402867672346141,31.06573510169983
-4.513536781146049,2.4207642013125206,5.618033988749895,-1.5982131599607563,-0.2388133898277108,6.460418586009338,-0.5182351839694748,-0.006657706203612446,-0.009223575128981566,-0.855162496082511,0.09910189386603409,0.10340830036701969,-0.1349907995966662,0.003914909348168294,0.003227731895094621,0.024457607287331484,2203,399000000,13.02,0,2,2,-2.0991219321114474,1.7598850502243129,6.382352615772852,-2.0991219321114474,1.7598850502243129,6.382352615772852,31.27716612815857
-4.555307427976892,2.443490419036353,5.53207369113335,-1.623607848031447,-0.2314834836355729,6.436263570001293,-0.5168497384331182,-0.0064741658020814235,-0.009168695493304345,-0.8560025514458093,0.1053632415251965,0.10215110936193834,-0.13822651133921177,-0.003169212209286343,-0.0006220416082669544,0.012192779013275867,2203,571000000,13.23,0,2,2,-2.0991219321114474,1.7598850502243129,6.382352615772852,-2.122991313002889,1.772194179093156,6.363696117072745,31.48789119720459
-4.555307427976892,2.443490419036353,5.53207369113335,-1.6495747508940073,-0.22223810132221097,6.41157508396916,-0.5164075415264056,-0.006446668200223245,-0.008699579175834873,-0.8562744938662679,0.11904596757270618,0.09922377054759124,-0.14076226007042159,-0.004726134739030385,-0.0038150269119796576,0.0010293431728314317,2203,741000000,13.4,0,2,2,-2.1498374934670577,1.7860230598179703,6.342210589358117,-2.1498374934670577,1.7860230598179703,6.342210589358117,31.715643405914307
-4.593769371615339,2.4676077168380504,5.445041867912629,-1.6821330185045547,-0.2079920888364802,6.380665187686095,-0.5164671313304271,-0.006704464154680948,-0.008222115183897163,-0.8562412914813328,0.132834236946864,0.0961124619261655,-0.1447962734650592,-0.0030936982739149244,-0.00466194678665488,-0.00231379192427994,2203,930000000,13.46,0,2,2,-2.1498374934670577,1.7860230598179703,6.342210589358117,-2.1766501483301477,1.7998260210836678,6.3202785272873925,31.981609344482422
-4.593769371615339,2.4676077168380504,5.445041867912629,-1.7188506138455184,-0.18794431574900208,6.3460983614089175,-0.5170137407534217,-0.007078836467111161,-0.007556406888348847,-0.855914471580755,0.1526874912378501,0.0916914244785012,-0.14827644263206602,-0.0007435043812620279,-0.005218907881499035,-0.00459144907836162,2204,153000000,13.45,0,2,2,-2.1498374934670577,1.7860230598179703,6.342210589358117,-2.2094285435206222,1.8166800861985901,6.292747486037565,32.2567036151886
-4.62892389622261,2.4932177914302063,5.357113789597274,-1.7561988912213073,-0.16548831935386468,6.310568837300745,-0.5169312812070813,-0.007484568987481832,-0.007371322274265387,-0.8559624380453886,0.15343397478690832,0.09126859613548438,-0.15273120715710342,0.0035558948411562596,-0.0019767284470617597,0.006529366237373324,2204,382000000,13.39,0,2,2,-2.1498374934670577,1.7860230598179703,6.342210589358117,-2.2451591321683004,1.8350386871724063,6.261754658681697,32.55723857879639
-4.62892389622261,2.4932177914302063,5.357113789597274,-1.790010536465655,-0.14631819593232936,6.277159113340635,-0.515779735670588,-0.0077075936488829174,-0.007719140672969576,-0.8566517799777182,0.14261414389708651,0.09299734831892967,-0.15635058455752004,0.003903961032847292,0.0011365211662450747,0.016323252202710137,2204,633000000,13.41,0,2,2,-2.1498374934670577,1.7860230598179703,6.342210589358117,-2.280821244416679,1.8533439946129429,6.229829386984052,32.811237812042236
-4.660781072120873,2.520418911178268,5.268466531635311,-1.8141040847579395,-0.13434594632038396,6.252277021019748,-0.5143998506881153,-0.0076818508967618345,-0.008116711520128227,-0.8574776392262038,0.1303554742530857,0.09572917802636163,-0.1599012064037872,0.003955104830311029,0.0035391189840083825,0.022588394313061144,2204,839000000,13.56,0,2,2,-2.1498374934670577,1.7860230598179703,6.342210589358117,-2.3134266684780527,1.8700632292272341,6.199822047534063,33.03012990951538
-4.660781072120873,2.520418911178268,5.268466531635311,-1.8435770774554099,-0.1221181249050876,6.220410570531538,-0.512304654048111,-0.007515406622095573,-0.008729738971188413,-0.8587265290891185,0.11631528638658231,0.09879114506426444,-0.16399465042906533,0.004323702569308807,0.004761775380757172,0.02556706458562985,2205,16000000,13.74,0,2,2,-2.1498374934670577,1.7860230598179703,6.342210589358117,-2.337105164985231,1.8821919308832329,6.1775324235220355,33.2450225353241
-4.689359676286962,2.549305580919973,5.179278617806867,-1.8696212634596427,-0.11345032239170832,6.190904667642118,-0.5104678479103845,-0.00725155576170478,-0.009168125629941685,-0.8598173856472134,0.1060348557686545,0.10182000398280404,-0.16898582853787364,0.0024517806650692364,0.004659775504478603,0.022533551418746356,2205,198000000,14.01,0,2,2,-2.1498374934670577,1.7860230598179703,6.342210589358117,-2.3666337195212344,1.8973351119655948,6.149043745724748,33.466625690460205
-4.689359676286962,2.549305580919973,5.179278617806867,-1.8953699140482883,-0.10665738303570327,6.160549362392897,-0.5089212074177357,-0.007022076782872455,-0.009566877817332621,-0.8607312994930286,0.09738448810429554,0.10466913622811028,-0.17344198100379865,0.0025053723675227957,0.0038859009691805113,0.01826131028792588,2205,385000000,14.25,0,2,2,-2.39311524437868,1.9109318847621344,6.122913680018467,-2.39311524437868,1.9109318847621344,6.122913680018467,33.6906201839447
-4.7146870906059775,2.57996821558224,5.08972966070103,-1.9237758457669245,-0.1009719622450859,6.1257623163604835,-0.5076753766788177,-0.006775504295782494,-0.009839023470793799,-0.8614656104991653,0.08959813368415875,0.10800861743033234,-0.1796347974789552,0.0009824719199968968,0.00293114742362377,0.01178161364805419,2205,576000000,14.41,0,2,2,-2.39311524437868,1.9109318847621344,6.122913680018467,-2.4224254139774533,1.9259987148902662,6.093366901329067,33.90432071685791
-4.7146870906059775,2.57996821558224,5.08972966070103,-1.9528673058161827,-0.09332434447770556,6.0903162975136125,-0.5078607866455325,-0.006437593650192035,-0.008862678036655362,-0.8613695093940779,0.11634511603244924,0.10159236584804858,-0.1799792069356776,-0.010129269139724784,-0.005274194745652494,-0.011142714265588438,2205,763000000,14.65,0,2,2,-2.39311524437868,1.9109318847621344,6.122913680018467,-2.448718662627325,1.9395316919251924,6.066269870678082,34.12210154533386
-4.736799178229539,2.612492823579744,5.0,-1.9802074258005986,-0.08175896640567917,6.05828055389345,-0.5090229690397183,-0.006607599087097258,-0.007900804431696263,-0.8606913116289869,0.13997368188363243,0.09536880050234951,-0.18083537216597684,-0.007629993706359528,-0.007916551840025932,-0.017434501933166757,2205,959000000,14.66,0,2,2,-2.47778280296338,1.9545091328795325,6.0357585719090086,-2.47778280296338,1.9545091328795325,6.0357585719090086,34.3252911567688
-4.736799178229539,2.612492823579744,5.0,-2.014839298923427,-0.06215639040087839,6.019016747818309,-0.5108534096277193,-0.007068617261254548,-0.00674975125817607,-0.859612278518461,0.1640282567514603,0.088908719761673,-0.1812072728577545,-0.00773618876337423,-0.008962316132965498,-0.01991765857383143,2206,138000000,14.55,0,2,2,-2.47778280296338,1.9545091328795325,6.0357585719090086,-2.5038216746540214,1.9679517818755963,6.007874108036116,34.57240557670593
-4.75574013844148,2.6469607009543825,4.910270339298971,-2.057143342398605,-0.03271480302548408,5.972407852372258,-0.5128495136990606,-0.007561082918346576,-0.005439996297633906,-0.8584279892710981,0.18391040734972405,0.08386409375447974,-0.182591119574508,-0.0034800717685357085,-0.006952927606107551,-0.013586357363237767,2206,358000000,14.36,0,2,2,-2.47778280296338,1.9545091328795325,6.0357585719090086,-2.53551482382269,1.9843584562987362,5.973289863129927,34.88155460357666
-4.75574013844148,2.6469607009543825,4.910270339298971,-2.096702836518573,-0.0023639985212370214,5.9291466586334405,-0.5137281268875435,-0.007999072724216814,-0.004881092036023624,-0.8579018600170443,0.18777293685662355,0.08185328981248467,-0.1841817825233499,0.003236293991903949,-0.0031118621791392798,-0.0010021994626185915,2206,620000000,14.16,0,2,2,-2.47778280296338,1.9545091328795325,6.0357585719090086,-2.5728040177355536,2.003776121218348,5.931611033291987,35.192436933517456
-4.771562340490563,2.683448137187101,4.820721382193133,-2.132331801164317,0.02427224538837703,5.88892666828141,-0.5129712225107927,-0.008252242693670269,-0.0052349751371060784,-0.858350173531538,0.17489836391697997,0.08304411246864778,-0.18736074753325732,0.006657825269940076,0.001887986456949875,0.01512047147116391,2206,864000000,14.1,0,2,2,-2.607007083488978,2.0216576067566367,5.892598754230405,-2.607007083488978,2.0216576067566367,5.892598754230405,35.46131873130798
-4.771562340490563,2.683448137187101,4.820721382193133,-2.166643334544115,0.04699925191411966,5.847986700662276,-0.5108306165929676,-0.008205847249950248,-0.006160100259659429,-0.8596201477320956,0.154721599775915,0.08561096231719548,-0.19036042935499656,0.0026196445560344728,0.005540495794775779,0.026069882915180642,2207,88000000,14.24,0,2,2,-2.607007083488978,2.0216576067566367,5.892598754230405,-2.63820966075226,2.0380453962317495,5.856338370554316,35.730239152908325
-4.784326136905276,2.722026133583131,4.731533468364689,-2.1968666712555067,0.06509890648185071,5.810337571865636,-0.508725150402323,-0.007796074969046941,-0.006459314502954478,-0.8608694557360962,0.14698650183019513,0.08540890755480876,-0.19158107198095062,0.0002386585791214202,0.004323348957768758,0.0235218285524752,2207,314000000,14.55,0,2,2,-2.607007083488978,2.0216576067566367,5.892598754230405,-2.6692086162780058,2.05439419548758,5.819742458758042,35.976643562316895
-4.784326136905276,2.722026133583131,4.731533468364689,-2.22624468659079,0.08110013113458658,5.77242228139382,-0.506765510620778,-0.007495803933249301,-0.006895910354447508,-0.8620237679954303,0.13377529789123402,0.08669509630695063,-0.19271504611878462,0.0025742983098098193,0.004755302734338329,0.022239346071728505,2207,508000000,14.86,0,2,2,-2.607007083488978,2.0216576067566367,5.892598754230405,-2.697161911918678,2.0692288552155245,5.786063303826566,36.246052265167236
-4.794099656859685,2.762760135098598,4.642886210402727,-2.254629731946577,0.09435257713115047,5.734057936385075,-0.5049386840342861,-0.0072363754531300254,-0.007533693440768092,-0.8630920018741716,0.11950331140062412,0.08851919979874852,-0.19565622402339208,0.004088327341378317,0.00551132479813532,0.02050602070085006,2207,715000000,15.14,0,2,2,-2.724903787682997,2.0840553911671114,5.7519693517123,-2.724903787682997,2.0840553911671114,5.7519693517123,36.4919855594635
-4.794099656859685,2.762760135098598,4.642886210402727,-2.282051436884752,0.1048169768646276,5.695094856088858,-0.5032802121711899,-0.006970922786146821,-0.008232358164304801,-0.8640559371658099,0.10581514685100599,0.0905183858689473,-0.19855552576941854,0.004496140991250286,0.005632445527226082,0.018358375928073656,2207,916000000,15.35,0,2,2,-2.724903787682997,2.0840553911671114,5.7519693517123,-2.755154084148342,2.1003572501909846,5.7140113217997435,36.71994400024414
-4.8009585802116845,2.8057097764408754,4.554958132087371,-2.3062732404132067,0.11319058483687128,5.659678285430875,-0.5023458178994639,-0.006586544406495021,-0.008176527217399804,-0.8646030540510269,0.10692788419078388,0.08918472898374412,-0.19945765377879218,-0.0035014154946111375,0.001637488139749621,0.007764066458548768,2208,103000000,15.66,0,2,2,-2.724903787682997,2.0840553911671114,5.7519693517123,-2.779689063529706,2.113669889544946,5.682656876142892,36.94443082809448
-4.8009585802116845,2.8057097764408754,4.554958132087371,-2.3329536308824514,0.12247304992886623,5.620138685423742,-0.5019535077604658,-0.006398096308595823,-0.008012265463419271,-0.8648338245077682,0.1045714353025198,0.08847566815453566,-0.20037602578286418,-0.0012208839166305552,0.00030747509924822225,0.0024918794906625408,2208,277000000,15.81,0,2,2,-2.8040466659110304,2.1269730898696806,5.650997357527317,-2.8040466659110304,2.1269730898696806,5.650997357527317,37.21564793586731
-4.804985892885419,2.850928643237058,4.46792630886665,-2.353998620618113,0.12951681754886094,5.58824950099561,-0.5018483660485117,-0.006362201654744718,-0.00800999382410808,-0.8648951265231416,0.1014582646702888,0.08815001483316855,-0.20235727186983077,-9.814252521778144e-05,0.00040458168086843216,0.0008786850060005236,2208,495000000,15.89,0,2,2,-2.8308596779674087,2.1417205663677734,5.615610173066768,-2.8308596779674087,2.1417205663677734,5.615610173066768,37.42128920555115
-4.804985892885419,2.850928643237058,4.46792630886665,-2.3777127837430303,0.1382424490566768,5.5521801276999225,-0.502169736921724,-0.006207551949262604,-0.007460816654152709,-0.8647146106280479,0.11529844556820493,0.08396527612592214,-0.2020209241818501,-0.008937397888075793,-0.0038799164940428454,-0.009803640750760678,2208,657000000,15.87,0,2,2,-2.8547816733342493,2.1549929867348574,5.583508030667426,-2.8547816733342493,2.1549929867348574,5.583508030667426,37.629018783569336
-4.806271624318301,2.898464049024539,4.381966011250105,-2.4050885434871985,0.1522402257353135,5.512258374637277,-0.5034778203431687,-0.006214393165017398,-0.006272933607745336,-0.8639630293270859,0.13900424944699372,0.07789430807153368,-0.20123010901585,-0.009985022006731015,-0.007271178992596106,-0.018834420734492596,2208,820000000,15.91,0,2,2,-2.8547816733342493,2.1549929867348574,5.583508030667426,-2.875883208246229,2.1667936192385486,5.5547711468692045,37.87555241584778
-4.806271624318301,2.898464049024539,4.381966011250105,-2.43935535860785,0.17507127492945931,5.4646382563137745,-0.5056487618136173,-0.006527689868166984,-0.004861803468058791,-0.8627010384880608,0.1615976778714193,0.07197523035684653,-0.20010819984079659,-0.0062873843944544205,-0.007806850499036955,-0.0204657615540782,2209,27000000,15.77,0,2,2,-2.8547816733342493,2.1549929867348574,5.583508030667426,-2.9020572911845135,2.1815960601386015,5.5185039747093505,38.16557240486145
-4.804912567739545,2.9483568287751334,4.297250351837315,-2.47439667723961,0.20192311787304024,5.4170572852680605,-0.507403053488475,-0.006948992553032587,-0.004009494575737511,-0.8616715016561223,0.16870640150904262,0.06944418792847584,-0.20110787944386005,0.002379587385803461,-0.004269602504791692,-0.011203973463125294,2209,263000000,15.54,0,2,2,-2.933124383173058,2.1993729371219035,5.474650150347767,-2.933124383173058,2.1993729371219035,5.474650150347767,38.46583127975464
-4.804912567739545,2.9483568287751334,4.297250351837315,-2.5088129011377505,0.2280881554642169,5.369088874814032,-0.5077739712636504,-0.0072451603512175234,-0.004187516843252438,-0.8614496888741177,0.15909783250963977,0.0697826825403691,-0.20310037197545278,-0.000614794788589279,0.00034520002998306154,0.0006895148089824943,2209,513000000,15.36,0,2,2,-2.963882439436167,2.217227020382127,5.4303946003292065,-2.963882439436167,2.217227020382127,5.4303946003292065,38.74839186668396
-4.801011984091487,3.000641149619494,4.213949936692153,-2.5396349195265246,0.25087817436021154,5.324789400084092,-0.5075644600949524,-0.007087105274110425,-0.004132740018653824,-0.8615747281851361,0.1544728491293968,0.06923558695061979,-0.20411058216252265,-9.433316847662354e-05,0.0014750397326679376,0.003553463943717361,2209,756000000,15.36,0,2,2,-2.963882439436167,2.217227020382127,5.4303946003292065,-2.9943013140591574,2.2351052561433664,5.385911651781792,39.021836280822754
-4.801011984091487,3.000641149619494,4.213949936692153,-2.569644516769379,0.2721233098210009,5.280340807318052,-0.5069817829928792,-0.0069092900206361154,-0.004373747940546377,-0.8619179797136872,0.14381694055372404,0.0697757532378832,-0.20448471403298632,0.0029261553891046788,0.0033266124091824167,0.008005618474271614,2209,974000000,15.44,0,2,2,-2.963882439436167,2.217227020382127,5.4303946003292065,-3.0218433472086152,2.251533510842212,5.344870293975798,39.29452967643738
-4.794679290446997,3.055344339391937,4.132232521764884,-2.595866782574979,0.288955907737401,5.239627678602486,-0.5061255311407924,-0.006704828292760119,-0.004990250195876852,-0.8624193234198767,0.12915194321610346,0.07111731694261346,-0.20657119337509527,0.0041730037082743365,0.0056727350056462456,0.0111239497528004,2210,192000000,15.56,0,2,2,-3.0490651354090397,2.2680192865425575,5.303555410242609,-3.0490651354090397,2.2680192865425575,5.303555410242609,39.54080319404602
-4.794679290446997,3.055344339391937,4.132232521764884,-2.620940850271631,0.3028290405142534,5.198451523616355,-0.5051088185621468,-0.006405599020211149,-0.005759428928358154,-0.863012675857292,0.11334297387545086,0.07308334469501862,-0.20878804666246423,0.004096877978554403,0.006677868213955662,0.012017993867630139,2210,388000000,15.72,0,2,2,-3.073533774867456,2.2830785115076497,5.265778676980752,-3.073533774867456,2.2830785115076497,5.265778676980752,39.773937702178955
-4.786029733815932,3.112486733567247,4.052262675054003,-2.649871885823774,0.3168237209776361,5.148669412906596,-0.5043350220070818,-0.0058437465595690295,-0.005971561510444512,-0.8634676465603043,0.10567057222225243,0.07290895169410146,-0.20929354640301945,-0.0019594411924117594,0.0033890351915033534,0.0038773491269239457,2210,580000000,15.89,0,2,2,-3.0977199129337714,2.2981730440820423,5.227887444207862,-3.0977199129337714,2.2981730440820423,5.227887444207862,40.05911064147949
-4.786029733815932,3.112486733567247,4.052262675054003,-2.6733752702594153,0.3275448959320007,5.107158378427511,-0.5042279997289929,-0.005542631906897654,-0.0059253029695808075,-0.8635324512174176,0.10219855110578042,0.07237122112210054,-0.20903431183788337,-0.0021514251102416893,0.0016130136941683304,-0.0006648573560141813,2210,819000000,16.03,0,2,2,-3.126420340381008,2.3164252483519605,5.182199371884439,-3.126420340381008,2.3164252483519605,5.182199371884439,40.30236315727234
-4.775184051270693,3.1720815411108556,3.9742014451881884,-2.6965654489090403,0.33831423874887684,5.065641529459874,-0.5045245691514304,-0.005368831706994456,-0.005731186844119108,-0.8633616207974635,0.10422080570349719,0.07032503047632727,-0.20906064861506013,-0.003292990504633053,-0.0002557684936732585,-0.005414718316387734,2211,22000000,16.08,0,2,2,-3.126420340381008,2.3164252483519605,5.182199371884439,-3.1500043969695444,2.33176220879211,5.1438634101646405,40.555386543273926
-4.775184051270693,3.1720815411108556,3.9742014451881884,-2.7221035624485195,0.35163757395310785,5.020142633490518,-0.5053583530168784,-0.005301540800506266,-0.005190233676047014,-0.8628776797296338,0.11228416776230801,0.06697032394161229,-0.20773923014736267,-0.0035090462461084826,-0.0026050395263155224,-0.010447846034367103,2211,229000000,16.07,0,2,2,-3.126420340381008,2.3164252483519605,5.182199371884439,-3.1732348252066953,2.347174308849442,5.10541924557233,40.821555614471436
-4.762268117355413,3.2341347297119416,3.8982060370957945,-2.747550695233352,0.36604409262058446,4.974681440614148,-0.5063172427415584,-0.00536380312604566,-0.00481446945994634,-0.8623171691451063,0.11255309650745442,0.06544661309470685,-0.2083993992518765,-0.0007525411149345018,-0.0016079529359558364,-0.009518590377410874,2211,454000000,16.0,0,2,2,-3.126420340381008,2.3164252483519605,5.182199371884439,-3.198420036624524,2.3642096071530876,5.063034355149302,41.109586000442505
-4.747412579775129,3.2986449308157644,3.824429495415054,-2.772456056836519,0.3798262133221717,4.928983394277655,-0.5070447224391142,-0.005435234574622003,-0.004841002318871647,-0.8618890139503513,0.10508459339372853,0.06582544844952398,-0.20996472860289309,0.0005399154645147064,0.0006817887026500102,-0.006413935761884204,2211,672000000,15.91,0,2,2,-3.126420340381008,2.3164252483519605,5.182199371884439,-3.223266928898478,2.381362085646188,5.020529361742335,41.37580752372742
-4.747412579775129,3.2986449308157644,3.824429495415054,-2.7943336022064056,0.3904324761883017,4.886913712239656,-0.5075027101019972,-0.005274596642835338,-0.004999483139439232,-0.8616195117554627,0.09299854506860282,0.0679303307074035,-0.21324254039295196,0.0006178617923069396,0.003175575602654135,-0.004625002929969924,2211,894000000,15.85,0,2,2,-3.126420340381008,2.3164252483519605,5.182199371884439,-3.2477914657053693,2.3986962567290426,4.977850638610727,41.60586428642273
-4.7307524843902575,3.3656033648170482,3.7530203962825333,-2.8133919489154318,0.39807414794023244,4.848358391629495,-0.5078705073114871,-0.004942599907854804,-0.005092862269514527,-0.8614041915751438,0.08309521921341215,0.07004349732766238,-0.21746336483364143,-0.000960380560854901,0.004071064040545025,-0.0047924074806360295,2212,94000000,15.83,0,2,2,-3.126420340381008,2.3164252483519605,5.182199371884439,-3.269787922820762,2.414562150931179,4.939056291300177,41.814749240875244
-4.7307524843902575,3.3656033648170482,3.7530203962825333,-2.829905792349489,0.4035065020765021,4.813465300333139,-0.5082347447015406,-0.004637470494053911,-0.005215889769307717,-0.8611902998986293,0.07552410399974183,0.0716160909231629,-0.22090260290402589,-0.0003913329464921844,0.0040761239688436035,-0.005671470535162371,2212,269000000,15.82,0,2,2,-3.289372162261288,2.4289674300103394,4.904114043938162,-3.289372162261288,2.4289674300103394,4.904114043938162,42.01872730255127
-4.7307524843902575,3.3656033648170482,3.7530203962825333,-2.8480922945147205,0.40831088304594976,4.773491705094887,-0.5088068968484549,-0.004222231546212466,-0.005151632749001815,-0.8608549094709486,0.06836545258925672,0.07349738787079482,-0.2254677566300844,-0.0037526458982029,0.0032253433118967223,-0.009031399349623825,2212,434000000,15.81,0,2,2,-3.306607015719579,2.441868506511329,4.873079778633562,-3.306607015719579,2.441868506511329,4.873079778633562,42.2308623790741
-4.712426890567834,3.4349937867204927,3.684122548120575,-2.8644485304044096,0.4135000280290137,4.737750366124584,-0.5099035466960702,-0.003729725753668283,-0.004158471286357994,-0.860213444052772,0.08773441531961956,0.06866482482910237,-0.22269979081732422,-0.016460927690786775,-0.004704887169282301,-0.02193054970121011,2212,605000000,15.78,0,2,2,-3.306607015719579,2.441868506511329,4.873079778633562,-3.3257775024880925,2.4564594065995653,4.838257771456566,42.431236028671265
-4.712426890567834,3.4349937867204927,3.684122548120575,-2.8816539781827464,0.4223622385345333,4.702633634936458,-0.5117051896521644,-0.0035813310300659394,-0.002716079600328933,-0.8591493443300181,0.10967707358093173,0.06341493103548031,-0.21824801117029452,-0.015952436297084205,-0.00944815519687836,-0.02910617331508547,2212,769000000,15.69,0,2,2,-3.3425826399109617,2.4695160016707156,4.807320938007291,-3.3425826399109617,2.4695160016707156,4.807320938007291,42.63408613204956
-4.692578477964153,3.5067924525178915,3.6178747020262714,-2.9018958483427313,0.4365349445175991,4.663967246285826,-0.5140433390268566,-0.0038407181395949683,-0.0012913060306978857,-0.8577546426659708,0.132058904588884,0.05721826667487836,-0.21369295443183595,-0.010162761282117572,-0.010990166538249468,-0.030619815515819937,2212,935000000,15.5,0,2,2,-3.3425826399109617,2.4695160016707156,4.807320938007291,-3.3591691971279785,2.482644218446112,4.776422819920144,42.83735656738281
-4.692578477964153,3.5067924525178915,3.6178747020262714,-2.922823995821064,0.45470663849083165,4.62612853490175,-0.5163433789016967,-0.0042710845993043116,-0.00012912136253807101,-0.8563709804917481,0.15113455949360716,0.05163888014431915,-0.20940217034394135,-0.007793338500050595,-0.010268848018313292,-0.029054918741167057,2213,98000000,15.24,0,2,2,-3.3425826399109617,2.4695160016707156,4.807320938007291,-3.377554901383696,2.4975403220004853,4.741642034568916,43.07920289039612
-4.671353145833668,3.580968106473816,3.554410272345218,-2.9491304821105864,0.4815396386739471,4.580859554560266,-0.5189552685827418,-0.004717581719989511,0.0010829316899896228,-0.854787693460712,0.17044399914736114,0.04602348846235575,-0.20553377097242914,-0.005234991931502009,-0.008028720094443997,-0.02630943345138803,2213,296000000,14.99,0,2,2,-3.395646498062399,2.5125303509525794,4.706927273558275,-3.395646498062399,2.5125303509525794,4.706927273558275,43.34769630432129
-4.671353145833668,3.580968106473816,3.554410272345218,-2.9829937733505982,0.5202078121716499,4.524340780772366,-0.5216074592859217,-0.0050962323893740105,0.0019900781775780358,-0.8531680528603764,0.18183221743696487,0.04148009428555185,-0.2021694249242348,-0.0059059916111436905,-0.004259360321157146,-0.02049300237558782,2213,516000000,14.71,0,2,2,-3.4173477690025496,2.5309785057591703,4.664632377619563,-3.4173477690025496,2.5309785057591703,4.664632377619563,43.671714544296265
-4.648899605976141,3.6574819894536956,3.493857067992778,-3.0097089723691237,0.55322687079378,4.480603990807588,-0.5235039230856731,-0.005139272095606268,0.0026920980580143732,-0.8520035111455133,0.18885122189181996,0.03879420211872072,-0.19996857392840747,-0.0014530527323586284,-0.0025456944058532827,-0.018457378428138327,2213,779000000,14.44,0,2,2,-3.4173477690025496,2.5309785057591703,4.664632377619563,-3.4443280916791084,2.5547224157809967,4.610941131385324,43.96450972557068
-4.648899605976141,3.6574819894536956,3.493857067992778,-3.038287403974328,0.5892157228312204,4.433341643351946,-0.5249212527365398,-0.00517987323666475,0.0026824365055611536,-0.8511308077335394,0.17958174597743626,0.038868279697400705,-0.19880406991236937,0.004871906230619061,0.0022683758061248227,-0.009327650968771195,2214,8000000,14.27,0,2,2,-3.4173477690025496,2.5309785057591703,4.664632377619563,-3.4650533473681526,2.573642210477989,4.568854589869315,44.2410147190094
-4.625368970448108,3.7362878683694305,3.4363370350639406,-3.065245170088047,0.6215309984378817,4.38594888144062,-0.5253549579918436,-0.004997350477502182,0.0017996971320895338,-0.850866591006972,0.15779165301991988,0.04069212013762892,-0.2000783758333998,0.006837130695203086,0.007339132935157977,-0.0005772994484232186,2214,244000000,14.17,0,2,2,-3.4173477690025496,2.5309785057591703,4.664632377619563,-3.487186615315322,2.59450835249444,4.523189384212034,44.52958631515503
-4.625368970448108,3.7362878683694305,3.4363370350639406,-3.0841429908069733,0.6422519931502647,4.350086176061604,-0.5252326445447336,-0.004647604499678762,0.0008844050475619143,-0.8509455251099637,0.13976159765579307,0.04257260317511925,-0.20140465398043536,0.006196170352268382,0.009374702221975895,0.002979490113830252,2214,484000000,14.2,0,2,2,-3.4173477690025496,2.5309785057591703,4.664632377619563,-3.508838349208414,2.6156508752942083,4.47773860143225,44.74718260765076
-4.6009143351756405,3.8173320867587197,3.381966011250105,-3.1020124312711683,0.6600359148658165,4.313831492421784,-0.5250717385806112,-0.004063291396889767,0.00020764837193254396,-0.851048245335781,0.12392974475218958,0.04467488557308025,-0.20376935518941108,0.0022901449256096384,0.009413636507815681,0.0013487387718669197,2214,661000000,14.29,0,2,2,-3.524794585043791,2.6317165668705593,4.443775133911609,-3.524794585043791,2.6317165668705593,4.443775133911609,44.98511028289795
-4.6009143351756405,3.8173320867587197,3.381966011250105,-3.1226902051101932,0.6783137077463387,4.268842025024578,-0.5251082376573775,-0.0033619163714587435,-0.0004489824236281828,-0.85102869204126,0.10780415970932992,0.04682514003600739,-0.2065877786019968,-0.0009166640950297733,0.007572152480861405,-0.002092630495553749,2214,857000000,14.34,0,2,2,-3.524794585043791,2.6317165668705593,4.443775133911609,-3.5422519127818988,2.6497779264184964,4.406234998693986,45.24519944190979
-4.5756903606132395,3.9005536364550437,3.330853492557395,-3.142258714085654,0.6938194021762492,4.223705235384425,-0.525674355989817,-0.002662415768588603,-0.00043799995703421566,-0.8506816038642212,0.09657851015200344,0.047465777114591434,-0.20517389106130662,-0.002941499315056717,0.0040739381347520975,-0.008501374031766318,2215,75000000,14.48,0,2,2,-3.5594297443168816,2.668025019444553,4.368977879976072,-3.5594297443168816,2.668025019444553,4.368977879976072,45.492719650268555
-4.5756903606132395,3.9005536364550437,3.330853492557395,-3.160729047776852,0.7068901937943393,4.178818001576084,-0.5266160557456669,-0.002207404202930108,-0.00042882629066241557,-0.850100272500588,0.08538106671314555,0.047912762238543495,-0.2037776605513486,-0.0014673862665404158,0.0027218397917749826,-0.011308721332170535,2215,279000000,14.49,0,2,2,-3.5594297443168816,2.668025019444553,4.368977879976072,-3.5780221963357377,2.688369475207427,4.32827011407726,45.7623245716095
-4.54985285059824,3.9858842502461127,3.283102412796268,-3.176793128028394,0.7179608672173918,4.1383763978629124,-0.5276783281255747,-0.0020129031905985265,-0.0003975890659745268,-0.8494418003431891,0.08384630681490021,0.04584795723043726,-0.20161671501520556,-0.0008607478605426877,0.0008027659475828841,-0.013210715951572638,2215,505000000,14.45,0,2,2,-3.5594297443168816,2.668025019444553,4.368977879976072,-3.5963150424859713,2.7090562179692284,4.287820164738946,46.01360249519348
-4.54985285059824,3.9858842502461127,3.283102412796268,-3.192215915080031,0.7284836359514855,4.098291487363508,-0.528791466620907,-0.0019557513236853658,-0.00045879789148179284,-0.8487494031633629,0.07786227283355959,0.04495342170724946,-0.20013331180045807,0.0002164797393788831,0.0009101815862777585,-0.01308908194914693,2215,703000000,14.37,0,2,2,-3.5594297443168816,2.668025019444553,4.368977879976072,-3.612681500341562,2.7281202505985913,4.251322018625928,46.26017355918884
-4.523558330551639,4.073248515359478,3.2388089362865244,-3.2054391013744774,0.736921244087144,4.062321605988864,-0.5298103700617977,-0.0018658797361556711,-0.0005200341771524628,-0.848113919136012,0.0704581527209599,0.04466560204111654,-0.20018959079659865,3.47960277480297e-05,0.001458855240343837,-0.01351693617834826,2215,911000000,14.28,0,2,2,-3.6287304388684363,2.747401339878657,4.215158478471902,-3.6287304388684363,2.747401339878657,4.215158478471902,46.48007869720459
-4.523558330551639,4.073248515359478,3.2388089362865244,-3.218021809864546,0.7441733758343453,4.026304863175057,-0.5308434720826306,-0.001758540110137062,-0.0006485131533531748,-0.8474678136157315,0.06265404424080553,0.04465499212004503,-0.20059448909573155,0.0006988949792230414,0.0020485388404267724,-0.013541055341192987,2216,95000000,14.2,0,2,2,-3.6287304388684363,2.747401339878657,4.215158478471902,-3.6428322166914606,2.764936125997003,4.182865784872054,46.69159388542175
-4.496963626174488,4.162564007555353,3.198062264195162,-3.2292046591742656,0.7515910474300893,3.994580462716513,-0.5320667535864784,-0.0014411272658908102,0.00010353143266328944,-0.8467011764261295,0.08279985709330731,0.03971277609394497,-0.19616729204334113,-0.013160921662347391,-0.005088345142212347,-0.022257875389186665,2216,265000000,14.11,0,2,2,-3.6287304388684363,2.747401339878657,4.215158478471902,-3.656632436690955,2.782595888295338,4.150887080571841,46.91091728210449
-4.496963626174488,4.162564007555353,3.198062264195162,-3.2442680529390655,0.7662661847119939,3.9561355378753618,-0.5342426465068557,-0.001433764913850621,0.0016336676686467772,-0.8453283800402485,0.11147087735104222,0.03330321898627557,-0.18925768035142776,-0.012308067834965186,-0.010052040488517378,-0.027966338529950008,2216,434000000,13.99,0,2,2,-3.6287304388684363,2.747401339878657,4.215158478471902,-3.6686237550165104,2.7984278312052986,4.122698937218006,47.154993534088135
-4.470225443784154,4.253741445548371,3.160944454897099,-3.263704351407891,0.79119694665091,3.9118121985733643,-0.5371566951119577,-0.0018917549674564763,0.003339489988093368,-0.8434737423098373,0.13995137702206778,0.026458018492226253,-0.18205528056790843,-0.006735732858942356,-0.010590715010039276,-0.028420025955711026,2216,634000000,13.75,0,2,2,-3.6287304388684363,2.747401339878657,4.215158478471902,-3.6832583566487744,2.8183901792578046,4.087792805203905,47.43691301345825
-4.470225443784154,4.253741445548371,3.160944454897099,-3.2838766167325555,0.8213822813882558,3.869013091179608,-0.5398589377464635,-0.00244114777333907,0.0044469974015966165,-0.8417402166624324,0.15155924426023673,0.023003059525063787,-0.17782654281181806,-0.0014166487176225928,-0.0062769794112682575,-0.02425342008791631,2216,876000000,13.4,0,2,2,-3.6287304388684363,2.747401339878657,4.215158478471902,-3.7003216274932296,2.8426882019002964,4.046327140750738,47.735347747802734
-4.44349995342669,4.346684865422453,3.1275302587205256,-3.3018665011929156,0.8488351068693806,3.8300569633631887,-0.5417474856827532,-0.0026253628375704384,0.004623111582786093,-0.840524476779635,0.14009679469097727,0.02403588574332307,-0.17889307212586933,0.0014739608104719082,0.0005603832931910802,-0.01762561296345666,2217,113000000,13.09,0,2,2,-3.6287304388684363,2.747401339878657,4.215158478471902,-3.716861119008484,2.8672721230065132,4.005449203581522,48.004390478134155
-4.44349995342669,4.346684865422453,3.1275302587205256,-3.3187144300807896,0.8730478264953737,3.7906238634929452,-0.5430968827210185,-0.0024281222257770472,0.004181256308717416,-0.8396561184775881,0.1217384803925218,0.02643852081376353,-0.1816236421495252,0.0010097193467117904,0.00547644426660554,-0.012869843612861587,2217,334000000,12.91,0,2,2,-3.731564028383073,2.8900988127972287,3.9684733405867405,-3.731564028383073,2.8900988127972287,3.9684733405867405,48.25208902359009
-4.416942375890457,4.441291814646157,3.0978869674096927,-3.3344642195557266,0.8938175762725883,3.75047997976254,-0.5442649134946451,-0.0018136663484947595,0.0038719951121438277,-0.8389025105498815,0.11008856855192235,0.027842786857996606,-0.18366870841666239,-0.004822388609682093,0.005159954298505909,-0.013803607635054504,2217,541000000,12.83,0,2,2,-3.7458488391880542,2.9132525197447148,3.9319748023867134,-3.7458488391880542,2.9132525197447148,3.9319748023867134,48.538352727890015
-4.416942375890457,4.441291814646157,3.0978869674096927,-3.3485295577603336,0.9129243342800822,3.7144051828941027,-0.5457043998775479,-0.001334886897527651,0.0042748597522046265,-0.8379657818821451,0.11860499107893296,0.025155212598263456,-0.1787599237555048,-0.005447513376566349,-0.0003768031930917459,-0.01932632403622847,2217,767000000,12.79,0,2,2,-3.7458488391880542,2.9132525197447148,3.9319748023867134,-3.7597418973184404,2.9367397772947594,3.8960086315733964,48.790687084198
-4.3907065747319,4.537453565240048,3.0720742786082935,-3.3656897092278495,0.9394229461796926,3.672574922265179,-0.5478647155894244,-0.001346440578537752,0.004863726377774855,-0.8365517226541402,0.13620550073700505,0.019771587611022448,-0.17190462427147074,-0.002364259717069217,-0.0040007077586778905,-0.022342019474308472,2217,975000000,12.7,0,2,2,-3.7458488391880542,2.9132525197447148,3.9319748023867134,-3.772025358574217,2.9583664823205695,3.8638152174322045,49.076865673065186
-4.3907065747319,4.537453565240048,3.0720742786082935,-3.3828981665997206,0.9690385071292551,3.632284667476374,-0.5500403824939961,-0.0016020944783145222,0.005283108040236895,-0.835119811577103,0.14160415331016854,0.016772079474156158,-0.16667177433900765,-0.00032293789615778223,-0.002655244929883338,-0.020487895199039485,2218,197000000,12.5,0,2,2,-3.7458488391880542,2.9132525197447148,3.9319748023867134,-3.7863446459765293,2.984663561620553,3.825813168016553,49.376415491104126
-4.3649446544071155,4.635055345592884,3.050144175636353,-3.399442464001426,0.9985291850793231,3.592897873245643,-0.5519315986683694,-0.0016901918752423506,0.005332126503344296,-0.8338706266980239,0.13423191486674285,0.016203828131381857,-0.16425060269156236,0.0024354510742341517,0.0010168479263938934,-0.017186220065923408,2218,449000000,12.3,0,2,2,-3.7458488391880542,2.9132525197447148,3.9319748023867134,-3.800183862596172,3.0112855335095605,3.7885646098966412,49.67084622383118
-4.339806565582618,4.7339765903700695,3.0321408228027407,-3.413540363287714,1.0230610647743341,3.557008068540516,-0.5533335416049986,-0.0015488095593389475,0.004918135666259362,-0.8329438185528398,0.11919994991574126,0.017225774911078844,-0.16407801322171006,0.0009236812218205159,0.004380625068733934,-0.014374838701769477,2218,687000000,12.15,0,2,2,-3.8135468877788403,3.0383054886818583,3.7520477652550603,-3.8135468877788403,3.0383054886818583,3.7520477652550603,49.99396777153015
-4.339806565582618,4.7339765903700695,3.0321408228027407,-3.4253834036621105,1.0426412247809902,3.5242558020649897,-0.5545464671929925,-0.0011324649653574673,0.00462485990328308,-0.8321391373548948,0.1061415009536066,0.01831053182293331,-0.1647554876117786,-0.0008404374312931395,0.005211021743889432,-0.014849909712211229,2218,909000000,12.06,0,2,2,-3.8135468877788403,3.0383054886818583,3.7520477652550603,-3.8254240855779127,3.0634847370216174,3.7192196742915553,50.228967905044556
-4.315439718675568,4.834091207905732,3.018100476464131,-3.4357474354083144,1.0602357933275621,3.4951795723416246,-0.5559023935093754,-0.000689993164790112,0.005005605637193386,-0.831232215877239,0.1155771647849357,0.015603864765005648,-0.15997743107058562,-0.00640671082692279,-0.0005527992925635772,-0.020230567861290183,2219,106000000,12.01,0,2,2,-3.8135468877788403,3.0383054886818583,3.7520477652550603,-3.8359028783053946,3.0866600056986395,3.6899467612796695,50.44586539268494
-4.315439718675568,4.834091207905732,3.018100476464131,-3.4484190617336625,1.0834639502139245,3.4607298241137707,-0.5578165496194643,-0.0005258750231284313,0.005559080387180672,-0.8299454904096681,0.12008046484344462,0.013500098781580816,-0.15507960436648344,-0.002026218180617434,-0.0019432391582085984,-0.02089838781103026,2219,279000000,11.92,0,2,2,-3.845056200659099,3.107777897409532,3.664070437896487,-3.845056200659099,3.107777897409532,3.664070437896487,50.71556520462036
-4.291988606647645,4.93526786441942,3.0080514120095216,-3.459590158207015,1.1050562350313498,3.430212316767815,-0.5594811356197121,-0.0005681771936772583,0.005742964125759066,-0.8288229934210344,0.12045712825330188,0.011604129309202873,-0.15172886443344152,-0.0019323970946061308,-0.0013366440157369652,-0.019760249597311486,2219,506000000,11.76,0,2,2,-3.845056200659099,3.107777897409532,3.664070437896487,-3.8558876871628356,3.1338487987194465,3.633089613024959,50.97367334365845
-4.291988606647645,4.93526786441942,3.0080514120095216,-3.4743255689177523,1.1368357967480727,3.392237580747557,-0.5618827551432746,-0.0006968977259482752,0.006425768043611987,-0.8271916303440285,0.1418261674200662,0.00643397735657694,-0.14331765830259696,-0.0016192086263799865,-0.004287692854632041,-0.02282560817548074,2219,709000000,11.62,0,2,2,-3.845056200659099,3.107777897409532,3.664070437896487,-3.865435200026418,3.157858929912726,3.6055271936011604,51.290077686309814
-4.269594438048033,5.037370284349661,3.0020138669173706,-3.486857254579054,1.1664565780282774,3.3615393865442758,-0.563890237547508,-0.0009111295679881514,0.00674970602701686,-0.8258216582955874,0.14639501907896887,0.004122046957162601,-0.13870648924609405,0.00047721887597163004,-0.002320838757441379,-0.021270128308970015,2219,969000000,11.39,0,2,2,-3.8774498565902222,3.1895643344832596,3.57056319693139,-3.8774498565902222,3.1895643344832596,3.57056319693139,51.56132435798645
-4.269594438048033,5.037370284349661,3.0020138669173706,-3.499900877844559,1.198468103155631,3.3289408610446247,-0.5658485578912686,-0.0009912546184472648,0.006697048335521236,-0.8244813985107513,0.14156225248103332,0.003169157767782162,-0.13524088631017608,-0.002412257322248479,3.46158150810183e-05,-0.01966357867786428,2220,195000000,11.19,0,2,2,-3.887281427621527,3.216815647874799,3.5417805149650547,-3.887281427621527,3.216815647874799,3.5417805149650547,51.82810378074646
-4.248394781269408,5.140257566049799,3.0,-3.510506355275281,1.2257546208726626,3.3027020379431824,-0.5675799547149701,-0.0008846533260086862,0.007001013930789593,-0.823288040844871,0.14804272032907878,0.0011935557509145105,-0.13017696452776875,-0.0026276464041075087,-0.0014641663824477291,-0.02177926889999071,2220,417000000,11.02,0,2,2,-3.897696625551085,3.2469603143404164,3.5112500384058642,-3.897696625551085,3.2469603143404164,3.5112500384058642,52.100226402282715
-4.2285232209468075,5.243784512046629,3.0020138669173706,-3.5231219964985043,1.2598163739519557,3.272525692382192,-0.5697260680484243,-0.0008676737820198614,0.007294482207960548,-0.8218018283367395,0.15201783145531778,-0.00040248530836927923,-0.12445151382297967,-0.0009664062872616341,-0.00127023480445132,-0.021665878557541873,2220,628000000,10.86,0,2,2,-3.9061403584631327,3.2724803537894074,3.486534184435448,-3.9061403584631327,3.2724803537894074,3.486534184435448,52.381287813186646
-4.2285232209468075,5.243784512046629,3.0020138669173706,-3.5354539100360247,1.2949513275962448,3.243733757042977,-0.5718497046417316,-0.000905494817650513,0.007438376827444023,-0.8203241834363245,0.15514707673261266,-0.002417056665292385,-0.1189374576207258,-0.00024266212363954764,-0.0007171436323005764,-0.021372396258811932,2220,862000000,10.65,0,2,2,-3.9061403584631327,3.2724803537894074,3.486534184435448,-3.9160047300705636,3.3036278211232792,3.457770819306339,52.681374073028564
-4.210109027392585,5.347801973019649,3.0080514120095216,-3.547321543807417,1.330565583241467,3.216182365638668,-0.5739229197884974,-0.0009080681074128999,0.007444704675036131,-0.8188749806448232,0.15322808924769543,-0.0036821340606524805,-0.11440796016994859,0.0018252122004014382,0.0009132053548910335,-0.02045670207735384,2221,109000000,10.45,0,2,2,-3.9061403584631327,3.2724803537894074,3.486534184435448,-3.925591558466649,3.3352248152599215,3.4300098408039026,52.9682822227478
-4.210109027392585,5.347801973019649,3.0080514120095216,-3.5574016848737404,1.3615981598150935,3.1916361863631937,-0.5756734245473,-0.0007930917286843721,0.007117134625601509,-0.817648350863753,0.14116713578508094,-0.0032919695418458955,-0.11201142237114356,0.0015228728329930163,0.003559563424460066,-0.01883227778307628,2221,341000000,10.25,0,2,2,-3.9061403584631327,3.2724803537894074,3.486534184435448,-3.934919326117547,3.3673292709798726,3.4032834505833853,53.22853446006775
-4.193276839921718,5.4521572046181594,3.0181004764641304,-3.5648885037653657,1.3847974718180038,3.171804705761017,-0.577036592185656,-0.0005296408436734636,0.006795668526829201,-0.816689849115694,0.12858616388213479,-0.0025756640949842506,-0.11095093578411601,0.0012104799793632992,0.004795163613380282,-0.01835017974372022,2221,557000000,10.09,0,2,2,-3.943218727875344,3.397097632483135,3.3797000499971324,-3.943218727875344,3.397097632483135,3.3797000499971324,53.4670295715332
-4.193276839921718,5.4521572046181594,3.0181004764641304,-3.5724007691788127,1.4081207838879306,3.1499101033564245,-0.5785112725570485,-0.00017179237245374193,0.006417148695616017,-0.8156491269010366,0.11561902661362662,-0.0018788180073160607,-0.11010467828799728,0.0008434407732238469,0.005037766459281556,-0.01791201448213542,2221,753000000,9.99,0,2,2,-3.9497404573769215,3.421692824715865,3.361060550964854,-3.9497404573769215,3.421692824715865,3.361060550964854,53.69115328788757
-4.178146364880431,5.5566942361953435,3.0321408228027407,-3.578746236695134,1.4283519028224931,3.130672571755588,-0.57990222502595,0.00015624013951920238,0.0064763216559133065,-0.8146603232371024,0.11814252981413409,-0.0031423241782845995,-0.10576308332806357,-0.0028081393566026236,0.0008638274948680191,-0.019679658544191625,2221,943000000,9.89,0,2,2,-3.9497404573769215,3.421692824715865,3.361060550964854,-3.9567293243083883,3.449317901749179,3.341060320915425,53.93426179885864
-4.178146364880431,5.5566942361953435,3.0321408228027407,-3.586412589585424,1.454136039848297,3.1082824819569,-0.5817084377526572,0.0003000777686051181,0.006795394757021865,-0.8133689359760378,0.12408006409638865,-0.0048236859022815545,-0.10001985911559048,-0.0013667480288859224,-0.0015416411770274863,-0.02029796778515447,2222,134000000,9.78,0,2,2,-3.9497404573769215,3.421692824715865,3.361060550964854,-3.962797535679228,3.474439029230596,3.32370925377342,54.19034790992737
-4.164832089147639,5.66125425050276,3.050144175636353,-3.5951790639445367,1.4855870703888117,3.0833382699360086,-0.5837599600829967,0.00018747506135245208,0.006860667578554002,-0.811897287282927,0.12331657609760624,-0.006370336611951707,-0.09451608898923776,0.0012135278325331456,-0.0001281441598166566,-0.018628617908689193,2222,352000000,9.61,0,2,2,-3.9699264382124597,3.5053808703489073,3.3033428209414457,-3.9699264382124597,3.5053808703489073,3.3033428209414457,54.50760459899902
-4.164832089147639,5.66125425050276,3.050144175636353,-3.601975610201958,1.5112615719713183,3.0631436538925687,-0.5853711393638018,0.00021413502793005352,0.006716328132507103,-0.8107376112420902,0.11867250650986183,-0.007031285881753858,-0.0909238825897823,-0.0012112456374779867,0.0007563513463537674,-0.01809318346204236,2222,612000000,9.42,0,2,2,-3.9699264382124597,3.5053808703489073,3.3033428209414457,-3.9779330927340477,3.542315977487765,3.2804751212870875,54.75865912437439
-4.153443009833245,5.765675973355503,3.0720742786082935,-3.6081625295888373,1.536093394385918,3.0458655877773952,-0.5869569284111997,0.0002442134695827729,0.007018257078512971,-0.8095877028571092,0.13353291463385242,-0.00959580008999111,-0.084531476084071,-0.002098721233778633,-0.0028705918566629407,-0.020444666733965278,2222,824000000,9.28,0,2,2,-3.9699264382124597,3.5053808703489073,3.3033428209414457,-3.9843917653139203,3.5738226141613447,3.2621236035975727,55.014719009399414
-4.153443009833245,5.765675973355503,3.0720742786082935,-3.615000341577201,1.564963054346282,3.028085029706736,-0.5887377125586327,0.0001548328631571826,0.007212647216779599,-0.8082919395602924,0.1328775376175342,-0.010281317142855259,-0.07993640310445108,4.731034415339508e-05,-0.0007893033796335658,-0.019515518215484917,2223,20000000,9.13,0,2,2,-3.9900008547795602,3.602711420139056,3.246268809290298,-3.9900008547795602,3.602711420139056,3.246268809290298,55.29709267616272
-4.144082380849918,5.869796072247862,3.0978869674096927,-3.6213239719123,1.5928634910864687,3.0111641372905416,-0.5904058478676742,0.00019200845641548182,0.007166029987508303,-0.8070746842459026,0.12719963185506106,-0.010618476448385955,-0.07621989400956661,-0.0006844966037533595,0.0006039948402758455,-0.01854932870628545,2223,256000000,8.95,0,2,2,-3.9900008547795602,3.602711420139056,3.246268809290298,-3.995898072218404,3.6348081191247483,3.2297838967300856,55.545820236206055
-4.144082380849918,5.869796072247862,3.0978869674096927,-3.6259009258621195,1.6139942579192907,2.9996118103468845,-0.5916554053535784,0.00019261861429407945,0.007314158008084603,-0.8061577682479993,0.13962887906901472,-0.012500093281438173,-0.07109912708056268,-0.0014279106721915014,-0.002313291429345554,-0.019919384249078576,2223,464000000,8.81,0,2,2,-4.001537047028152,3.6671863507423224,3.2142656584002887,-4.001537047028152,3.6671863507423224,3.2142656584002887,55.77817392349243
-4.136847476985778,5.973449562871589,3.127530258720525,-3.631219803261946,1.639525993711289,2.9875467266605704,-0.5931107897599951,5.282551857069273e-05,0.007458167819594332,-0.8050863084244534,0.1460181439720049,-0.01382922785006574,-0.06615812174424648,0.00015060887648132848,-0.0020211420405757963,-0.020066292927367613,2223,632000000,8.69,0,2,2,-4.0054746552510005,3.69093556499439,3.2036058237874214,-4.0054746552510005,3.69093556499439,3.2036058237874214,56.036062717437744
-4.136847476985778,5.973449562871589,3.127530258720525,-3.6373753672588753,1.6702373789768463,2.9753630537938607,-0.5947562681397445,-0.00013425477526247866,0.007714051765849688,-0.8038690545664096,0.16453107711170728,-0.01618338363768172,-0.05913518677975044,-0.0010013152291321603,-0.004024282497994136,-0.02079025471175555,2223,812000000,8.55,0,2,2,-4.0054746552510005,3.69093556499439,3.2036058237874214,-4.0097487993927485,3.7178247268324798,3.1922380032503233,56.297675371170044
-4.131829376054615,6.076470222463971,3.1609444548970984,-3.6453823502116887,1.711564678260083,2.962676257747843,-0.5968008117413195,-0.0004821431818979845,0.008038335813102156,-0.8023490162019331,0.17999540647631126,-0.01812842880576342,-0.051241901081173255,0.0004090088765451583,-0.0033375014709235984,-0.021239085981505923,2224,16000000,8.36,0,2,2,-4.0054746552510005,3.69093556499439,3.2036058237874214,-4.014759691275494,3.750884625922174,3.179234039439525,56.580888509750366
-4.131829376054615,6.076470222463971,3.1609444548970984,-3.653365456752612,1.7542605950406251,2.9515684727626996,-0.5987965781118935,-0.0006594299919338653,0.008088839653905874,-0.8008600338802193,0.17690807620008772,-0.01821612537519378,-0.04611086979814172,0.0011736506394299795,0.0001460972647748804,-0.020384978597576264,2224,246000000,8.15,0,2,2,-4.0054746552510005,3.69093556499439,3.2036058237874214,-4.019551285155315,3.7842358372511327,3.167279808341022,56.866814374923706
-4.129112759647949,6.178691008890939,3.1980622641951615,-3.6600465997024174,1.7914762436344882,2.942261255967367,-0.6005653539223935,-0.0005724035783123663,0.007874751883754957,-0.7995366885296652,0.16420966810299262,-0.017439255805785637,-0.04286519568379512,0.0015162947192948195,0.002761549512797501,-0.019865485774062108,2224,491000000,7.95,0,2,2,-4.0054746552510005,3.69093556499439,3.2036058237874214,-4.024578993690142,3.8210443279252995,3.155507446239127,57.13226318359375
-4.12877573295956,6.279944484351441,3.2388089362865236,-3.6648559304237325,1.8194951757413778,2.9350245656896727,-0.6019758355811033,-0.0003806728981487913,0.007556364864987364,-0.7984784592051335,0.15006868345543745,-0.016544849297349642,-0.041223217824636935,0.0015482628327845305,0.004236251697875559,-0.019444302597548813,2224,700000000,7.8,0,2,2,-4.0054746552510005,3.69093556499439,3.2036058237874214,-4.02901212057724,3.8550747314885006,3.145815443033346,57.348198890686035
-4.12877573295956,6.279944484351441,3.2388089362865236,-3.6686209315266884,1.8424597274759786,2.9288231054007645,-0.6032226179071172,-0.00013479816171518832,0.007311514947238823,-0.7975393387312728,0.1391015503150233,-0.015911362478303773,-0.039499640491896346,0.0004969392193743261,0.004080386725036078,-0.01960878053068882,2224,879000000,7.7,0,2,2,-4.0054746552510005,3.69093556499439,3.2036058237874214,-4.032527312452476,3.883150372279962,3.1386886789876516,57.54764223098755
-4.130889664098318,6.3800632425732875,3.283102412796268,-3.672358675969886,1.8664823225828273,2.9221733838918666,-0.6046160641942857,0.00013754654273906907,0.0071086620458833336,-0.7964853187115737,0.12938001191224507,-0.015519284697678607,-0.0371710598292454,-7.950930722699923e-05,0.0032758959832790424,-0.019255145343777258,2225,44000000,7.62,0,2,2,-4.035573118705982,3.9082373117472375,3.1329328156036143,-4.035573118705982,3.9082373117472375,3.1329328156036143,57.772258281707764
-4.130889664098318,6.3800632425732875,3.283102412796268,-3.675996171625071,1.8914215265976955,2.9152415428732787,-0.6060975583924482,0.0003958378413874623,0.006951121465415112,-0.7953598399048627,0.12118163116654099,-0.015275296841645424,-0.034608456341696826,-0.0004902472014123305,0.00248526923769532,-0.01817435804696288,2225,228000000,7.53,0,2,2,-4.038930332929047,3.9366143965622897,3.127108838057264,-4.038930332929047,3.9366143965622897,3.127108838057264,58.01785659790039
-4.130889664098318,6.3800632425732875,3.283102412796268,-3.6796435463164294,1.9171773528001432,2.9093455903705245,-0.6075452485933737,0.00047536526549991735,0.0071254234462862056,-0.7942529655469919,0.13534247946628075,-0.01657558572171344,-0.027273672950939482,-0.0017787688648240874,-0.0022659314709017053,-0.018268914027430583,2225,432000000,7.43,0,2,2,-4.042584545288203,3.9683672512289507,3.1214790852941467,-4.042584545288203,3.9683672512289507,3.1214790852941467,58.24655747413635
-4.13551904324917,6.47888033835782,3.3308534925573943,-3.68421695661132,1.9491173065124672,2.904614100880476,-0.6091114773830573,0.00032647942123140844,0.007508458409768713,-0.7930490051590289,0.15506710006285318,-0.018074486696593013,-0.018999518149354046,-0.0016844589708853164,-0.003878485995301162,-0.01773703916114755,2225,622000000,7.31,0,2,2,-4.042584545288203,3.9683672512289507,3.1214790852941467,-4.046156058851315,4.0003776265817805,3.116784480096296,58.529539823532104
-4.13551904324917,6.47888033835782,3.3308534925573943,-3.6901285160798425,1.9893555391341717,2.9016040594913637,-0.6107828635913242,4.163808065537483e-05,0.007910547115112026,-0.7917586217110562,0.1769807596894419,-0.019494048253649754,-0.01036798505839441,0.0013349107121030102,-0.0033107994795500417,-0.017403971833118703,2225,852000000,7.15,0,2,2,-4.042584545288203,3.9683672512289507,3.1214790852941467,-4.050001769541207,4.035841715097463,3.1126628922019695,58.81244349479675
-4.142721361985436,6.576229718320881,3.381966011250105,-3.696312485592629,2.031988758729434,2.9004397082618074,-0.6124126780251545,-0.0002328824644605423,0.007862333451686826,-0.7904991089637677,0.17738463142822927,-0.019793852155221316,-0.0040134394960603115,0.0023516977307735942,-0.0001542617972916105,-0.017076606491173152,2226,93000000,6.97,0,2,2,-4.042584545288203,3.9683672512289507,3.1214790852941467,-4.054064713067825,4.074754539282632,3.1093611518554805,59.1022527217865
-4.142721361985436,6.576229718320881,3.381966011250105,-3.7010495469076825,2.0662543839701217,2.9003931995406775,-0.6137634389150726,-0.0002658500691103023,0.007608155943614123,-0.7894532831890828,0.1667663644461973,-0.019352138399964913,-0.0005564855020229352,0.0021190941197346547,0.0020446023427211912,-0.017113984722527675,2226,322000000,6.82,0,2,2,-4.0579516210964295,4.113887861026927,3.107405176262742,-4.0579516210964295,4.113887861026927,3.107405176262742,59.35782194137573
-4.152547012978048,6.671946651670999,3.43633703506394,-3.705538671709591,2.100970300636136,2.9010688080836737,-0.6152557400425598,-0.00013716032300353006,0.00725616183318539,-0.7882941732926727,0.15188433074109237,-0.018532485441216044,0.003208891631892761,0.0013513311728274857,0.0027852143148265895,-0.01725101792544592,2226,536000000,6.71,0,2,2,-4.0579516210964295,4.113887861026927,3.107405176262742,-4.061085271580558,4.146703862673491,3.106846931275898,59.60197854042053
-4.165039210289305,6.765868159862174,3.493857067992778,-3.7093644773472723,2.131813001647674,2.9025822089711197,-0.6166243048228081,-8.415976637849657e-05,0.007103256543615708,-0.7872255098543223,0.15605351911288873,-0.018828050903051147,0.008382360784190343,0.001211411984058941,0.0004500159235476531,-0.017413576642866246,2226,740000000,6.61,0,2,2,-4.064435637235616,4.182937955347278,3.1072490487784576,-4.064435637235616,4.182937955347278,3.1072490487784576,59.855504751205444
-4.165039210289305,6.765868159862174,3.493857067992778,-3.7134512841844054,2.165792167327113,2.9054218945205283,-0.6180995059571256,-0.00013048514743563971,0.00693014308476036,-0.7860693079023046,0.15475642129456685,-0.01886397557366339,0.014195276705718258,0.001259244368156942,0.00034181697401436395,-0.016709870033082552,2226,947000000,6.51,0,2,2,-4.064435637235616,4.182937955347278,3.1072490487784576,-4.067388533331628,4.216027250354743,3.108617317219361,60.11620211601257
-4.1802339303802745,6.857833443958347,3.5544102723452164,-3.7176516425381725,2.201159834777519,2.909782352883041,-0.619502347160696,-0.0002267202998133301,0.006864545757595218,-0.7849647561972677,0.16490942642220666,-0.019516990024905742,0.02156405560563892,0.0012407970643835142,-0.0004929228737182711,-0.015928565699141473,2227,164000000,6.4,0,2,2,-4.0705248107713965,4.252523504066528,3.111132310164898,-4.0705248107713965,4.252523504066528,3.111132310164898,60.390058755874634
-4.1802339303802745,6.857833443958347,3.5544102723452164,-3.7226542279764523,2.243893777821151,2.9167375326643694,-0.6210955461895707,-0.00029582186185125436,0.006729733079750988,-0.7837059050980667,0.1668713771894209,-0.01943545348448002,0.028688117118665778,0.001107306707126554,8.680699821184135e-05,-0.015296046694857068,2227,392000000,6.27,0,2,2,-4.0705248107713965,4.252523504066528,3.111132310164898,-4.073574369883296,4.289171346405806,3.114732342871637,60.69436311721802
-4.198159873902308,6.947684308549583,3.6178747020262705,-3.727516706786725,2.285186024659191,2.92498917016663,-0.6225081937035869,-0.0003832720926386121,0.006642434866239185,-0.7825849985359087,0.17521438785303026,-0.019653697677313255,0.03594053066657234,0.0014214542488844017,3.24918623118009e-05,-0.014893462412146619,2227,647000000,6.13,0,2,2,-4.0705248107713965,4.252523504066528,3.111132310164898,-4.077109836205872,4.332711011088812,3.120429302475841,60.98904848098755
-4.198159873902308,6.947684308549583,3.6178747020262705,-3.7319106200030245,2.323212172468952,2.933842999506361,-0.6237837588013257,-0.00041554548695128986,0.006481018293939056,-0.7815699878958451,0.1702018752239704,-0.019317132905449157,0.040810131228198,0.0015337498439293995,0.0012156183970546408,-0.01478102631153888,2227,880000000,6.0,0,2,2,-4.08033655906468,4.37311621665916,3.1271043339789486,-4.08033655906468,4.37311621665916,3.1271043339789486,61.27092957496643
-4.218838448284354,7.035265581066037,3.684122548120574,-3.736166770853797,2.3621678589491464,2.9446329528230226,-0.6251614551501378,-0.00033354106808266594,0.006201700827898781,-0.7804707442638444,0.15891543198665586,-0.018529936420416768,0.04587492301395693,0.0013156063005226315,0.0017687149579614925,-0.014570873827324249,2228,112000000,5.89,0,2,2,-4.08323573868347,4.410277834623849,3.1343447475222677,-4.08323573868347,4.410277834623849,3.1343447475222677,61.55362296104431
-4.218838448284354,7.035265581066037,3.684122548120574,-3.740013331912782,2.397808005441954,2.955661895106032,-0.6263977283466408,-0.00032617708582786085,0.006032274243809059,-0.7794802057769806,0.1655606098169587,-0.0184640052058584,0.05124697756524481,0.0012477474001570954,0.0004358359802836276,-0.014228393774828874,2228,339000000,5.78,0,2,2,-4.08323573868347,4.410277834623849,3.1343447475222677,-4.086365459241272,4.450953369972834,3.1434632247290932,61.8253448009491
-4.242283771069134,7.12042552534505,3.7530203962825324,-3.744099156250681,2.4349547437216126,2.967963945821901,-0.6275930716724905,-0.00038370353068817656,0.005916616292977514,-0.7785189675351079,0.17146399302056547,-0.018360611844339313,0.0570339968182066,0.0013362071513256524,0.0003339496601029168,-0.013678726372745587,2228,566000000,5.68,0,2,2,-4.08323573868347,4.410277834623849,3.1343447475222677,-4.0892209597925655,4.4883279366879885,3.1528855568611904,62.09961009025574
-4.268502693892854,7.203016248319119,3.8244294954150533,-3.748108318949361,2.4719505083054667,2.981329038569288,-0.6287227499649711,-0.0003803906957397709,0.005730049737194858,-0.7776083368312173,0.16537070944703958,-0.01791206541035808,0.06126126831040849,0.0015842413972677605,0.0015334703107328096,-0.012858858553954633,2228,786000000,5.56,0,2,2,-4.08323573868347,4.410277834623849,3.1343447475222677,-4.0920743124740415,4.525806849238296,3.16339251124873,62.3677122592926
-4.268502693892854,7.203016248319119,3.8244294954150533,-3.7513883884365935,2.5036593383484527,2.994262030678694,-0.6296991399511151,-0.0003222797467036867,0.005483811066553203,-0.776819681198138,0.1534554659116356,-0.01713847561996982,0.06512065958535578,0.001502878717474232,0.0021211992816461134,-0.012347270330792526,2229,7000000,5.47,0,2,2,-4.08323573868347,4.410277834623849,3.1343447475222677,-4.094960519041926,4.563408365454024,3.1750379628675875,62.599892377853394
-4.297494846945124,7.2828940987080575,3.8982060370957945,-3.753976974537032,2.5301252421658225,3.006615643401547,-0.6305350358626574,-0.00025940123361663844,0.005263152840227281,-0.7761428995248605,0.14214099776723788,-0.01641330480683077,0.06942538164330557,0.0014044067484064726,0.0019313258462716476,-0.011704622829711298,2229,200000000,5.39,0,2,2,-4.08323573868347,4.410277834623849,3.1343447475222677,-4.097613440269072,4.59764038237017,3.186476578519029,62.81543564796448
-4.297494846945124,7.2828940987080575,3.8982060370957945,-3.7557602560423633,2.5494187237245565,3.016713596093351,-0.6311575012904498,-0.00021134409147212894,0.0051094323244495685,-0.7756378392006109,0.13456815385320614,-0.01603855887514849,0.07241881510132984,0.0012330732829468616,0.0018083455756823241,-0.011285976142971776,2229,379000000,5.32,0,2,2,-4.08323573868347,4.410277834623849,3.1343447475222677,-4.100037431929437,4.628515136189426,3.197517504560187,63.01689291000366
-4.297494846945124,7.2828940987080575,3.8982060370957945,-3.7578092489748927,2.572865939449371,3.030344587118934,-0.631911985360139,-0.00017993765634216532,0.004903295417409356,-0.7750246241731268,0.1270439564199704,-0.015509265709042888,0.07704966512975751,0.001732075213567441,0.0015578269312754855,-0.010309128720109584,2229,533000000,5.27,0,2,2,-4.08323573868347,4.410277834623849,3.1343447475222677,-4.101946005625756,4.652561568723451,3.2065488121422625,63.2169828414917
-4.329252703688477,7.359920056617248,3.9742014451881875,-3.759468901829884,2.592732832814536,3.043180715370185,-0.6325263013628665,-0.0001647331155633933,0.004714298963499126,-0.7745245162888618,0.12190825900018168,-0.015174465706247373,0.08129903728193699,0.0016703326991773793,0.0016497331898790435,-0.009622712423151825,2229,700000000,5.19,0,2,2,-4.08323573868347,4.410277834623849,3.1343447475222677,-4.104416707705888,4.683480835815338,3.2186790403738814,63.42222547531128
-4.329252703688477,7.359920056617248,3.9742014451881875,-3.761179827741336,2.6142197284657995,3.05837169588699,-0.6331683658499191,-0.0001364448922109556,0.004500550079104232,-0.7740009993008533,0.11728824118506283,-0.014895226737857013,0.08550609027412516,0.0015872251083237643,0.0017465561427343346,-0.008887248168321094,2229,859000000,5.12,0,2,2,-4.08323573868347,4.410277834623849,3.1343447475222677,-4.106649236325169,4.7109913680187,3.2300182112845857,63.654356479644775
-4.363761665560097,7.433960112965551,4.052262675054003,-3.7629411209398547,2.6373379931277467,3.0762282687088605,-0.6337982754642173,-0.00013872844347324626,0.004218606300854758,-0.7734868648748221,0.11413071912583916,-0.0146583032580208,0.09118555300245654,0.0021431822915474186,0.0017063190512089932,-0.007642343553015962,2230,57000000,5.08,0,2,2,-4.08323573868347,4.410277834623849,3.1343447475222677,-4.109504810870809,4.7454250816166885,3.2449289996580957,63.883395195007324
-4.363761665560097,7.433960112965551,4.052262675054003,-3.7642522935517966,2.655366714189896,3.091280101777789,-0.6342636553795917,-0.00014527576875719467,0.004020232562475367,-0.77310635237955,0.11131244263853435,-0.014607140732134158,0.09523483569386877,0.0018616957618178276,0.0013184134786570212,-0.007451502915500896,2230,242000000,4.95,0,2,2,-4.112150630225351,4.776456077707166,3.259098227642204,-4.112150630225351,4.776456077707166,3.259098227642204,64.09976840019226
-4.401000166322823,7.504885637691123,4.132232521764883,-3.7654524115158603,2.672861335148798,3.107017777258903,-0.6347212238681231,-0.00019496629357760122,0.003857750584529117,-0.7727315495823396,0.10716189139758452,-0.014423048937898614,0.10001429555985378,0.001965733758879651,0.0002810329419844493,-0.00736788483663986,2230,414000000,4.88,0,2,2,-4.112150630225351,4.776456077707166,3.259098227642204,-4.114564272275373,4.8040304864281795,3.272199717719745,64.28578782081604
-4.401000166322823,7.504885637691123,4.132232521764883,-3.7666109151362703,2.688736232081162,3.121428862574371,-0.6350935179693352,-0.00027473003227569876,0.0037388978431359713,-0.7724261573766528,0.12450997953545137,-0.014485339122562533,0.10422793165858771,0.0020945699134244933,0.0003009819124599744,-0.006227591075003147,2230,567000000,4.79,0,2,2,-4.117032046852497,4.831605071507498,3.285830498033422,-4.117032046852497,4.831605071507498,3.285830498033422,64.47027015686035
-4.401000166322823,7.504885637691123,4.132232521764883,-3.769057741410104,2.714157953695251,3.1408730983956112,-0.6354916107648159,-0.0002745781373055423,0.0036401586596984436,-0.772099142920984,0.1571088500419249,-0.014336002920489168,0.11004580578432374,6.573985515956338e-05,0.0010713367601056234,-0.005480803247337462,2230,714000000,4.71,0,2,2,-4.119232222492341,4.855729673738016,3.2981567811918753,-4.119232222492341,4.855729673738016,3.2981567811918753,64.66705679893494
-4.44093979567767,7.5725737357109155,4.213949936692153,-3.772610044914401,2.7450539240314904,3.1613583333887103,-0.635857849843836,-0.0001496915845744524,0.003547958613905354,-0.7717980204522924,0.18613679631864607,-0.013983494895204725,0.11529972572793723,-0.00010833784500619004,0.0022797360088588903,-0.005125416100781877,2230,882000000,4.61,0,2,2,-4.119232222492341,4.855729673738016,3.2981567811918753,-4.122102615671947,4.886724743242898,3.3144713854532486,64.8919689655304
-4.44093979567767,7.5725737357109155,4.213949936692153,-3.778793016197164,2.7933788210549264,3.1899702884212333,-0.6363534457037521,0.00010463210993273231,0.0033305430136143397,-0.771390425579886,0.217396719157476,-0.013456356068211234,0.12101018160656378,7.721292263340729e-05,0.002907466569013195,-0.005589126249105902,2231,65000000,4.53,0,2,2,-4.119232222492341,4.855729673738016,3.2981567811918753,-4.1250465813173625,4.917709501519863,3.331384673939868,65.1825954914093
-4.483545441696767,7.63690758964005,4.297250351837314,-3.785652633374197,2.843343489074156,3.2174319856190743,-0.6368445063499311,0.00033908624454058326,0.003127489461185439,-0.7709858484836809,0.2380828428865335,-0.012712088958538276,0.12630236360647099,0.00024564193381593213,0.002737637987593189,-0.005934381215411122,2231,314000000,4.43,0,2,2,-4.129127673232754,4.958999934978105,3.3548729554381773,-4.129127673232754,4.958999934978105,3.3548729554381773,65.45294141769409
-4.483545441696767,7.63690758964005,4.297250351837314,-3.7936738718983176,2.899676941188712,3.248392086752829,-0.637439781963283,0.0004994390897554279,0.0029259766998190654,-0.7704944604548106,0.2375944726245492,-0.011379901932647502,0.12998723473934642,0.001189219290154142,0.00146066828392577,-0.0066173842697025975,2231,536000000,4.35,0,2,2,-4.133059025514408,4.996856088751682,3.377423752294921,-4.133059025514408,4.996856088751682,3.377423752294921,65.72462964057922
-4.528775451583464,7.697776788310476,4.381966011250105,-3.802050988564055,2.956808642470579,3.2802917652486605,-0.638039228072025,0.00048751434358013904,0.0027456757151970356,-0.7699988097626426,0.24191624118196686,-0.010205827033614737,0.13386816555663816,0.0010911716231021273,0.00046939163382830884,-0.006462800365625299,2231,763000000,4.25,0,2,2,-4.133059025514408,4.996856088751682,3.377423752294921,-4.137525019037697,5.038075002561499,3.402962484386697,66.01342606544495
-4.528775451583464,7.697776788310476,4.381966011250105,-3.809871101525359,3.0089557237222846,3.3101440522738095,-0.638589408548613,0.0004385869497049112,0.002657007479403426,-0.7695429261855862,0.2359889909971867,-0.008962636703147073,0.13609842475909772,0.0005345336774098541,-0.00013481799641112957,-0.006404188252417953,2231,998000000,4.14,0,2,2,-4.142162068768826,5.07922129299131,3.429543661999259,-4.142162068768826,5.07922129299131,3.429543661999259,66.29539442062378
-4.576581810215823,7.755077640164158,4.467926308866649,-3.817385889106984,3.0581299259805106,3.340546651536972,-0.6391071256522344,0.0003655044138275237,0.002667067414295593,-0.7691130184169749,0.21849635577210152,-0.007415612437973673,0.13869603136539238,0.0002798540748472078,-0.0008952674193096755,-0.0058793494645215105,2232,227000000,4.03,0,2,2,-4.142162068768826,5.07922129299131,3.429543661999259,-4.146618756322134,5.116890149121176,3.454901661879338,66.56155037879944
-4.576581810215823,7.755077640164158,4.467926308866649,-3.8245741697827995,3.104183745946352,3.3713942768246605,-0.6395810328717761,0.0002629136861974294,0.0027218893813269864,-0.7687188202361519,0.205855585617092,-0.00606125577649721,0.14044764925533,0.00027706938396931946,-0.0011857941217385815,-0.005260038460619398,2232,446000000,3.92,0,2,2,-4.142162068768826,5.07922129299131,3.429543661999259,-4.151271838114159,5.154461058017318,3.4810722569606827,66.8372163772583
-4.626910335880682,7.8087134706344985,4.55495813208737,-3.8301716818300435,3.1392473151263487,3.3970055181694225,-0.6399063167366246,0.00015470657590414025,0.0027816380821051425,-0.7684478800517456,0.19070743191633072,-0.004853654154751955,0.14264630018219676,0.00021663607299160503,-0.0015140586015149893,-0.004328705654188525,2232,675000000,3.81,0,2,2,-4.142162068768826,5.07922129299131,3.429543661999259,-4.156131323746712,5.1919478357755615,3.508063495211737,67.10698819160461
-4.6797008925584365,7.858594902670625,4.642886210402726,-3.8354251455526147,3.1714326115966163,3.4229857080600974,-0.6401747336082475,6.323895763474404e-05,0.002839851015577187,-0.7682240829970464,0.1734028697263344,-0.0037158173727064063,0.1445948050287341,0.00011236271078018945,-0.0009694412824501342,-0.003525669558257505,2232,856000000,3.72,0,2,2,-4.142162068768826,5.07922129299131,3.429543661999259,-4.160266126272438,5.22254258161572,3.5307110058158107,67.32070350646973
-4.6797008925584365,7.858594902670625,4.642886210402726,-3.840829416236837,3.203635244736518,3.452386392852391,-0.6404087505747073,-8.216368395291005e-05,0.002790184422702169,-0.768029192353623,0.15544712498579008,-0.0024498723395841105,0.1481550615460959,0.001504741305780044,-0.0007468472233540524,-0.002680972602320253,2233,37000000,3.69,0,2,2,-4.142162068768826,5.07922129299131,3.429543661999259,-4.165013753338537,5.2564127793245845,3.5564171358787955,67.54177761077881
-4.734887618073344,7.904640119602524,4.731533468364688,-3.845897834251562,3.2326433914159245,3.4826979246168683,-0.6405466649091476,-0.0002497220081365914,0.0026977669906525174,-0.7679144677410048,0.1413551610458833,-0.0010965184009317434,0.1535100898401262,0.0017174865206470713,-0.0006547317980221123,-0.001197649714868021,2233,221000000,3.54,0,2,2,-4.169434507141076,5.286783751918197,3.5800924835083747,-4.169434507141076,5.286783751918197,3.5800924835083747,67.79136371612549
-4.734887618073344,7.904640119602524,4.731533468364688,-3.8512217841142964,3.2617195938683334,3.5172059938593527,-0.6406173856878516,-0.00039528862729082057,0.0025813123343009672,-0.7678558105061106,0.13102743392329746,8.811545154360334e-05,0.1587345502134741,0.002344451399949321,-0.00016081484801588886,-0.0005788228747860558,2233,433000000,3.44,0,2,2,-4.169434507141076,5.286783751918197,3.5800924835083747,-4.174558185385914,5.320435826297123,3.607096938771876,68.0485486984253
-4.734887618073344,7.904640119602524,4.731533468364688,-3.8568036668653085,3.290906855665326,3.552708206623897,-0.640643857256254,-0.0005672802133788026,0.00233521564744901,-0.7678344047520064,0.1392579489471978,0.0012101673092472054,0.16264830238226985,0.0025914979914887226,0.0006777800820145785,-0.0001436251295672264,2233,646000000,3.33,0,2,2,-4.169434507141076,5.286783751918197,3.5800924835083747,-4.180420042744169,5.357322004585668,3.6375091393155277,68.31955337524414
-4.792399167380991,7.946775109590542,4.820721382193133,-3.8633747463066417,3.3239533595306336,3.592294146922972,-0.640645910247562,-0.0006235235007408835,0.002021155243321957,-0.7678335391430874,0.14119195807565207,0.0023982358999621754,0.1659390157900768,0.0020257833966752514,0.0018402916794002522,0.00011110983209050573,2233,877000000,3.29,0,2,2,-4.169434507141076,5.286783751918197,3.5800924835083747,-4.187084972580564,5.3973785914817425,3.671509881325781,68.60729479789734
-4.8521589702234715,7.984933890950487,4.91027033929897,-3.8694903838111676,3.3535297764640575,3.629184231892028,-0.6406209406164559,-0.0005582535708890967,0.001722537396725165,-0.7678551501823468,0.13428124310388004,0.0034051337332411404,0.1685297556080349,0.000653735901323671,0.0022235383539737086,0.00048457260959366977,2234,110000000,3.12,0,2,2,-4.193462891213331,5.433916727982094,3.7034598368140785,-4.193462891213331,5.433916727982094,3.7034598368140785,68.8671555519104
-4.8521589702234715,7.984933890950487,4.91027033929897,-3.876056099055209,3.38350434569138,3.6702628780778546,-0.6405453162501431,-0.0004041368613259338,0.0015731454865343995,-0.7679186543616969,0.12806936160076204,0.0048251742409571915,0.1727681564357967,0.0009438084077828535,0.0014552381685462024,0.0009235670859197853,2234,336000000,3.05,0,2,2,-4.193462891213331,5.433916727982094,3.7034598368140785,-4.200145707760108,5.470291070341036,3.7362236889985296,69.15981888771057
-4.914085502344078,8.019058717695309,4.999999999999999,-3.8828284404363917,3.4137442500322326,3.7087233728813835,-0.6404784972918773,-0.0003354600463430879,0.0013669318366481985,-0.7679748130444448,0.15192538949654583,0.005722736234086952,0.17592726361178707,0.0008229094476064347,0.0020270814275136217,0.0007255764728597569,2234,573000000,2.96,0,2,2,-4.193462891213331,5.433916727982094,3.7034598368140785,-4.207735222769218,5.50975833851735,3.772658241802139,69.40827703475952
-4.914085502344078,8.019058717695309,4.999999999999999,-3.8920002203319024,3.454372529803345,3.754920524709611,-0.6403990627229511,-0.00011872936371007045,0.001133387649610466,-0.7680414974461597,0.1645406771018394,0.0070819171539026355,0.17904025700680176,-0.0009161640662114223,0.0024324724790858454,0.0011765729141188785,2234,783000000,2.89,0,2,2,-4.193462891213331,5.433916727982094,3.7034598368140785,-4.214959012765854,5.545700135773199,3.8067512881558097,69.73898100852966
-4.978092569416851,8.049100264685944,5.089729660701029,-3.9017726630748597,3.4957319622851704,3.8020844059942878,-0.6402284868366341,0.0001628437211989523,0.0010548380511576929,-0.768183796653823,0.15950241342340168,0.008914311902024335,0.18314494061449282,-0.0007601043705562915,0.0015600950405314506,0.002252604031127703,2235,51000000,2.81,0,2,2,-4.193462891213331,5.433916727982094,3.7034598368140785,-4.223770359410925,5.587847017129435,3.8476697746987005,70.04504370689392
-4.978092569416851,8.049100264685944,5.089729660701029,-3.90850402171843,3.52252124508997,3.835330599203726,-0.6400463695068326,0.0002772377970138007,0.001046722568438835,-0.7683355207148708,0.1480756438624291,0.010135021623657285,0.18578506374697282,-0.0007396469243303727,0.0006095729588651011,0.002878015311580384,2235,299000000,2.74,0,2,2,-4.23291851796048,5.629598280861382,3.8893479421077704,-4.23291851796048,5.629598280861382,3.8893479421077704,70.27628421783447
-5.044089602812401,8.07501779183718,5.179278617806866,-3.915820261651085,3.5497358430092807,3.8729559005411067,-0.6397737449922853,0.0002247431453037385,0.0009855002911145737,-0.7685626412324769,0.13545440016535448,0.011696000910410528,0.18988444735273086,0.0011828708466055105,-0.00039388101811255183,0.003889815525326412,2235,485000000,2.69,0,2,2,-4.23291851796048,5.629598280861382,3.8893479421077704,-4.239519066598429,5.658314616634439,3.918729245050909,70.5183093547821
-5.044089602812401,8.07501779183718,5.179278617806866,-3.9227825525775684,3.5753319834549915,3.9071791134764027,-0.6395653303239345,0.00015777374591440738,0.000836003107433957,-0.7687362775711094,0.1568441825747956,0.012056864123445008,0.1901368590141294,0.0016768461136962287,0.0012189707149445894,0.0024692176793905674,2235,686000000,2.62,0,2,2,-4.23291851796048,5.629598280861382,3.8893479421077704,-4.247129509459558,5.690044770892869,3.9517890529248034,70.76389598846436
-5.1119819662900525,8.096779286879451,5.26846653163531,-3.9332173307248266,3.6145120914176014,3.952992943321327,-0.6393409591139436,0.00039756337116963374,0.0007936738308210818,-0.7689228505022325,0.17741648781700847,0.013323227709732549,0.19141233525941456,-0.0015931803886815032,0.0022549786081071943,0.0024701799929971457,2235,875000000,2.56,0,2,2,-4.23291851796048,5.629598280861382,3.8893479421077704,-4.254208035927541,5.718433863295254,3.981876573476312,71.05461645126343
-5.1119819662900525,8.096779286879451,5.26846653163531,-3.942669012187557,3.6497738923054865,3.991361429588571,-0.639146404396316,0.0006958324366115509,0.000748035994811365,-0.7690844101960663,0.18586886918850337,0.014358413039886924,0.1922216632538884,-0.0014386046586878365,0.0027888179147339542,0.0025882020963763352,2236,113000000,2.51,0,2,2,-4.263982386608199,5.755987158072952,4.022510972486474,-4.263982386608199,5.755987158072952,4.022510972486474,71.30239152908325
-5.181671272677615,8.11436158623374,5.357113789597273,-3.954391160229349,3.6917769970255403,4.037875445231655,-0.6387783221546259,0.0008656050197356408,0.000638251231951908,-0.7693900821486039,0.18023675396806407,0.016335671919373716,0.1950090480086044,0.0006241601738565805,0.0012001515074189228,0.004484546752792085,2236,316000000,2.54,0,2,2,-4.263982386608199,5.755987158072952,4.022510972486474,-4.2732307784862655,5.790098998011171,4.060152730961743,71.56955194473267
-5.181671272677615,8.11436158623374,5.357113789597273,-3.965761400192778,3.7320278435865166,4.080743086943716,-0.6384305157213876,0.0009651735055811014,0.0004748919029130887,-0.7696787118749664,0.19491569335897727,0.017127618623661578,0.19518647024690433,-0.0007849128508041758,0.0016185365666387952,0.004428417196322698,2236,538000000,2.46,0,2,2,-4.263982386608199,5.755987158072952,4.022510972486474,-4.282800549996127,5.823908363895644,4.098256779310265,71.84655237197876
-5.2530557095740935,8.12775047361449,5.445041867912629,-3.977683395538906,3.7733857958415715,4.1237689423580175,-0.6379471230907844,0.0011161472124057701,0.0005178079760442234,-0.7700791869869562,0.19251781290635073,0.01876925581811921,0.1963794918954347,-0.0012946111269229732,0.00023925184962081403,0.006589694294234505,2236,759000000,2.45,0,2,2,-4.263982386608199,5.755987158072952,4.022510972486474,-4.292713379425108,5.857376092932153,4.136895744079322,72.13941836357117
-5.326030373087438,8.136940756034273,5.53207369113335,-3.9907445383693947,3.8160767002016844,4.171031889411355,-0.6372712743027619,0.001160116588285471,0.000652597773075054,-0.770638404956684,0.1764954832167963,0.020716034481606672,0.1981662376476671,0.00037974846236465964,-0.0010615811561365263,0.008193287158064777,2236,996000000,2.51,0,2,2,-4.263982386608199,5.755987158072952,4.022510972486474,-4.303844679650145,5.893473364252901,4.179464385807115,72.42180728912354
-5.326030373087438,8.136940756034273,5.53207369113335,-4.0003425700946105,3.844886848292096,4.206930743650378,-0.6366267131306528,0.0010058791223285929,0.0007077950172882723,-0.7711711323447384,0.1590937705129904,0.02252788335962858,0.20088074883505785,0.0005248140382718702,-0.0021932561594439903,0.009992980540118879,2237,232000000,2.49,0,2,2,-4.263982386608199,5.755987158072952,4.022510972486474,-4.3143553629758244,5.926127810268297,4.218908291759947,72.64471530914307
-5.400487608599136,8.141936316943644,5.618033988749894,-4.0107744048657645,3.8732101079541583,4.247538479872606,-0.6357968674835333,0.0007242181408337723,0.0007845138917083877,-0.7718556881594929,0.13988198797811138,0.024910884012109735,0.2052908120365123,0.0011694898489622574,-0.0030104258030405617,0.011304624058539048,2237,416000000,2.53,0,2,2,-4.263982386608199,5.755987158072952,4.022510972486474,-4.32321961082731,5.952575200749335,4.251522329938268,72.87031245231628
-5.400487608599136,8.141936316943644,5.618033988749894,-4.02204286557879,3.9002911151603734,4.293275538871376,-0.6348619038737104,0.0003865577793171499,0.0008654514788598976,-0.7726250478574122,0.12297053640890707,0.027242051389000783,0.21046717153118416,0.0025989184450736502,-0.002617301925056381,0.010676142846932635,2237,603000000,2.59,0,2,2,-4.333426932911954,5.981738139225612,4.288166855603288,-4.333426932911954,5.981738139225612,4.288166855603288,73.14519119262695
-5.47631735752994,8.142750146300394,5.702749648162685,-4.033262992769064,3.9241142006651932,4.340317077248829,-0.6340028938848613,4.348473225462065e-06,0.0007813910254065562,-0.7733302787003605,0.1148286411036076,0.029464957896004264,0.21593456748289236,0.0031230715876517934,-0.001370323138871754,0.008831388549879193,2237,827000000,2.66,0,2,2,-4.333426932911954,5.981738139225612,4.288166855603288,-4.345031332305946,6.013539837337931,4.328788280099393,73.40077424049377
-5.47631735752994,8.142750146300394,5.702749648162685,-4.045244866791356,3.950756216293675,4.387689126318371,-0.6335174803171502,-9.67943784975151e-05,0.0004831673922242102,-0.7737282205740776,0.14158922751652359,0.02953521405796814,0.2147289822860229,-0.0011033615578526224,0.002490788710929337,0.00409155541092332,2238,39000000,2.73,0,2,2,-4.333426932911954,5.981738139225612,4.288166855603288,-4.357014252649223,6.044980553719029,4.3697664593299,73.67946290969849
-5.553407509066662,8.139404347423483,5.786050063307846,-4.059606797055658,3.9849350005708097,4.439180336252816,-0.6331555996380538,0.00036074145059392825,0.0004543114883344594,-0.7740243213967206,0.15869518533365104,0.03100744051540561,0.21429249624589977,-0.002700293703128409,0.00349696138073341,0.003887734737872961,2238,269000000,2.77,0,2,2,-4.333426932911954,5.981738139225612,4.288166855603288,-4.3692833702880955,6.0760515833566755,4.410941940317329,73.97092986106873
-5.553407509066662,8.139404347423483,5.786050063307846,-4.072304976458124,4.0153999126347735,4.481968416503945,-0.6328438451151087,0.0007990862900645124,0.00043137228943265706,-0.7742789181418884,0.16419443086919355,0.032245020639368516,0.2138739060296123,-0.0022278851702139946,0.003471403215371538,0.004228943544148933,2238,509000000,2.81,0,2,2,-4.383013826669362,6.109458154384675,4.456155989847691,-4.383013826669362,6.109458154384675,4.456155989847691,74.21320486068726
-5.631644255798397,8.131930120548828,5.867767478235116,-4.086539146705049,4.0478814374822285,4.529270390664888,-0.6322735479264998,0.0010422411711826967,0.00036093575460523046,-0.7747444378962383,0.15504934165750944,0.034391879742215435,0.21587385856856534,0.00036979144795168395,0.001497726100296859,0.007525613091274863,2238,704000000,2.86,0,2,2,-4.383013826669362,6.109458154384675,4.456155989847691,-4.394735003399879,6.136867341218351,4.494101112000938,74.49079418182373
-5.631644255798397,8.131930120548828,5.867767478235116,-4.099992782103775,4.0787417727880975,4.572169246415285,-0.631780393650037,0.001157649667258918,0.0001653302243821243,-0.7751465453142192,0.17201705322654126,0.03459363109224815,0.2138746156804316,0.00016652353806989595,0.002533510883040435,0.005843643157277256,2238,926000000,2.95,0,2,2,-4.383013826669362,6.109458154384675,4.456155989847691,-4.407884813142598,6.166569582358862,4.536068007474939,74.74940896034241
-5.71091245220216,8.12036772306612,5.947737324945997,-4.1154878276635545,4.114833816379929,4.619051648109013,-0.6311147759755685,0.001412640585616565,0.00018845583880576554,-0.7756881515636812,0.17555872574358408,0.03604767367346375,0.21318535038065828,-0.0019011086465070548,0.0010856250355573138,0.00911721954253153,2239,127000000,3.03,0,2,2,-4.383013826669362,6.109458154384675,4.456155989847691,-4.420064252388189,6.193158072717843,4.5743435691687075,75.02763652801514
-5.71091245220216,8.12036772306612,5.947737324945997,-4.135637056158569,4.1594128586281585,4.678630938338893,-0.6299708539106847,0.0015736969349777184,0.00033909736657281963,-0.7766171075336774,0.16181898748470938,0.03880394354300924,0.21393170424567076,-0.00039589854736732377,-0.0008423092879183969,0.012457736011128873,2239,351000000,3.15,0,2,2,-4.383013826669362,6.109458154384675,4.456155989847691,-4.4337402038636275,6.221914811877449,4.616611452361747,75.35541462898254
-5.791095974912476,8.104766406478063,6.025798554811812,-4.149952845321438,4.187722785081269,4.721562371049214,-0.6289002835578543,0.0014704024552795068,0.0004826516126764399,-0.7774844296221568,0.14510038817042553,0.041191764573925246,0.21603345319475556,-0.000318962158019076,-0.002296442880833638,0.014615922464145115,2239,624000000,3.34,0,2,2,-4.383013826669362,6.109458154384675,4.456155989847691,-4.451600015981417,6.257872735048843,4.670552173960819,75.60733222961426
-5.872078083707181,8.085184330185637,6.101793962904205,-4.162646623923608,4.209982773010683,4.760607292764636,-0.6278349044136861,0.0012806260557964144,0.0006357040470478154,-0.7783452246125285,0.1272095268303318,0.043379407791995506,0.2182449149472343,-6.337740430240046e-05,-0.0030339036811710685,0.01558792373543838,2239,820000000,3.52,0,2,2,-4.383013826669362,6.109458154384675,4.456155989847691,-4.464843788580447,6.283204530133799,4.7092640945706705,75.82217836380005
-5.872078083707181,8.085184330185637,6.101793962904205,-4.1737757860151445,4.227208373796234,4.795765692725723,-0.6268818237339049,0.0009852619922615415,0.0006489030396051534,-0.7791134623761196,0.1135412509290076,0.045499872143628904,0.2215022338704627,0.002383397395533393,-0.002932175880232535,0.015067839285620721,2240,1000000,3.7,0,2,2,-4.383013826669362,6.109458154384675,4.456155989847691,-4.477106278524539,6.305714836240437,4.744278933794036,76.02599287033081
-5.953741782142302,8.061688452265003,6.175570504584946,-4.187630956762465,4.24586113035261,4.840575503866513,-0.6257745058024566,0.0006036195225852829,0.0006004382327975087,-0.7800035532002989,0.09945954008307303,0.048605756181908,0.22672582345843767,0.002594623492768733,-0.0024271673282783013,0.013439549456961686,2240,170000000,3.87,0,2,2,-4.488221889363069,6.325493484578268,4.775445904505499,-4.488221889363069,6.325493484578268,4.775445904505499,76.25453352928162
-5.953741782142302,8.061688452265003,6.175570504584946,-4.2001594312523,4.260445721379517,4.881812989355596,-0.6249304661730216,0.000331744584919517,0.0005336472430211958,-0.7806801634567898,0.08981310616457351,0.051071535101440246,0.23127370758559787,0.0021343249954952626,-0.0015887418499005435,0.011095861282228725,2240,366000000,4.07,0,2,2,-4.488221889363069,6.325493484578268,4.775445904505499,-4.5024311610304535,6.34990820287036,4.81447384594348,76.47081446647644
-5.953741782142302,8.061688452265003,6.175570504584946,-4.211685052681619,4.274408989065339,4.91866889284576,-0.624524353076545,0.0001501567665530595,0.00024137979476351938,-0.7810052826985634,0.11281211826061174,0.05059565303746384,0.22917108749810028,0.004591712058754638,0.0023501667556047323,0.002886261609091889,2240,539000000,4.24,0,2,2,-4.488221889363069,6.325493484578268,4.775445904505499,-4.515523877156531,6.371588922930271,4.849676909384469,76.6876015663147
-6.035970176772812,8.034354397463265,6.246979603717467,-4.223970411057695,4.292357041437844,4.955040634368832,-0.6245347921556466,0.00018345127821222756,-0.0002544935601909742,-0.7809969237876417,0.1380091485961376,0.049801744306773185,0.22564764212933416,0.004438338191903313,0.005648437445415766,-0.002417416772004799,2240,705000000,4.34,0,2,2,-4.527356669881555,6.390626850794684,4.880936009091254,-4.527356669881555,6.390626850794684,4.880936009091254,76.88880944252014
-6.035970176772812,8.034354397463265,6.246979603717467,-4.240293568035599,4.320122860928023,4.999621080295374,-0.6248908022179342,0.00048046300506208593,-0.0010297800184792942,-0.7807113384675801,0.16594851920222026,0.04887498112399579,0.22074541284035237,0.0027992785817332333,0.008160028392012464,-0.0058653099131333875,2240,866000000,4.37,0,2,2,-4.527356669881555,6.390626850794684,4.880936009091254,-4.539419948995841,6.409428869829531,4.912220694857439,77.12591004371643
-6.118646833902687,8.003266302701505,6.315877451879425,-4.261189046915764,4.359739550963308,5.051898576877364,-0.6252257303569022,0.001293596648362619,-0.001451554524314109,-0.7804415453426683,0.18993425922173385,0.04930716106717755,0.21614322337741143,-0.002326176650058187,0.006658839674855699,-0.0011270935374341207,2241,66000000,4.35,0,2,2,-4.527356669881555,6.390626850794684,4.880936009091254,-4.554803917582708,6.432609655088613,4.951338644707738,77.41363382339478
-6.118646833902687,8.003266302701505,6.315877451879425,-4.281317965498894,4.399789177091855,5.098805155194607,-0.6250851081507132,0.0019298560722263319,-0.0016365277815562134,-0.7805524998362197,0.2000318600218443,0.050168711165758426,0.21256404891290615,-0.0033343499580951175,0.0042215699977532495,0.004872799854638288,2241,306000000,4.31,0,2,2,-4.573763853292799,6.459893583119607,4.9983347525007975,-4.573763853292799,6.459893583119607,4.9983347525007975,77.69852471351624
-6.201656132817683,7.968516640433846,6.382125297973729,-4.303686207704122,4.442623518711842,5.149455942252063,-0.624036661776613,0.0023383682286011974,-0.0014021259580501864,-0.7813903063357813,0.18796039829707284,0.052782257266199104,0.2113980124520515,-0.003235828194192436,-0.0004558698435630504,0.015297421577997738,2241,536000000,4.35,0,2,2,-4.573763853292799,6.459893583119607,4.9983347525007975,-4.591543193165165,6.48443377044553,5.041333918741877,77.98340082168579
-6.201656132817683,7.968516640433846,6.382125297973729,-4.324253432752669,4.479528354048875,5.195447046170239,-0.6225003062020585,0.0024025346534236637,-0.001032042689913142,-0.7826151873644341,0.17783002821344923,0.05429140172984097,0.20909900745653848,-0.0032191460149988416,-0.0026464460461284034,0.020162740111118183,2241,770000000,4.52,0,2,2,-4.573763853292799,6.459893583119607,4.9983347525007975,-4.611379480332786,6.510616095890132,5.088229224688888,78.25596356391907
-6.284883614466956,7.930206020270921,6.445589727654783,-4.344636165672953,4.512428941189275,5.241235136913204,-0.6204458625492214,0.002271889662904789,-0.0004522090002477392,-0.7842458579233506,0.15466984318483928,0.057231755469015974,0.20898555023996018,-0.003175364622620691,-0.005133835020387778,0.02595404821477132,2241,990000000,4.78,0,2,2,-4.6298825202883505,6.534108404489672,5.131039975564138,-4.6298825202883505,6.534108404489672,5.131039975564138,78.51819491386414
-6.284883614466956,7.930206020270921,6.445589727654783,-4.364601296108897,4.53965464986159,5.287151318867566,-0.6181636970192577,0.001983477730327099,0.00017593534057331489,-0.7860468679094985,0.12993607419787295,0.060313674434615494,0.20943477842858638,-0.000944523617363302,-0.005675545389749459,0.0260232303844532,2242,200000000,5.11,0,2,2,-4.6298825202883505,6.534108404489672,5.131039975564138,-4.6487058758677735,6.557062813640966,5.173715021641674,78.79068326950073
-6.368216324575463,7.888442969334668,6.506142932007221,-4.382536271933541,4.560766653284716,5.328823995860453,-0.6162413667980458,0.0015907321070433456,0.000536253688145131,-0.7875555598497301,0.11763123964487425,0.06232448334681604,0.20831668501311426,-0.00030372058859029494,-0.004975908905180404,0.02335765620955499,2242,427000000,5.48,0,2,2,-4.6298825202883505,6.534108404489672,5.131039975564138,-4.667914874969554,6.579460744786406,5.216303708544523,79.05476880073547
-6.368216324575463,7.888442969334668,6.506142932007221,-4.402055666607269,4.580453319418743,5.37451555886089,-0.6143725297227685,0.001237806529636647,0.0008419705743852367,-0.7890146726408787,0.0996304134667437,0.06510249768507177,0.20790006246516995,-0.001008566323434934,-0.0037175216448304127,0.020211638366163243,2242,635000000,5.79,0,2,2,-4.6298825202883505,6.534108404489672,5.131039975564138,-4.685706604532089,6.599349015856336,5.254891333010789,79.31047081947327
-6.451543150187733,7.8433436918687205,6.563662964936059,-4.417873802155477,4.593448293244589,5.412006601500016,-0.6130427966808403,0.0011030338895535955,0.0011434022664541161,-0.7900481032096902,0.08462864971282018,0.06810287035898493,0.20909632515364582,-0.0018129723457604996,-0.0029630042035933,0.01772622563294135,2242,851000000,6.09,0,2,2,-4.6298825202883505,6.534108404489672,5.131039975564138,-4.705608934214137,6.620718994682995,5.297142082010925,79.52234292030334
-6.451543150187733,7.8433436918687205,6.563662964936059,-4.431874642777435,4.602759750960846,5.445530530586398,-0.6119956308603397,0.001012220712340787,0.0013708413099378482,-0.7908593073430868,0.07269170820197543,0.07074772354910111,0.2103683316739756,-0.0015034526654744695,-0.002366663511566003,0.015640759920643177,2243,30000000,6.31,0,2,2,-4.6298825202883505,6.534108404489672,5.131039975564138,-4.722177898528258,6.637795525618475,5.331591357563404,79.72230434417725
-6.534755148665063,7.795031808684679,6.618033988749895,-4.447634640424753,4.611035967086577,5.4835501626328345,-0.6110183657162975,0.0008739979258952991,0.0014708008108060809,-0.791614571385586,0.06158449223506035,0.07393603197441481,0.21255808991917138,0.0005910805441544653,-0.0014185586337589484,0.01190641896755551,2243,197000000,6.41,0,2,2,-4.6298825202883505,6.534108404489672,5.131039975564138,-4.739038199489667,6.654475478952803,5.365977989705292,79.92816185951233
-6.534755148665063,7.795031808684679,6.618033988749895,-4.461724115634745,4.616777582332978,5.5176957686178385,-0.6103874765712802,0.0007714400874723054,0.001471733375936902,-0.7921012355286452,0.053548916061876284,0.07651806913055167,0.21456094610173942,0.0007129202458600048,-0.000703429782333842,0.008372838783543557,2243,365000000,6.65,0,2,2,-4.6298825202883505,6.534108404489672,5.131039975564138,-4.754232656809708,6.668989819961823,5.396441096186016,80.12719702720642
-6.61774586818253,7.743638077079121,6.669146507442605,-4.475931917045767,4.621267033657453,5.552201955537871,-0.6099750630047929,0.0006645454213386061,0.0013676784250317283,-0.7924191506692702,0.04696365770376229,0.07938877565249618,0.21715218026235444,0.002160750909752096,0.00013792299142778575,0.004911665564577561,2243,530000000,6.78,0,2,2,-4.6298825202883505,6.534108404489672,5.131039975564138,-4.769590524352893,6.683224943628785,5.426753014598011,80.33058953285217
-6.61774586818253,7.743638077079121,6.669146507442605,-4.492133859276983,4.625078932377539,5.5915371392036,-0.609756268316092,0.0005901188959100928,0.0011958928750564189,-0.7925878593879381,0.04089546615484248,0.08230802813836699,0.2201184623901789,0.0017805397760639607,0.0007858529784243728,0.0015397333299915772,2243,694000000,6.87,0,2,2,-4.6298825202883505,6.534108404489672,5.131039975564138,-4.785134619914424,6.6971413285145145,5.4569491510927355,80.53940343856812
-6.700411658799133,7.689300091909045,6.716897587203731,-4.508597155849173,4.627803128297655,5.631449841806913,-0.6097874924355777,0.000529693341137405,0.0009413257720186507,-0.7925642228866285,0.03587124719873272,0.08551352113410225,0.2235633912972685,0.0025856915726762963,0.0014620772276430216,-0.0019785477888945024,2243,857000000,6.96,0,2,2,-4.6298825202883505,6.534108404489672,5.131039975564138,-4.80279504391162,6.712441600734253,5.490703765972685,80.76450848579407
-6.700411658799133,7.689300091909045,6.716897587203731,-4.527245704169751,4.629788885027571,5.676515081557004,-0.6100650796770626,0.0005241052939766541,0.0006588365048842043,-0.7923508628169214,0.03148474496021362,0.08858430050525777,0.2271795707393236,0.002214376650044869,0.0017399158309672202,-0.004579881533572916,2244,47000000,7.03,0,2,2,-4.6298825202883505,6.534108404489672,5.131039975564138,-4.820618299863687,6.727371042189609,5.524206294845417,80.99855184555054
-6.700411658799133,7.689300091909045,6.716897587203731,-4.540546394395786,4.630636368306131,5.708524043398641,-0.6103957147572027,0.0005021096812130832,0.00041224058576963876,-0.7920963636765485,0.028883246357136804,0.09112778161077963,0.23010972646120872,0.0027875969863089267,0.0019495098740662797,-0.00689107346261153,2244,236000000,7.08,0,2,2,-4.840659238686711,6.7435046626495465,5.561179613774299,-4.840659238686711,6.7435046626495465,5.561179613774299,81.1949999332428
-6.7826519732040484,7.632161968564601,6.761191063713475,-4.55607289646054,4.631745337283506,5.745394823391526,-0.61097232518457,0.0005166873004736247,0.00010931266513667715,-0.7916517788418937,0.03578101359562122,0.09204476001497786,0.23013967307419514,0.0029345203074626625,0.003152423823848949,-0.011525034187798155,2244,391000000,7.12,0,2,2,-4.8548532143157255,6.754498245930198,5.586906343976275,-4.8548532143157255,6.754498245930198,5.586906343976275,81.38242363929749
-6.7826519732040484,7.632161968564601,6.761191063713475,-4.5700730602089505,4.634785671117844,5.777253895756458,-0.6117763077875392,0.0006146126499495994,-0.00021059855367845846,-0.7910305475323854,0.058274817887055075,0.08975355655556524,0.2243298472715439,0.0027568971063374192,0.0046515532176272245,-0.01744533274177229,2244,538000000,7.14,0,2,2,-4.8548532143157255,6.754498245930198,5.586906343976275,-4.871237169965989,6.766758021420934,5.616145317907469,81.58107542991638
-6.864369656274056,7.572374008627096,6.801937735804837,-4.586733605916802,4.642733618545679,5.81241357418237,-0.6129402362589831,0.0010600697579328821,-0.0003065250519661816,-0.7901285016181119,0.08694457162474525,0.08727433225720503,0.21608704494684178,-0.005606683043879457,0.005294821221468737,-0.01809462410164997,2244,695000000,7.11,0,2,2,-4.8548532143157255,6.754498245930198,5.586906343976275,-4.885686925776021,6.7772372605856805,5.641548846049723,81.78040313720703
-6.864369656274056,7.572374008627096,6.801937735804837,-4.604145307912203,4.654975207858097,5.846250290079568,-0.6140238372337095,0.001671032001458204,-0.00023386463151434296,-0.7892856772222432,0.11191207988981788,0.0854382674226409,0.2080974023142356,-0.005094231710245367,0.0055876027545309626,-0.016215586583712138,2244,846000000,7.03,0,2,2,-4.8548532143157255,6.754498245930198,5.586906343976275,-4.90234457746974,6.788907547816307,5.670399741323721,81.98342609405518
-6.864369656274056,7.572374008627096,6.801937735804837,-4.622229633201633,4.670859687156634,5.878831896523812,-0.6149152274531363,0.0022241708046937224,-0.00024912764595126885,-0.788590041812541,0.1325787544707973,0.0845276584424004,0.20097664842619928,-0.003488648758320778,0.005477216882354696,-0.012128935213695513,2245,9000000,6.96,0,2,2,-4.9191550286425185,6.8002573681639324,5.699033136308943,-4.9191550286425185,6.8002573681639324,5.699033136308943,82.179527759552
-6.945471222611875,7.510092349047391,6.839055545102902,-4.640918697736169,4.689705024532208,5.910290581484926,-0.6155098940491234,0.002684978260982316,-0.0003262709467400117,-0.7881245172982784,0.1493583574085459,0.08389122828439093,0.1943672750200977,-0.0023263013190444326,0.004730271484731929,-0.007010609078861307,2245,165000000,6.89,0,2,2,-4.9191550286425185,6.8002573681639324,5.699033136308943,-4.936085424278913,6.811317759930331,5.727393249745856,82.37478756904602
-6.945471222611875,7.510092349047391,6.839055545102902,-4.6600741691049,4.7109385936906,5.940675014504198,-0.6157627963492631,0.003033686929645049,-0.00042474881032428355,-0.7879256278128011,0.16286813890447518,0.08313481991570555,0.18792559999455444,-0.0013230710123934841,0.0036972462567064213,-0.0014466269476542948,2245,328000000,6.86,0,2,2,-4.953160670118111,6.822050336193308,5.75551701732898,-4.953160670118111,6.822050336193308,5.75551701732898,82.57463312149048
-7.025867121271975,7.445478595724748,6.872469741279475,-4.6820754088954954,4.737054106891138,5.973657588934045,-0.6156149413431536,0.003315213237962134,-0.0004975582168583958,-0.7880399772803871,0.17454171831259072,0.08287118405132755,0.18149540285536428,-0.0011512060154927894,0.002329539279344317,0.005061315277998801,2245,491000000,6.87,0,2,2,-4.953160670118111,6.822050336193308,5.75551701732898,-4.970373101776448,6.832449069757991,5.783394694224948,82.78875088691711
-7.025867121271975,7.445478595724748,6.872469741279475,-4.704514052241691,4.764934335495116,6.005493774513211,-0.6150482269172602,0.0034773155897139356,-0.0005342662077484029,-0.7884816430341565,0.18353843550152732,0.08261771786998696,0.17537417750389572,-0.0005301095200138661,0.0012133426253058133,0.010108146670972928,2245,660000000,6.92,0,2,2,-4.953160670118111,6.822050336193308,5.75551701732898,-4.989936542165357,6.843695146807911,5.814486802872493,83.06503415107727
-7.025867121271975,7.445478595724748,6.872469741279475,-4.735009941586325,4.803946575339847,6.046321379452903,-0.6137223013213075,0.0035297978597468097,-0.0005612975621398584,-0.7895138772263565,0.1888430663113648,0.08315116250676613,0.16849016854874974,-0.00014988792713666044,-0.000385409575187623,0.018319019000045955,2245,849000000,7.02,0,2,2,-4.953160670118111,6.822050336193308,5.75551701732898,-5.0096567019753255,6.854512048125737,5.845243122993453,83.34203505516052
-7.10547198691976,7.378699442408728,6.902113032590307,-4.760615838471924,4.83582336938859,6.079315344843904,-0.6119213860182726,0.0034232193349789733,-0.00045250508804806967,-0.7909110532430343,0.18119008106624085,0.08438818902773595,0.16470784673870806,-0.00016381807910192947,-0.002344802032894222,0.02622893516672775,2246,79000000,7.21,0,2,2,-4.953160670118111,6.822050336193308,5.75551701732898,-5.036233076900188,6.868308220531609,5.885700416144154,83.61634492874146
-7.184204876711098,7.309926275887015,6.9279257213917065,-4.786012803856311,4.864602564093515,6.11183104638534,-0.6094306943898384,0.00313882021300463,-0.00018742981664695104,-0.7928331106943336,0.16142907252574262,0.08679350159570974,0.1630901499298108,-0.00027155535384792984,-0.00475906608699006,0.03468065297056455,2246,295000000,7.46,0,2,2,-5.058660563377862,6.879276225045798,5.918924416710144,-5.058660563377862,6.879276225045798,5.918924416710144,83.86893582344055
-7.184204876711098,7.309926275887015,6.9279257213917065,-4.813386031351671,4.890322274259998,6.147623657606114,-0.6060746381858491,0.002497045598423969,1.891725720603362e-06,-0.795403858242838,0.1302047107850161,0.09098685851463993,0.1639912057450249,0.002665302122295543,-0.006077635998735786,0.04031408388982527,2246,496000000,7.81,0,2,2,-5.0813054943556875,6.889753067490228,5.951701608831883,-5.0813054943556875,6.889753067490228,5.951701608831883,84.12712907791138
-7.261989492222686,7.239334768459573,6.949855824363647,-4.837697439502447,4.908227070899095,6.180109394062245,-0.6029414767943233,0.0018662084600266043,0.00013803324834212288,-0.7977832248010022,0.10827610786937636,0.09389196850559367,0.16229729983769328,0.002507216890990094,-0.005609559366348549,0.03851347755698953,2246,707000000,8.28,0,2,2,-5.106459610770547,6.900651544627637,5.9872158119934795,-5.106459610770547,6.900651544627637,5.9872158119934795,84.36838936805725
-7.261989492222686,7.239334768459573,6.949855824363647,-4.861508097380434,4.921778621177572,6.212280009197433,-0.6000907751237032,0.0013331515309368326,0.00027325665832860565,-0.7999307530338031,0.08857725149113428,0.09660168066332304,0.1604283507146526,0.0015679164675930224,-0.004699265718954848,0.03382018694537692,2246,910000000,8.72,0,2,2,-5.106459610770547,6.900651544627637,5.9872158119934795,-5.129548961969532,6.909938069646605,6.0190075630727256,84.60503578186035
-7.338754385808782,7.16710445873456,6.967859177197259,-4.882609610566175,4.930583022671647,6.240941780013938,-0.5978294635256354,0.0011263415513371189,0.0006392533569796295,-0.8016222646923588,0.07237677811067703,0.09973298080654017,0.15882160568308207,-0.0021771413912574644,-0.003977626693085767,0.02974786220875103,2247,105000000,9.12,0,2,2,-5.152790601037681,6.918684161680246,6.0502680685672034,-5.152790601037681,6.918684161680246,6.0502680685672034,84.83222126960754
-7.338754385808782,7.16710445873456,6.967859177197259,-4.9080815857274445,4.937168941566961,6.2756619999312875,-0.5955066750898748,0.0009628498233426821,0.0010414980544434082,-0.8033491072537657,0.053417865225153974,0.1036748079019673,0.15739207517582632,-0.0015130296560528222,-0.00283590429717151,0.023009380311123095,2247,288000000,9.43,0,2,2,-5.152790601037681,6.918684161680246,6.0502680685672034,-5.17387531598898,6.92609756449567,6.0779519998085485,85.10155177116394
-7.414433150806786,7.093418321813691,6.981899523535869,-4.931111628895243,4.940248088931567,6.306814342363661,-0.5939916317268228,0.0008457491523493587,0.0012751616705455981,-0.8044697633283626,0.044168504467247315,0.10641815889747193,0.15492638660125058,-0.0009538344727388903,-0.0019394275796003058,0.015921287558740005,2247,500000000,9.76,0,2,2,-5.152790601037681,6.918684161680246,6.0502680685672034,-5.1998800394372635,6.934589606775212,6.111197893503333,85.349613904953
-7.414433150806786,7.093418321813691,6.981899523535869,-4.951863353541664,4.941490475745759,6.334436095786747,-0.5930695423690937,0.0007742770791192455,0.0014067800065158972,-0.8051496378805194,0.037758115515634225,0.10864261082352374,0.1527945021515639,-0.0006539608250477613,-0.001220208503127651,0.01065936085069552,2247,708000000,9.97,0,2,2,-5.223756551928146,6.941699773305341,6.140862374719877,-5.223756551928146,6.941699773305341,6.140862374719877,85.56277656555176
-7.488964595062717,7.018462329964086,6.991948587990478,-4.972815366986775,4.942302050603553,6.361600491925295,-0.5925932093328475,0.0007497698405867935,0.001489335841629973,-0.8055001601343931,0.04074145460717564,0.10981743693957921,0.14982619824337493,-0.0004977241587766912,-0.00036564426011409523,0.0034610326338224695,2247,882000000,10.1,0,2,2,-5.223756551928146,6.941699773305341,6.140862374719877,-5.245366399044233,6.947669666815815,6.167072253615572,85.77506303787231
-7.488964595062717,7.018462329964086,6.991948587990478,-4.991937386661167,4.944965876577224,6.385032113172393,-0.5927882048954316,0.0007621697137383384,0.0014051547661454735,-0.805356808361525,0.06171514115384704,0.10753443755456267,0.14396694949001385,0.0011420237115089549,0.0016560646827201708,-0.007786462674630457,2248,58000000,10.17,0,2,2,-5.223756551928146,6.941699773305341,6.140862374719877,-5.267087001637267,6.953177923772386,6.192809614045033,85.97511577606201
-7.488964595062717,7.018462329964086,6.991948587990478,-5.014248457155044,4.951952110693677,6.41024882472885,-0.5935869058948041,0.0009081331936713657,0.0012291904825390827,-0.8047684446690818,0.0842472131141439,0.10560416673019538,0.13727133176992035,0.0005524402524770267,0.003013711216226511,-0.013058060903858859,2248,219000000,10.16,0,2,2,-5.223756551928146,6.941699773305341,6.140862374719877,-5.286461934116701,6.957699429560485,6.2152621895704305,86.22106766700745
-7.562292897297591,6.942425004900163,6.997986133082629,-5.0425689604451644,4.965516997439952,6.439455086667056,-0.594809552203092,0.001169616709487366,0.0009551935883277476,-0.8038652351046903,0.10669062635087911,0.10373645437202746,0.12954654300361906,0.0006502063342850306,0.0034680019325605826,-0.013348622269404586,2248,416000000,9.96,0,2,2,-5.223756551928146,6.941699773305341,6.140862374719877,-5.310726735385225,6.962910860656921,6.242749993863639,86.47456669807434
-7.562292897297591,6.942425004900163,6.997986133082629,-5.074263867770094,4.983844340559132,6.469683790384503,-0.595613715958951,0.0013750790359802366,0.0006695868958867509,-0.8032695451544292,0.11101098665258288,0.10460158504540884,0.1243269676700014,0.002272736537634046,0.0019934556576117757,-0.0022795959466748172,2248,627000000,9.9,0,2,2,-5.223756551928146,6.941699773305341,6.140862374719877,-5.335075708659844,6.967566945606468,6.269610463397443,86.77148461341858
-7.6343677458871,6.865496962822616,7.0,-5.103382099586274,4.998422660021711,6.496866361790079,-0.5951916431898447,0.0013128502103748956,0.00041077092721106327,-0.8035826127838648,0.09262551808894157,0.10931047133115959,0.12385915417886921,0.0027131185106554767,0.00017981935940269977,0.010020755871664733,2248,873000000,9.79,0,2,2,-5.223756551928146,6.941699773305341,6.140862374719877,-5.3644884403397715,6.972444379479623,6.300972578999661,87.0333743095398
-7.6343677458871,6.865496962822616,7.0,-5.124328613535705,5.005650523024406,6.516739378310127,-0.5942073090017634,0.0011519842915044586,0.00024031646455683535,-0.8043110648928506,0.07179198280621932,0.11373805730959725,0.1251529330388835,0.002646756433932751,-0.0007709797728239209,0.01869852076197276,2249,77000000,9.84,0,2,2,-5.223756551928146,6.941699773305341,6.140862374719877,-5.3916932818939385,6.976294342447369,6.328889068731688,87.23418045043945
-7.705144459679417,6.78787045338199,6.997986133082629,-5.147596525592197,5.009845680861393,6.539366520417316,-0.592670320894279,0.0008546367958214144,1.4043887201968617e-05,-0.8054446971268658,0.050365199734646426,0.11882716157415987,0.1266841440413284,0.00406915078201564,-0.001461633462440659,0.02285965638293419,2249,243000000,9.98,0,2,2,-5.411592287871902,6.9787421425565945,6.348675860392809,-5.411592287871902,6.9787421425565945,6.348675860392809,87.45946145057678
-7.705144459679417,6.78787045338199,6.997986133082629,-5.170635569804158,5.010304067996856,6.562289343837075,-0.5911195727016707,0.0005396410727032921,-0.00019796636961991678,-0.8065837342556712,0.032316403029652,0.1233691715400022,0.1281699745402524,0.003585481908885413,-0.001425221284989675,0.02009942509175744,2249,423000000,10.21,0,2,2,-5.411592287871902,6.9787421425565945,6.348675860392809,-5.434081738659871,6.9811058494133995,6.370410340379338,87.6707353591919
-7.774584090529587,6.709738893751633,6.991948587990478,-5.193299324234774,5.007528195656265,6.5851277224982105,-0.5900167184056356,0.00032860123655682294,-0.00036978279263126057,-0.8073908763936822,0.015487492277007922,0.12569779608117834,0.12559022404890846,0.002647330666150083,-0.00034535750330633164,0.011499034280859632,2249,603000000,10.45,0,2,2,-5.411592287871902,6.9787421425565945,6.348675860392809,-5.456710476476898,6.983038907138922,6.3915787942814,87.90891647338867
-7.774584090529587,6.709738893751633,6.991948587990478,-5.215456194702641,5.001928778148431,6.607472650945804,-0.5895617948097112,0.00019785267687965981,-0.0005624861677584543,-0.8077230556102637,0.001116542232266463,0.12769644287810566,0.12278542629918272,0.002432924429740524,0.0003140098101539479,0.002497371610843402,2249,787000000,10.63,0,2,2,-5.411592287871902,6.9787421425565945,6.348675860392809,-5.4794774249220035,6.9845599039348025,6.41218177128005,88.14001536369324
-7.842653507283326,6.631296399009046,6.981899523535869,-5.237424667919736,4.994942454077894,6.62917265442637,-0.5896988793222124,0.0003122421781120074,-0.0004827480147874518,-0.8076229944629505,0.00017639287897607182,0.1284285705690361,0.11834400050709867,-0.002116451560141286,0.0006435053307995986,-0.0050517989166110056,2249,970000000,10.71,0,2,2,-5.411592287871902,6.9787421425565945,6.348675860392809,-5.502334965924227,6.9857137760618615,6.432203718322746,88.34699153900146
-7.842653507283326,6.631296399009046,6.981899523535869,-5.2597975903964524,4.990057056340864,6.649758559193833,-0.5905487520473748,0.0004757497279161879,-0.0003367655826704155,-0.8070017544630413,0.0237549723829335,0.12486126698979154,0.11057570539247816,-0.0020750246903844527,0.0005021267043048283,-0.016753733507357538,2250,140000000,10.72,0,2,2,-5.411592287871902,6.9787421425565945,6.348675860392809,-5.525286643928467,6.986450983999886,6.451618903505011,88.55581378936768
-7.909325460998192,6.552737310035547,6.967859177197259,-5.280329218614298,4.989576352343656,6.666809949879448,-0.5919167920990982,0.0005737741903774452,-0.00030831503958869276,-0.8059988132473443,0.04569860772614478,0.12196725183719843,0.10322882003595453,-0.0005753749292125576,0.0010420293051538465,-0.02420824584987713,2250,322000000,10.63,0,2,2,-5.411592287871902,6.9787421425565945,6.348675860392809,-5.548279599363354,6.986802794252189,6.4704314340420295,88.7551121711731
-7.909325460998192,6.552737310035547,6.967859177197259,-5.304103503926081,4.993010878262546,6.684627514137076,-0.5938104968681205,0.0006640243638941928,-0.0003800037413683357,-0.8046045665282023,0.06720348716475326,0.11913806328591332,0.09548254276395605,0.000383353028610145,0.0014516448572976515,-0.02728177041717572,2250,491000000,10.47,0,2,2,-5.411592287871902,6.9787421425565945,6.348675860392809,-5.568756040338952,6.986772558150389,6.486630369203011,88.97456455230713
-7.909325460998192,6.552737310035547,6.967859177197259,-5.328477388874922,5.000012038497043,6.70107351059265,-0.5956865597319916,0.0007000482375746073,-0.0005722398199150213,-0.8032164745750163,0.08456740712624632,0.11730858338975506,0.08802733803551135,0.0017942589124686492,0.0016809681483209715,-0.024583131744293496,2250,668000000,10.24,0,2,2,-5.411592287871902,6.9787421425565945,6.348675860392809,-5.591816700815641,6.986345988470916,6.504263336959928,89.20236158370972
-7.974578631245801,6.47425572015198,6.949855824363647,-5.361710160089752,5.013662858535703,6.721015836383598,-0.5976312851319698,0.0006410069201527725,-0.0009411679164596472,-0.801770260326854,0.10016656685505398,0.11583612338263631,0.07940697052914188,0.0036198420048094704,0.001061543196101411,-0.014681853190268157,2250,856000000,9.92,0,2,2,-5.411592287871902,6.9787421425565945,6.348675860392809,-5.617481167849382,6.985334624751968,6.523090122362059,89.47928237915039
-7.974578631245801,6.47425572015198,6.949855824363647,-5.395323771625654,5.028434504567136,6.739457648424455,-0.598263042621674,0.00039023990267130317,-0.0013626752897011323,-0.8012985228127718,0.09251181939285072,0.11883699392320293,0.07565957136517987,0.006092291778259096,9.812218166871389e-05,0.001498304061442468,2251,78000000,9.76,0,2,2,-5.645741033207679,6.9835945559951345,6.542860746405214,-5.645741033207679,6.9835945559951345,6.542860746405214,89.77384829521179
-8.038397653394853,6.396045001712609,6.9279257213917065,-5.420492609165494,5.036303418428304,6.753138159762273,-0.5977139424889654,7.605096021849915e-05,-0.0017705242096579307,-0.8017074918039447,0.07226612993586896,0.12421331754744372,0.07613071925078944,0.005213291569816647,-0.00030425463251049223,0.011445216841821093,2251,323000000,9.67,0,2,2,-5.645741033207679,6.9835945559951345,6.542860746405214,-5.676655559663457,6.981035504745535,6.563309733385434,89.99379205703735
-8.038397653394853,6.396045001712609,6.9279257213917065,-5.442503863043,5.03982862754517,6.765233768266277,-0.5967585519610208,-0.00016815584515416184,-0.0020941145739281934,-0.8024181061448878,0.04987717397987372,0.12691118859421976,0.07452424161106161,0.004801454406333505,7.454164432374455e-05,0.017253445548703894,2251,505000000,9.75,0,2,2,-5.645741033207679,6.9835945559951345,6.542860746405214,-5.699947667225494,6.978732093147228,6.577880722128194,90.19945549964905
-8.10077312683108,6.318297333880579,6.902113032590307,-5.4665828987034075,5.03961773326373,6.77852044184876,-0.5952663624437406,-0.00028361637124076165,-0.0022260263765138924,-0.8035253089426133,0.02672001869184355,0.13032763619000032,0.07238939681202554,0.0008382399300899124,-0.0005182280574445031,0.02350640334043419,2251,677000000,9.8,0,2,2,-5.645741033207679,6.9835945559951345,6.542860746405214,-5.723371065377176,6.976654291363409,6.59177817401755,90.39609122276306
-8.10077312683108,6.318297333880579,6.902113032590307,-5.487533612190322,5.0360701573914755,6.790023676609677,-0.5937831921747364,-0.00035418911804940573,-0.002234889679466817,-0.8046218990985573,0.008869513371710545,0.13341751783344638,0.07056405390384471,0.0005457757652038708,-0.0008044873197832203,0.022094887935963925,2251,841000000,10.08,0,2,2,-5.744344230744654,6.975090062623158,6.60355760309072,-5.744344230744654,6.975090062623158,6.60355760309072,90.59933233261108
-8.161701604126613,6.241203232806258,6.872469741279475,-5.510716880839209,5.028775052870066,6.802611590242318,-0.5924588223268471,-0.00044413318425866495,-0.002266980623629983,-0.8055974226570316,-0.008804614414386595,0.13699523572326414,0.068296713675071,0.0009748754109750735,-0.00045235866537041147,0.014749193178431597,2252,9000000,10.27,0,2,2,-5.744344230744654,6.975090062623158,6.60355760309072,-5.765428846274936,6.973614797481488,6.614814159120957,90.80646061897278
-8.161701604126613,6.241203232806258,6.872469741279475,-5.5334943090355475,5.018430058669097,6.814711560771712,-0.5918120072427034,-0.0004938898213581928,-0.0023179855011148907,-0.8060725346390504,-0.024284833474462163,0.13917081394833697,0.06504295806949069,0.0007556191292223957,9.022208757869521e-05,0.0044475616505224025,2252,186000000,10.44,0,2,2,-5.744344230744654,6.975090062623158,6.60355760309072,-5.789482855924042,6.973119723850094,6.626774481562752,91.04082179069519
-8.161701604126613,6.241203232806258,6.872469741279475,-5.558329834912162,5.003848411538679,6.827429904764929,-0.5918356956639163,-0.00047890565545358676,-0.0023308842287652234,-0.8060551140995841,-0.038879693617634395,0.14172863312262185,0.06095685456786336,-0.00024927313120315375,0.00023497803454120003,-0.004177599680588173,2252,365000000,10.51,0,2,2,-5.814904711146981,6.978284760711833,6.637608059999031,-5.814904711146981,6.978284760711833,6.637608059999031,91.27702331542969
-8.221185561227667,6.164951085424454,6.839055545102902,-5.5781238279163095,4.991495874063825,6.836891512048365,-0.5925393773914023,-0.0004362164814160471,-0.0023086799077276666,-0.805538059903363,-0.035148214479851926,0.14107773769183185,0.05633019849320212,-0.0004337112812891064,0.00035018166215650126,-0.01531556135887513,2252,562000000,10.47,0,2,2,-5.844700698251747,6.990534397754249,6.648288715500924,-5.844700698251747,6.990534397754249,6.648288715500924,91.47762989997864
-8.221185561227667,6.164951085424454,6.839055545102902,-5.598151738323959,4.980837122572959,6.845501891846815,-0.593889062038466,-0.0003893809578869137,-0.0022245763517067963,-0.8045437723539945,-0.01682706833347403,0.13773433431077015,0.05014801213697458,-0.001333270120085217,-0.0005445582132779236,-0.025710643603815697,2252,725000000,10.35,0,2,2,-5.844700698251747,6.990534397754249,6.648288715500924,-5.8693756351692095,7.003615058698484,6.655897353115451,91.67793488502502
-8.279233348785443,6.08972668807787,6.801937735804838,-5.618660121400646,4.973686634561773,6.853032269075852,-0.595807733513458,-0.00038871462321679107,-0.00209399384531528,-0.8031242797825711,0.00482526526668203,0.13423763545807912,0.04325068688170886,-0.0011878724194502865,-0.0011659575193334604,-0.03301603464933578,2252,886000000,10.14,0,2,2,-5.844700698251747,6.990534397754249,6.648288715500924,-5.894075995065514,7.016642221148984,6.662906435336957,91.88144421577454
-8.279233348785443,6.08972668807787,6.801937735804838,-5.639657579339865,4.969972602878972,6.859458024769745,-0.598013033901788,-0.0004499540509726003,-0.0020038055030003584,-0.8014837450556542,0.024348511194495354,0.13106323898503894,0.03661295235053687,-4.848749561858767e-05,-0.00121277474818271,-0.034915655851364136,2253,52000000,9.87,0,2,2,-5.918402524356904,7.027607635277454,6.669468209115969,-5.918402524356904,7.027607635277454,6.669468209115969,92.08282160758972
-8.335859124810902,6.015712791162399,6.7611910637134764,-5.661067481142594,4.969251770840608,6.864830874822815,-0.6001735024888907,-0.0005475185439885378,-0.0019753649298402697,-0.7998672171473559,0.04086916504773611,0.12881886369876974,0.030061297070316805,0.0007297920831206284,-0.001041241489474487,-0.032105285572470166,2253,214000000,9.57,0,2,2,-5.94222728262323,7.036077505069822,6.6756310147188636,-5.94222728262323,7.036077505069822,6.6756310147188636,92.2819254398346
-8.335859124810902,6.015712791162399,6.7611910637134764,-5.685595190623776,4.971423873529143,6.869658852972409,-0.6022387452379717,-0.0007044980308208704,-0.0020295535874472774,-0.7983131455318481,0.05638721673581996,0.12673165034985034,0.023215897909458855,0.0018983262179972371,-0.0009367780251068325,-0.02540429813961964,2253,376000000,9.28,0,2,2,-5.94222728262323,7.036077505069822,6.6756310147188636,-5.965573464877919,7.042188224253519,6.6813508758475075,92.50066137313843
-8.335859124810902,6.015712791162399,6.7611910637134764,-5.707719842351947,4.975533692953844,6.872919695649161,-0.6035865767090312,-0.0008736067028938558,-0.002125815673961917,-0.797294150320772,0.06739486035242562,0.1256606152507791,0.017010399890921745,0.0023413648932546494,-0.0009069882537460217,-0.017568585462868214,2253,552000000,9.0,0,2,2,-5.991321169650173,7.046577166430881,6.6872404506994325,-5.991321169650173,7.046577166430881,6.6872404506994325,92.70062518119812
-8.391082768889193,5.94308865097476,6.716897587203732,-5.732926999552481,4.982111609490292,6.875456979649117,-0.6045586575786833,-0.0010958649924062234,-0.002278304590717762,-0.796556613151112,0.07768876942600565,0.12443947971752492,0.010650476255904468,0.003026872172995354,-0.0009248977221432142,-0.010196570292464457,2253,716000000,8.8,0,2,2,-5.991321169650173,7.046577166430881,6.6872404506994325,-6.0137952921295215,7.048572012286723,6.692015819816543,92.90571928024292
-8.391082768889193,5.94308865097476,6.716897587203732,-5.755521605074839,4.989405890128113,6.876805886227149,-0.6049979393461465,-0.0013392759741153101,-0.0024711270900975835,-0.7962220753393402,0.08524809692577087,0.12331757376785564,0.005457958907077472,0.003926674799004104,-0.0009698652092993143,-0.004278463984519476,2253,880000000,8.65,0,2,2,-5.991321169650173,7.046577166430881,6.6872404506994325,-6.038717317928413,7.0489173658808495,6.696820943220909,93.10890126228333
-8.444929778243836,5.8720295899248365,6.669146507442606,-5.781107425308151,4.998900070607137,6.877345578530218,-0.6050715711587595,-0.001626563780300615,-0.002708662707854255,-0.7961648141007449,0.09186081442345927,0.12248319403410979,-0.00044293090200934256,0.003970914031015127,-0.0009172024022063852,0.001534782461476425,2254,51000000,8.57,0,2,2,-6.06059277719681,7.047756002479978,6.700568849482358,-6.06059277719681,7.047756002479978,6.700568849482358,93.31185555458069
-8.444929778243836,5.8720295899248365,6.669146507442606,-5.8039747713612275,5.008222715769512,6.8769694014589025,-0.6048314731477401,-0.0018829646828849057,-0.0029249631944117645,-0.7963458972860026,0.09659147624874098,0.12167231894375745,-0.0053776081301294175,0.004020342294097645,-0.0009465357777571626,0.00541426475137996,2254,224000000,8.52,0,2,2,-6.06059277719681,7.047756002479978,6.700568849482358,-6.08495579264879,7.044973522641579,6.704147891382868,93.51967215538025
-8.444929778243836,5.8720295899248365,6.669146507442606,-5.832686325892172,5.020765456702538,6.875400585858982,-0.6042651906005131,-0.0022058145232156053,-0.0032095092962985184,-0.7967737526179507,0.10099861095188323,0.12109720154167156,-0.011688662744861727,0.004155576607445255,-0.000818021720760953,0.0083156313849031,2254,396000000,8.51,0,2,2,-6.106395390968693,7.041370502542384,6.7067779754269194,-6.106395390968693,7.041370502542384,6.7067779754269194,93.76083993911743
-8.497431145994403,5.8027065662537485,6.618033988749895,-5.864382943965479,5.035341256162584,6.872316240994586,-0.6034021389774015,-0.0025785072312990865,-0.0035592876626346715,-0.7974249440852029,0.10343449269164465,0.12031393388151557,-0.017795157353091378,0.00505986299685901,-0.0007935473661291326,0.011584785534068942,2254,597000000,8.47,0,2,2,-6.1355461476842255,7.034943044713833,6.709595029321834,-6.1355461476842255,7.034943044713833,6.709595029321834,94.01298642158508
-8.497431145994403,5.8027065662537485,6.618033988749895,-5.895818451726302,5.048798520336544,6.868134470593847,-0.6019521256984525,-0.0029826797712752314,-0.004004563749168451,-0.7985165655499423,0.0911290847752551,0.12103731500359491,-0.022087975537955117,0.0061673329128097976,-0.00019721191080179779,0.021066060435259715,2254,805000000,8.58,0,2,2,-6.1355461476842255,7.034943044713833,6.709595029321834,-6.161787221964489,7.027754341855048,6.711279028441652,94.2818751335144
-8.548623222003824,5.735285754374287,6.56366296493606,-5.9292459917350815,5.0580637584160995,6.862712673205491,-0.5992855908247967,-0.0033613288321838125,-0.004665893841931613,-0.8005146541650014,0.06073709349992259,0.12457099617005238,-0.025339751947932792,0.007313267315112171,0.0014140302369014535,0.03247201530029997,2255,27000000,8.7,0,2,2,-6.1355461476842255,7.034943044713833,6.709595029321834,-6.190420420632711,7.018576366595776,6.712137042192543,94.5674102306366
-8.548623222003824,5.735285754374287,6.56366296493606,-5.953468918085892,5.059573416296466,6.858273607640731,-0.596753703321353,-0.0035768344224044978,-0.005291472211630899,-0.8023990429640346,0.034178097525520874,0.1278180275063598,-0.02690247510986494,0.0065543531491130125,0.002359057498324546,0.03661532209662255,2255,261000000,8.96,0,2,2,-6.1355461476842255,7.034943044713833,6.709595029321834,-6.221430058052954,7.007210452028066,6.7118110892065825,94.80156826972961
-8.59854755676286,5.6699281369230485,6.506142932007222,-5.9743714533080965,5.056752584046252,6.854087995638969,-0.5944546486931839,-0.003703346626910908,-0.005881688379185632,-0.8040990993731023,0.009903263054323461,0.13150079274916954,-0.028733639511856812,0.006633017028434551,0.0032237763434750377,0.03494363190839067,2255,450000000,9.22,0,2,2,-6.244555992767685,6.997859873506188,6.710661396042312,-6.244555992767685,6.997859873506188,6.710661396042312,95.00377607345581
-8.59854755676286,5.6699281369230485,6.506142932007222,-5.997248834761919,5.049061651984996,6.849065442817668,-0.5922252152596135,-0.0038000091042010324,-0.0065670980066681135,-0.8057367607136237,-0.014339046876506906,0.13553078297110338,-0.030852490274496693,0.00662126112729311,0.003557232935236243,0.026395299391879234,2255,613000000,9.46,0,2,2,-6.244555992767685,6.997859873506188,6.710661396042312,-6.265119529616031,6.989407872899605,6.708996767308644,95.20874905586243
-8.647250728809183,5.6067891095832305,6.4455897276547836,-6.019464879792271,5.03716620843,6.843628791728503,-0.5908771972531491,-0.0038127290862144487,-0.0071491297954427565,-0.8067208258166797,-0.03582330336431673,0.1383249981492956,-0.03383722323111859,0.004765990797750419,0.003551551003511122,0.012315144431340741,2255,780000000,9.69,0,2,2,-6.288464155766933,6.980678474203242,6.706393485180983,-6.288464155766933,6.980678474203242,6.706393485180983,95.44083285331726
-8.647250728809183,5.6067891095832305,6.4455897276547836,-6.048066637359271,5.015763690533703,6.835594308540981,-0.5906264927613727,-0.0037979530932355297,-0.007832171377512742,-0.8068981216313587,-0.05944785808402738,0.14123895955555388,-0.03807755172237264,0.0032436025776405586,0.003222512668799027,-0.005181771439310978,2255,968000000,9.8,0,2,2,-6.288464155766933,6.980678474203242,6.706393485180983,-6.312520616993573,6.9747170650905055,6.7028341707334524,95.7295274734497
-8.694784156227092,5.546018099703973,6.3821252979737295,-6.075835187251999,4.990002284063411,6.8264428523949,-0.5917713454557911,-0.0037215838994061126,-0.008279793759527471,-0.8060547559105535,-0.07032845884792086,0.14192193077307697,-0.043462226855081505,0.0008054747979713284,0.001995445268221374,-0.018715756596066058,2256,209000000,9.72,0,2,2,-6.288464155766933,6.980678474203242,6.706393485180983,-6.346520705191743,6.973939146972812,6.696241904723546,96.0146689414978
-8.694784156227092,5.546018099703973,6.3821252979737295,-6.10128074073597,4.967131017239396,6.816883051477146,-0.594072649911334,-0.0037019095114258138,-0.008358786460875803,-0.8043594427755518,-0.05850307897471546,0.13912478755487978,-0.04879900038718075,-0.001015319867292419,-0.00029378259398527007,-0.03139571927022189,2256,450000000,9.44,0,2,2,-6.288464155766933,6.980678474203242,6.706393485180983,-6.382563510562748,6.981441794728683,6.6875224580743255,96.28204464912415
-8.741203892820776,5.487758199706242,6.315877451879426,-6.122559350377351,4.951656934614558,6.808052399940443,-0.5967283833313625,-0.003772952857268144,-0.008125217887851848,-0.8023932839871918,-0.03846257260792076,0.1356582525837108,-0.05415072215204873,-0.0015339138030867616,-0.002775599796223105,-0.04003734247817192,2256,670000000,9.02,0,2,2,-6.288464155766933,6.980678474203242,6.706393485180983,-6.416978438365572,6.994492731676288,6.677780508810946,96.48343896865845
-8.741203892820776,5.487758199706242,6.315877451879426,-6.14192543325854,4.9410151999668965,6.799419378175345,-0.5994501886059536,-0.0039644160577388815,-0.007872594706820182,-0.8003635280534651,-0.021047937832129066,0.13258287381110873,-0.05830974164787707,-0.0009560309536027489,-0.003874281037496985,-0.0441776337538613,2256,841000000,8.59,0,2,2,-6.445498859489763,7.006883204100159,6.668746636641573,-6.445498859489763,7.006883204100159,6.668746636641573,96.68734955787659
-8.786570409599188,5.43214581622669,6.246979603717468,-6.161682331114426,4.933142025629498,6.790085789785743,-0.6022820230954062,-0.004205740759960639,-0.007595014959316172,-0.7982361756701659,-0.005884780033898445,0.13023518514581572,-0.06276590838228333,-0.0009444116756185394,-0.004246444586897269,-0.044017531035933644,2257,8000000,8.18,0,2,2,-6.445498859489763,7.006883204100159,6.668746636641573,-6.470604318349574,7.017140443534993,6.66015313389918,96.89081335067749
-8.786570409599188,5.43214581622669,6.246979603717468,-6.181796748249132,4.927653673517648,6.780039410727417,-0.604954277702717,-0.004491576704537235,-0.007380553351374738,-0.7962133351433638,0.0071622022769892695,0.12837697363633988,-0.06693474574539307,0.00044607535301111056,-0.003915966090062284,-0.03963620438298676,2257,167000000,7.76,0,2,2,-6.495011782157074,7.024911030733073,6.651289706521991,-6.495011782157074,7.024911030733073,6.651289706521991,97.09226775169373
-8.830948362253947,5.379310335909869,6.175570504584947,-6.2047911395847555,4.9239058026253755,6.7679111403942205,-0.6074560414516446,-0.004824201329022676,-0.007234747975580396,-0.7943056988384034,0.019473507647771796,0.12684551914049336,-0.0720090874220529,0.001152378592905734,-0.0033656549703664496,-0.030660195989185013,2257,336000000,7.33,0,2,2,-6.521537407198026,7.030282353857219,6.6409747653873294,-6.521537407198026,7.030282353857219,6.6409747653873294,97.29846858978271
-8.830948362253947,5.379310335909869,6.175570504584947,-6.225507809158688,4.92239398028379,6.756388065978403,-0.6091329412930311,-0.005116201022962689,-0.0071843866629310435,-0.793019084831551,0.028884186069503805,0.12567248561029207,-0.07607201044936879,0.00188497396038656,-0.0027871721158589935,-0.02306970054632984,2257,507000000,7.02,0,2,2,-6.544318171146209,7.032264383689711,6.631532815856609,-6.544318171146209,7.032264383689711,6.631532815856609,97.50145983695984
-8.830948362253947,5.379310335909869,6.175570504584947,-6.249076295706465,4.922410384026922,6.742627676379625,-0.6105044471472215,-0.005408804807729373,-0.007170266519757584,-0.7919619006758171,0.037620212548678186,0.12478852285230284,-0.08108548282047094,0.0018365847381573985,-0.0022785643295719638,-0.016200175014091656,2257,672000000,6.77,0,2,2,-6.544318171146209,7.032264383689711,6.631532815856609,-6.56645934988177,7.031900355053393,6.6217611572032995,97.7037501335144
-8.874406345352918,5.329373808715595,6.101793962904206,-6.267571295216957,4.923455554535528,6.7313273992991975,-0.6112465773048023,-0.0056381679069649445,-0.007212331381124791,-0.7913872724980268,0.04327607494690651,0.12408194496005864,-0.08455186944040335,0.0026492695724300575,-0.0019749305920413462,-0.011219831412745407,2257,840000000,6.56,0,2,2,-6.590682868651679,7.029041258515257,6.610373691458339,-6.590682868651679,7.029041258515257,6.610373691458339,97.90972256660461
-8.874406345352918,5.329373808715595,6.101793962904206,-6.286165523873734,4.925273021791892,6.719582001072301,-0.6117489237148827,-0.00586154426839211,-0.00728269519230661,-0.7909967502987659,0.04830413666442951,0.12331531148730053,-0.08756724499587235,0.002816151959450508,-0.0016747898371249903,-0.007202552842500154,2257,986000000,6.44,0,2,2,-6.590682868651679,7.029041258515257,6.610373691458339,-6.6091011003095215,7.025210737327428,6.601152648325534,98.11589741706848
-8.917016634011365,5.282450649562469,6.0257985548118125,-6.31018531228072,4.9285768040805,6.703868841232783,-0.6121009627878592,-0.006116639849208785,-0.007389697995452528,-0.7907214366859333,0.053563470165531035,0.12259102848990004,-0.09167082121000633,0.002564354849710071,-0.0012790326081812964,-0.003144152765344188,2258,128000000,6.35,0,2,2,-6.627181566422198,7.020144665032681,6.59162267983839,-6.627181566422198,7.020144665032681,6.59162267983839,98.32254886627197
-8.917016634011365,5.282450649562469,6.0257985548118125,-6.331637469203139,4.932236027976445,6.689293301458873,-0.6121853049125503,-0.006318825847013246,-0.0074960970439611075,-0.7906535482865742,0.05741545661762189,0.12201557962591944,-0.09509474045648544,0.0025346520715174847,-0.0011061242048526765,-4.2655451681916645e-05,2258,305000000,6.27,0,2,2,-6.627181566422198,7.020144665032681,6.59162267983839,-6.650018253144523,7.012009312860604,6.578822465632369,98.52398085594177
-8.95885491383951,5.238647359080432,5.947737324945998,-6.353170779069176,4.936453155851628,6.674152092344662,-0.6121004091684907,-0.006499316286451168,-0.00760277212097636,-0.7907167924356047,0.06054495082985976,0.12163511915594041,-0.09900174231947996,0.0023616013777427725,-0.0008652894393890165,0.002440315415697114,2258,476000000,6.18,0,2,2,-6.672440726159532,7.002288974993054,6.5654363336646915,-6.672440726159532,7.002288974993054,6.5654363336646915,98.71110081672668
-8.95885491383951,5.238647359080432,5.947737324945998,-6.372073262698445,4.940503200256837,6.66040889443624,-0.6119068466588432,-0.00664766464972649,-0.007708703611585641,-0.7908643344185932,0.06272667769652873,0.12124553851567707,-0.10205542032788997,0.002569449384282052,-0.0007150410738177015,0.00443173462372215,2258,623000000,6.2,0,2,2,-6.672440726159532,7.002288974993054,6.5654363336646915,-6.689618945957588,6.99377503595513,6.5546552108410685,98.90108919143677
-8.95885491383951,5.238647359080432,5.947737324945998,-6.3991428432410435,4.946725169670791,6.6400253508489575,-0.6114598954222462,-0.006833117395622182,-0.007860633576071788,-0.7912068725919005,0.06511401378098242,0.12093079937131349,-0.1068781464667429,0.002228237872259342,-0.0004937781000080577,0.0065532143253221875,2258,770000000,6.19,0,2,2,-6.672440726159532,7.002288974993054,6.5654363336646915,-6.706602765201217,6.984499086046766,6.54349289723918,99.13379526138306
-9.0,5.198062264195162,5.867767478235117,-6.420853386862245,4.951973966398456,6.623051367302022,-0.6109849471224087,-0.00698316386278762,-0.008007177872820893,-0.7915709159101323,0.0665625450870976,0.1205753042502821,-0.11030168576659907,0.0025516965479255305,-0.000422493829432824,0.008088282265816815,2258,962000000,6.2,0,2,2,-6.672440726159532,7.002288974993054,6.5654363336646915,-6.730541423150213,6.970110973023652,6.526931732484356,99.31924557685852
-9.0,5.198062264195162,5.867767478235117,-6.445288418873313,4.958106937253415,6.6033705857935585,-0.6103690013114625,-0.007145443440313592,-0.008172209715754445,-0.7920428270393279,0.06791107596121967,0.11996336166201775,-0.11347437013521508,0.002460300470374932,-0.0003864397825736887,0.008993718074634671,2259,120000000,6.23,0,2,2,-6.749455203356586,6.957732161576277,6.51308299280449,-6.749455203356586,6.957732161576277,6.51308299280449,99.5540041923523
-9.040533546240905,5.160785279215,5.786050063307848,-6.47785386757965,4.966404439812618,6.576183101343958,-0.609446757993084,-0.007324713416748307,-0.008379049842834031,-0.7927488815941734,0.06481359345712893,0.11997986235992346,-0.11820369605948419,0.0038947804569033906,0.00034276205838068563,0.011978474776697112,2259,311000000,6.28,0,2,2,-6.749455203356586,6.957732161576277,6.51308299280449,-6.770487608941531,6.943005938952721,6.496921968237711,99.83487844467163
-9.040533546240905,5.160785279215,5.786050063307848,-6.515080083067973,4.971488260408178,6.543245441887771,-0.6075716956565395,-0.007480872896076993,-0.00902596402290002,-0.7941783194920441,0.03763694575389905,0.12228100626889642,-0.12293318959527941,0.005406211721492582,0.003222176496819884,0.021292370911396574,2259,550000000,6.35,0,2,2,-6.749455203356586,6.957732161576277,6.51308299280449,-6.798152497934441,6.922280240356383,6.474527468299776,100.16758489608765
-9.080539744799685,5.126897688037298,5.702749648162686,-6.543347223160093,4.969264067139717,6.516358969142167,-0.6054942470990025,-0.007441488665333845,-0.009785620802010937,-0.7957547251521507,0.0111420021269596,0.12498292194274745,-0.12719783939755264,0.006392663681253907,0.005117467526360997,0.025314020240330137,2259,825000000,6.54,0,2,2,-6.749455203356586,6.957732161576277,6.51308299280449,-6.830338399799183,6.8979895182454545,6.446924724979035,100.44094252586365
-9.080539744799685,5.126897688037298,5.702749648162686,-6.565674505897532,4.962354731129144,6.4937644104524725,-0.6036191366201119,-0.007326555736309963,-0.010620744604515613,-0.7971684008232381,-0.0159931259903459,0.12798568170498453,-0.13010522936861002,0.006351247111524572,0.007017009011178743,0.02657734657987021,2260,56000000,6.7,0,2,2,-6.85911123776362,6.881516749759803,6.421484471827501,-6.85911123776362,6.881516749759803,6.421484471827501,100.65117263793945
-9.120105018100498,5.096471948035492,5.618033988749896,-6.587332539312599,4.951073736177409,6.470623664066864,-0.6020905633487497,-0.007069054857302553,-0.011367213059886937,-0.7983155819956547,-0.0363432424773648,0.13071064995831633,-0.13388383388732222,0.004370142869447591,0.006880562705191551,0.016400644744862802,2260,232000000,6.92,0,2,2,-6.85911123776362,6.881516749759803,6.421484471827501,-6.8794950272422,6.87542180866247,6.403434271983849,100.86179184913635
-9.120105018100498,5.096471948035492,5.618033988749896,-6.61060110463904,4.93395695663697,6.444309477350496,-0.6013085111499064,-0.006791102602219203,-0.012144054017530194,-0.798895786255096,-0.06188397678028098,0.13271784762833247,-0.13653351667827213,0.004468733322937624,0.006689932706649415,0.004765536505146883,2260,408000000,7.06,0,2,2,-6.85911123776362,6.881516749759803,6.421484471827501,-6.903541084202878,6.873204247533229,6.382048419263018,101.11168503761292
-9.159317703191736,5.069571516131274,5.532073691133351,-6.639448753383202,4.904658012109349,6.4091775718923865,-0.6016457968150567,-0.006494436934459833,-0.013088652796535752,-0.7986293537252757,-0.08635217889873845,0.13442168671598778,-0.14157548872690545,0.0029635702276209486,0.0052578008762793615,-0.011187834297743393,2260,612000000,7.07,0,2,2,-6.93144139709466,6.875735310324011,6.357106172565082,-6.93144139709466,6.875735310324011,6.357106172565082,101.40362644195557
-9.159317703191736,5.069571516131274,5.532073691133351,-6.665445607107782,4.874988346671605,6.3758491977649605,-0.6034134397100006,-0.006286658920650603,-0.013520353315255211,-0.7972890935809867,-0.08614191522626849,0.13309799461673286,-0.1449242466873621,-0.0022179324105309206,0.001610219271697133,-0.02592383370938478,2260,857000000,6.91,0,2,2,-6.93144139709466,6.875735310324011,6.357106172565082,-6.969188958641442,6.885615028378363,6.322998274132799,101.70014429092407
-9.198267729892216,5.046250697497813,5.44504186791263,-6.682945911798681,4.856651251000526,6.353186751164559,-0.6054113916686431,-0.006222474715134202,-0.01332987012323302,-0.7957767540012425,-0.07488572453533897,0.13114694354878267,-0.14696754447684426,-0.002377729242653004,-0.001608851323453564,-0.03483506297925487,2261,108000000,6.56,0,2,2,-7.005109533463656,6.899374329077745,6.289875245424643,-7.005109533463656,6.899374329077745,6.289875245424643,101.9050977230072
-9.198267729892216,5.046250697497813,5.44504186791263,-6.702989971520087,4.838643807924119,6.327334968431025,-0.6082158654847342,-0.006359644995916564,-0.012929575104486153,-0.7936408772081985,-0.05777947482302589,0.12815097536016257,-0.14834374658184118,-0.0027951090032729553,-0.004837717096961569,-0.04290873548598029,2261,277000000,6.19,0,2,2,-7.005109533463656,6.899374329077745,6.289875245424643,-7.031695650947704,6.908503233744355,6.264510065070659,102.11091995239258
-9.237046293633338,5.026554517280455,5.357113789597274,-6.721167905627083,4.825438697702631,6.304082780000557,-0.6110342455953635,-0.006642288117031731,-0.01246044437631854,-0.7914782170370955,-0.04314593088332855,0.1258100628030227,-0.15004823749017193,-0.0024356275389436632,-0.006355574760164018,-0.04537937347777188,2261,445000000,5.81,0,2,2,-7.054584445039069,6.9139091822379966,6.241859658017601,-7.054584445039069,6.9139091822379966,6.241859658017601,102.31307935714722
-9.237046293633338,5.026554517280455,5.357113789597274,-6.7419923546977465,4.813381530073163,6.277577220973826,-0.614187892895234,-0.007043783113443942,-0.011935536969396136,-0.789038123475422,-0.02884828560391902,0.12362416363958399,-0.1515892410681125,-0.0017143912373285275,-0.006450701857829699,-0.04314550715207588,2261,613000000,5.41,0,2,2,-7.054584445039069,6.9139091822379966,6.241859658017601,-7.076620586589002,6.916272789904359,6.219205044588243,102.52622628211975
-9.237046293633338,5.026554517280455,5.357113789597274,-6.760798697792863,4.804840118798103,6.253708902073919,-0.6167185269202062,-0.007409281736045984,-0.01152617262612518,-0.7870644881088966,-0.017814704703073257,0.12222297552196992,-0.1537029407829055,-0.0010712235393839364,-0.005966986191197066,-0.037679595698136836,2261,777000000,4.97,0,2,2,-7.054584445039069,6.9139091822379966,6.241859658017601,-7.1004890315335345,6.9156306965060566,6.19364970469936,102.72684860229492
-9.275745524000433,5.010518615660784,5.268466531635312,-6.779854066330904,4.79808269153074,6.229505321391208,-0.618874189695145,-0.007768461181594957,-0.011203746053048433,-0.7853718001140776,-0.00811498271077322,0.12095639778700842,-0.15544549997851914,-0.00018581850440568815,-0.005193674405745696,-0.031560694333165884,2261,939000000,4.63,0,2,2,-7.120972496854267,6.912485255413721,6.1708471716706645,-7.120972496854267,6.912485255413721,6.1708471716706645,102.9340705871582
-9.275745524000433,5.010518615660784,5.268466531635312,-6.799096900868611,4.79289688259875,6.205063560948069,-0.6206555042073811,-0.008099265702600254,-0.010967315785989896,-0.7839648365689691,0.0004327696741965488,0.11973569560424617,-0.15659652329603663,0.0003614825914155517,-0.004265650568413548,-0.025916614686138928,2262,109000000,4.35,0,2,2,-7.120972496854267,6.912485255413721,6.1708471716706645,-7.140864213782231,6.90720492383111,6.147867314722539,103.13395047187805
-9.314458149989589,4.998169166528449,5.179278617806868,-6.820935131684875,4.788684536267674,6.1772932413898785,-0.6222807626856998,-0.008385502324487235,-0.010723765449189997,-0.7826757544453901,0.008625190541182822,0.11884593840160167,-0.15862204396314394,-0.0003279631812347361,-0.003547679057191999,-0.020803029292437714,2262,273000000,4.11,0,2,2,-7.120972496854267,6.912485255413721,6.1708471716706645,-7.160241558250973,6.900043039929749,6.124672228584195,103.3350727558136
-9.314458149989589,4.998169166528449,5.179278617806868,-6.840511305899995,4.786160741115318,6.15230593818233,-0.6234306009365678,-0.008601066255879121,-0.010551638976071673,-0.7817601744717175,0.014871000039920857,0.11816791315562833,-0.16012713966013847,0.00010008423529939137,-0.002925556100308313,-0.016550906002521515,2262,437000000,3.91,0,2,2,-7.120972496854267,6.912485255413721,6.1708471716706645,-7.181513610672842,6.890022881412295,6.098238811313561,103.5429151058197
-9.353277163006274,4.989522819963038,5.089729660701031,-6.860225595954987,4.784637918650046,6.127031204516779,-0.6243173854740711,-0.008795074255786562,-0.010436520147981476,-0.7810515526588855,0.02050521090425426,0.11772597642808835,-0.1623413123117171,0.0005069625785836251,-0.002343317464692518,-0.012315043659327785,2262,603000000,3.76,0,2,2,-7.120972496854267,6.912485255413721,6.1708471716706645,-7.199974349688096,6.879597459223021,6.074522258692454,103.74784684181213
-9.353277163006274,4.989522819963038,5.089729660701031,-6.880069902905199,4.783994700356003,6.101422965256697,-0.6249631164034055,-0.00896466979931137,-0.010365151004967153,-0.7805339848304984,0.025370114178322634,0.11721871451987775,-0.1641294233153513,0.0006697146261558373,-0.0018508989001020382,-0.008791766595095396,2262,769000000,3.65,0,2,2,-7.120972496854267,6.912485255413721,6.1708471716706645,-7.218061752561332,6.867945914102082,6.050611935751612,103.95605301856995
-9.353277163006274,4.989522819963038,5.089729660701031,-6.900020490676789,4.78410121796319,6.075504308391172,-0.6254298689414368,-0.009073248813991233,-0.010272346460314519,-0.7801600054412272,0.029561452027771544,0.1169831352442133,-0.16646542822989388,-0.00037108181061284995,-0.0015567553873552242,-0.006509032937174197,2262,930000000,3.57,0,2,2,-7.235865338523148,6.855244131849268,6.026447217889756,-7.235865338523148,6.855244131849268,6.026447217889756,104.15622591972351
-9.392295478639225,4.9845866686656395,5.000000000000001,-6.9200873015323445,4.784844119177638,6.049215607899443,-0.6257692007657907,-0.009165326815153139,-0.010192280321586847,-0.7798878262796267,0.033161571053806405,0.11676747902871751,-0.16852351750141584,0.0001165146223058855,-0.0013639470921589236,-0.004543209252005909,2263,90000000,3.51,0,2,2,-7.253439277014292,6.841637874261498,6.00202262732937,-7.253439277014292,6.841637874261498,6.00202262732937,104.34437155723572
-9.392295478639225,4.9845866686656395,5.000000000000001,-6.940228122950945,4.78613519149118,6.022656669724892,-0.6259885675700491,-0.00925486449471181,-0.010134327058274403,-0.7797114569953801,0.0362442298367184,0.11633884790344891,-0.16987740793711023,0.00014404852208826924,-0.0012047342465848487,-0.0026538176825852133,2263,245000000,3.46,0,2,2,-7.253439277014292,6.841637874261498,6.00202262732937,-7.27083598159958,6.827261409665101,5.977270686438917,104.53884887695312
-9.431605598247117,4.983358238416682,4.910270339298971,-6.960405237398831,4.787910444729053,5.995858705748526,-0.6260539430742922,-0.009365834915947419,-0.010149485434282336,-0.7796574436525809,0.039079313249620176,0.1158668723833342,-0.17175737379387804,0.001382373511660262,-0.0006991533268774219,0.00042478914394905587,2263,405000000,3.43,0,2,2,-7.253439277014292,6.841637874261498,6.00202262732937,-7.2880570429620875,6.8122302040277605,5.952268831896244,104.73349070549011
-9.431605598247117,4.983358238416682,4.910270339298971,-6.978085728119014,4.789821454938057,5.972168520063799,-0.6259680587221419,-0.009462366747760468,-0.010211126229129803,-0.779724429511027,0.04127404270845196,0.11541638943693286,-0.17317653798481253,0.0016033328392950352,-0.00043733338657148124,0.00241694278884097,2263,567000000,3.41,0,2,2,-7.253439277014292,6.841637874261498,6.00202262732937,-7.305102288377185,6.7966384133560656,5.927070894249521,104.92315554618835
-9.431605598247117,4.983358238416682,4.910270339298971,-6.995784481960937,4.792019417463681,5.948276954736794,-0.6257957456564173,-0.009526254408721218,-0.010256848319502888,-0.779861354509774,0.04322596466696832,0.11510964257814056,-0.17491675244848395,0.0005827575137118401,-0.0002528972970594623,0.003730805383383995,2263,711000000,3.41,0,2,2,-7.253439277014292,6.841637874261498,6.00202262732937,-7.319872236507733,6.782591399993749,5.904799771001023,105.10695147514343
-9.47129927139662,4.985825502573428,4.820721382193134,-7.0160496747459495,4.794834900247508,5.920655865277679,-0.6255246868154938,-0.009564047880617432,-0.010284731572837814,-0.7800779573023391,0.045204196925685176,0.11476966633990382,-0.17685199567112225,0.0005534783781513397,-0.00020535304372515384,0.0048480463647138095,2263,849000000,3.43,0,2,2,-7.253439277014292,6.841637874261498,6.00202262732937,-7.334522618298343,6.7682513863073,5.882349653303258,105.29708623886108
-9.47129927139662,4.985825502573428,4.820721382193134,-7.036326591937424,4.797932248443568,5.892785020031705,-0.6251937080745581,-0.009617284318296759,-0.010334075010912732,-0.7803419392292036,0.0468749958524674,0.11432427241116741,-0.17811464752626038,0.0010266164053973625,-0.0002099302506053391,0.005624583445751341,2264,5000000,3.45,0,2,2,-7.253439277014292,6.841637874261498,6.00202262732937,-7.35128746750109,6.752041024179728,5.856341408806141,105.48981189727783
-9.47129927139662,4.985825502573428,4.820721382193134,-7.059157266501952,4.801687365866134,5.861151791187291,-0.624813870559822,-0.009609857719857168,-0.010290415336488687,-0.7806467736068988,0.04839930334372626,0.11418329975982071,-0.18015201651673812,-0.0009199049827657291,-0.0004197257055693626,0.005089748083264567,2264,162000000,3.48,0,2,2,-7.368380026572694,6.737158427860483,5.829867392718871,-7.368380026572694,6.737158427860483,5.829867392718871,105.71648812294006
-9.511467160188488,4.991966920557292,4.73153346836469,-7.0794826795220755,4.805218489499936,5.832747583325211,-0.6244930971219339,-0.009600284372522349,-0.01023012527377039,-0.7809043159849381,0.049542208971170947,0.11396573127920513,-0.18151451778761513,-0.0005666925403602363,-0.00046751888191920443,0.005196598431211896,2264,340000000,3.51,0,2,2,-7.388327174106506,6.7233112446563625,5.7994551741281235,-7.388327174106506,6.7233112446563625,5.7994551741281235,105.92853617668152
-9.511467160188488,4.991966920557292,4.73153346836469,-7.099500064808858,4.806961730740416,5.804113252429923,-0.6239295014038179,-0.009559770166671257,-0.010466767944487093,-0.7813520556325041,0.023377899533098313,0.1153079654205865,-0.18309910925248524,0.0029388949087660876,0.0048239486659440445,0.012877264816779643,2264,510000000,3.54,0,2,2,-7.40696093795544,6.7147765083561035,5.77179736118009,-7.40696093795544,6.7147765083561035,5.77179736118009,106.1306414604187
-9.552198506503384,5.001751500218027,4.642886210402727,-7.121045125978189,4.803134018061806,5.771544796040387,-0.6227758040681037,-0.009269602400131128,-0.011168592131687798,-0.7822657060669771,-0.009684433663550365,0.11697472191736613,-0.18559353110428517,0.0044675621211354155,0.00880793822943815,0.019130483269691467,2264,674000000,3.58,0,2,2,-7.40696093795544,6.7147765083561035,5.77179736118009,-7.426538030188908,6.710323239751227,5.743534180657957,106.3354754447937
-9.552198506503384,5.001751500218027,4.642886210402727,-7.139379158195388,4.795015651822948,5.742251452857469,-0.6215017165529023,-0.008866022491200035,-0.011952355692662541,-0.783271441558019,-0.03516905504976799,0.11823210450026737,-0.1874755015290604,0.004421577614266425,0.01035336181303137,0.02119915843650233,2264,842000000,3.66,0,2,2,-7.40696093795544,6.7147765083561035,5.77179736118009,-7.44960233714942,6.709676259265021,5.710947710011875,106.53870224952698
-9.593580803191154,5.015138883899101,4.554958132087372,-7.161368811039345,4.779490946162423,5.705136912704233,-0.6200648971939975,-0.00827298730600355,-0.01291961702579513,-0.7844005127769478,-0.0626841915686295,0.12002667157090052,-0.19123715433352625,0.0037149743093323195,0.010244427903671749,0.015436236844834639,2265,9000000,3.76,0,2,2,-7.470901708257959,6.712509858301337,5.681310263151003,-7.470901708257959,6.712509858301337,5.681310263151003,106.78536868095398
-9.593580803191154,5.015138883899101,4.554958132087372,-7.188709312953725,4.7517680062735845,5.655803549620639,-0.6193957554526976,-0.007588241649302579,-0.014011920758942881,-0.7849171821233745,-0.09047973779574424,0.12176317232518197,-0.19613655463639076,0.0011384870049369056,0.007966578959894832,-0.0018160168224312656,2265,213000000,3.85,0,2,2,-7.470901708257959,6.712509858301337,5.681310263151003,-7.498386999047528,6.719955682177979,5.643506917692259,107.09881281852722
-9.593580803191154,5.015138883899101,4.554958132087372,-7.2151256581814165,4.718903942360584,5.6055407789452305,-0.6204139345948527,-0.007001466082822634,-0.014575531880981022,-0.7841078261971444,-0.10033647124904248,0.12168104366677948,-0.1990326546913489,-0.0010784507026073697,0.00398032625525957,-0.018155682846554555,2265,476000000,3.83,0,2,2,-7.470901708257959,6.712509858301337,5.681310263151003,-7.535128833790016,6.734189122227466,5.5931212513165836,107.40970993041992
-9.635699470216313,5.032079457966313,4.467926308866651,-7.233415458628789,4.696593700305346,5.57049634027858,-0.6221240195076558,-0.006843822089960067,-0.014570056131263026,-0.7827532049855628,-0.09251523531510794,0.12040220509047814,-0.19952371712555478,-0.0012137377098042634,0.0002487459525468694,-0.028078184914193116,2265,733000000,3.6,0,2,2,-7.571692219236346,6.7480111083529986,5.541958927007505,-7.571692219236346,6.7480111083529986,5.541958927007505,107.62515163421631
-9.678637536758645,5.052514485500042,4.381966011250106,-7.251999188708591,4.676676316194388,5.535463193672628,-0.6244755408023106,-0.006954375764871702,-0.014287342991027636,-0.7808827104166407,-0.07448231314537303,0.11801982562617175,-0.19848491871700924,-0.0019685435972860432,-0.004494397762755398,-0.03750931209651753,2265,916000000,3.33,0,2,2,-7.596121055164006,6.754331162042277,5.506581492219823,-7.596121055164006,6.754331162042277,5.506581492219823,107.83429718017578
-9.678637536758645,5.052514485500042,4.381966011250106,-7.268904617641753,4.661948162812938,5.504437019112953,-0.6269967231831401,-0.0072370969390977615,-0.013781188248892974,-0.7788663636311093,-0.058060970276074986,0.11632469635905074,-0.19770210816137698,-0.0030710922601429047,-0.007262901453941595,-0.0426131380663719,2266,77000000,3.0,0,2,2,-7.596121055164006,6.754331162042277,5.506581492219823,-7.619638013680535,6.757287364003747,5.471424833145238,108.04400396347046
-9.722475330250953,5.076376261790822,4.297250351837315,-7.286178452954651,4.649878003284391,5.473420108397946,-0.6296347907364338,-0.007695799722876546,-0.013274518086400563,-0.7767397196812368,-0.04314674648276519,0.11471030728176712,-0.19788683476975846,-0.0008329612626312155,-0.008061510197876487,-0.041880701974150725,2266,243000000,2.68,0,2,2,-7.596121055164006,6.754331162042277,5.506581492219823,-7.639820411620037,6.757177104489699,5.440387111497884,108.24620032310486
-9.722475330250953,5.076376261790822,4.297250351837315,-7.303754152183606,4.64020053862374,5.442350589069121,-0.6320838927448833,-0.008213076688781597,-0.012832238032622116,-0.7747501736500955,-0.03000067226106288,0.11329318233023496,-0.19779306544861736,-8.661394872433448e-05,-0.00767779529269319,-0.037257748044794425,2266,414000000,2.38,0,2,2,-7.6594036934006695,6.7548035263964055,5.4095556702152,-7.6594036934006695,6.7548035263964055,5.4095556702152,108.44640827178955
-9.722475330250953,5.076376261790822,4.297250351837315,-7.323853698720127,4.631840563704876,5.407343578335453,-0.6344605217927238,-0.008737011220757734,-0.01235586423866454,-0.7728071192350318,-0.01678381703541314,0.11230092612975646,-0.19845764104276084,-0.000598108942995168,-0.007037257410047459,-0.031542925353278406,2266,574000000,2.13,0,2,2,-7.678484158751576,6.750472703946454,5.378854555714516,-7.678484158751576,6.750472703946454,5.378854555714516,108.64684271812439
-9.76729017331638,5.103588292218058,4.213949936692154,-7.342006131469869,4.626408720237108,5.3761060036439705,-0.6362061022650718,-0.009154581909124288,-0.011985398305793128,-0.7713717257575659,-0.006397392975441195,0.11161275704194443,-0.1989044024114931,-0.0001770444896465051,-0.006133274337116745,-0.025752137298695743,2266,744000000,1.93,0,2,2,-7.678484158751576,6.750472703946454,5.378854555714516,-7.699443999466888,6.74359589483312,5.344428419561223,108.84846115112305
-9.76729017331638,5.103588292218058,4.213949936692154,-7.362693131093735,4.622260042530743,5.340924069473174,-0.6377755386478309,-0.009571330514304798,-0.011651450360684623,-0.770074668872537,0.0038133722677134315,0.11098774543384034,-0.19881654531190165,0.00015395367825021822,-0.005150689958099974,-0.0202758837986039,2266,906000000,1.82,0,2,2,-7.678484158751576,6.750472703946454,5.378854555714516,-7.717705813696674,6.735970832533334,5.313845328911587,109.05701947212219
-9.813156089545181,5.134065492033123,4.132232521764885,-7.381283010027693,4.6201210609898125,5.3096182622183,-0.6388372273853826,-0.00989684979668955,-0.01143955616686355,-0.7691932044846495,0.01210847489510738,0.1104457368444008,-0.19939972217363064,0.0006255876087379875,-0.004128150203541736,-0.01507036758994218,2267,80000000,1.75,0,2,2,-7.737863331411754,6.725923215539103,5.279543544886813,-7.737863331411754,6.725923215539103,5.279543544886813,109.26327204704285
-9.813156089545181,5.134065492033123,4.132232521764885,-7.400037249988493,4.619296363047466,5.278241069241333,-0.6396030825350816,-0.010184288158347599,-0.011299268078851975,-0.7685548149788741,0.01958503137515278,0.1099701278264846,-0.1996271008052482,0.001025773804030905,-0.003361399194545811,-0.010431186910864199,2267,247000000,1.72,0,2,2,-7.737863331411754,6.725923215539103,5.279543544886813,-7.755499389223737,6.715890064383936,5.249153901125043,109.46786975860596
-9.813156089545181,5.134065492033123,4.132232521764885,-7.4213320736112465,4.619764769262122,5.242868513624835,-0.6401845468924241,-0.010389172049001793,-0.011089646279325379,-0.7680708500976179,0.027165954489980753,0.10982601680729723,-0.2004041185586783,-0.0008225973658682051,-0.002945493156403245,-0.006950272836547811,2267,414000000,1.71,0,2,2,-7.737863331411754,6.725923215539103,5.279543544886813,-7.772950671358821,6.70499850660028,5.218784515005033,109.67936658859253
-9.860143519025664,5.167714407510702,4.052262675054004,-7.4404399583515275,4.621272600959719,5.211319200983516,-0.6405146963608874,-0.010534922479983295,-0.010917313455890375,-0.7677960350385815,0.033001011460045054,0.10969100469311506,-0.20084085193772977,-0.00035796630299955723,-0.002499079505469126,-0.0041927081838366576,2267,586000000,1.7,0,2,2,-7.737863331411754,6.725923215539103,5.279543544886813,-7.792408275071668,6.691899281007027,5.184635420594449,109.88469052314758
-9.860143519025664,5.167714407510702,4.052262675054004,-7.46208087564301,4.624023734518286,5.175804056399096,-0.6406889422104889,-0.010680459304008062,-0.010770479631877793,-0.7676507043485072,0.03870903203681177,0.10935748594263854,-0.20065859759510998,-0.00016963088569355023,-0.0020487543906710926,-0.001176657622181665,2267,751000000,1.7,0,2,2,-7.737863331411754,6.725923215539103,5.279543544886813,-7.809609053276997,6.679658721417754,5.154224875758416,110.08720779418945
-9.908319044516041,5.204433457876391,3.9742014451881884,-7.4814203708446465,4.627309709912628,5.14423363296627,-0.6406689394992652,-0.010771178859432948,-0.010648459559753964,-0.7676678330996219,0.04348456067903755,0.10914882830554266,-0.20102807040033235,-0.0005013302029510669,-0.0017160079664790828,0.001458376971186226,2267,920000000,1.69,0,2,2,-7.828845401829579,6.665341992483413,5.120057808047538,-7.828845401829579,6.665341992483413,5.120057808047538,110.29070353507996
-9.908319044516041,5.204433457876391,3.9742014451881884,-7.500853838927173,4.631310961588715,5.112627810423786,-0.6405034562077832,-0.010853127183228013,-0.010558008400442725,-0.7678060045837394,0.047657848461126515,0.1088777735748124,-0.20099873707619825,-0.00011529265151466461,-0.001420482021785574,0.003646291065706464,2268,91000000,1.69,0,2,2,-7.828845401829579,6.665341992483413,5.120057808047538,-7.845761445517114,6.652207638742425,5.0897220762086635,110.49040484428406
-9.908319044516041,5.204433457876391,3.9742014451881884,-7.525289684914675,4.637180564592486,5.073079940250974,-0.6401566174410451,-0.010875644368481084,-0.010378138949654234,-0.7680973374110545,0.05237541990956873,0.10906189342662023,-0.20164509495852867,-0.0015741359902676777,-0.0014054798725737783,0.00512103420078347,2268,255000000,1.68,0,2,2,-7.86243793325598,6.638738959001034,5.059386658333528,-7.86243793325598,6.638738959001034,5.059386658333528,110.72936654090881
-9.957745129113496,5.24411319736433,3.898206037095796,-7.552382750129721,4.644598909727225,5.029480699627006,-0.6396635145798503,-0.010883323658049057,-0.010172900124905578,-0.7685106723296408,0.056405984650690785,0.1090874855903365,-0.2016987969026979,-0.0011675518976517196,-0.0012112636227357143,0.006596349157916848,2268,453000000,1.67,0,2,2,-7.883036479710815,6.621569164811866,5.021403424456037,-7.883036479710815,6.621569164811866,5.021403424456037,110.99247884750366
-9.957745129113496,5.24411319736433,3.898206037095796,-7.5795201916917705,4.6522272241154194,4.9859338643694775,-0.6389529592659318,-0.01087777268686839,-0.010072403241590491,-0.7691029427843974,0.051345492784178014,0.10915535417138549,-0.20149083668339776,0.00149097444364088,0.0008738469603031263,0.011512173205119325,2268,664000000,1.67,0,2,2,-7.883036479710815,6.621569164811866,5.021403424456037,-7.905474224617886,6.602505872323557,4.9795644342040575,111.25928592681885
-10.008479866243734,5.286636596706112,3.824429495415054,-7.603515078129612,4.654969861924158,4.94616031550896,-0.6376115970358646,-0.010660733988912341,-0.010548124437899114,-0.7702120079218672,0.02079302541476404,0.10969103371428249,-0.2030517636005101,0.002319852978871495,0.0067861795287171844,0.021155453941901214,2268,886000000,1.66,0,2,2,-7.883036479710815,6.621569164811866,5.021403424456037,-7.928163033785502,6.585053557378503,4.937595389626119,111.49993443489075
-10.008479866243734,5.286636596706112,3.824429495415054,-7.630939367184815,4.649746305906601,4.898015773463908,-0.6353802698023503,-0.009952914412949926,-0.011511924892242073,-0.7720494335376824,-0.017983930430534565,0.11089209307722406,-0.20515602068774214,0.0015001051565377566,0.01067884350050008,0.02528970162529731,2269,89000000,1.65,0,2,2,-7.883036479710815,6.621569164811866,5.021403424456037,-7.9499966122318,6.574292000373937,4.898871011682271,111.77916932106018
-10.060576742758828,5.331879343301653,3.7530203962825333,-7.652829809680998,4.638799925716899,4.857392741529215,-0.6334946413460366,-0.009158864289874686,-0.012342749139618261,-0.7735944099684616,-0.04393448733777382,0.1125027143491532,-0.20789336938648706,0.00141352962828023,0.010984449454554124,0.02292643785040127,2269,318000000,1.64,0,2,2,-7.9781992889176765,6.569684146344601,4.8514452276250175,-7.9781992889176765,6.569684146344601,4.8514452276250175,112.01942873001099
-10.060576742758828,5.331879343301653,3.7530203962825333,-7.678360133110972,4.62037459022683,4.808130276908289,-0.632052730902694,-0.008334432259391114,-0.01318952010507488,-0.774768300304522,-0.06318075329820545,0.11365445728701988,-0.20976009488182865,-0.00016337106245600808,0.008226301542890724,0.008699155841895845,2269,521000000,1.68,0,2,2,-7.9781992889176765,6.569684146344601,4.8514452276250175,-8.003196187608717,6.571871585804546,4.811066481387678,112.3138656616211
-10.114084415893515,5.379710159274142,3.684122548120575,-7.703011459301306,4.5967383689273325,4.7586686376984115,-0.6319080407486487,-0.0076464207996256904,-0.01369737517075504,-0.7748845992788801,-0.0818741391529615,0.11411672351952891,-0.21003431008554024,-0.0007324350576709548,0.005544854275285616,-0.005344818237063009,2269,773000000,1.7,0,2,2,-7.9781992889176765,6.569684146344601,4.8514452276250175,-8.033379948546223,6.575546066188359,4.762403769215565,112.60439562797546
-10.114084415893515,5.379710159274142,3.684122548120575,-7.727345664406173,4.571759337360657,4.709453750193728,-0.6331855241748918,-0.007329416185341438,-0.013839378867501577,-0.7738416137856061,-0.07645309391208414,0.11325091538041372,-0.20825605798731472,-0.0003116902774991104,0.0005431287974033694,-0.019997215349576436,2270,17000000,1.64,0,2,2,-7.9781992889176765,6.569684146344601,4.8514452276250175,-8.066206722719288,6.580792702711904,4.70981779788153,112.88517689704895
-10.169046504790035,5.429991136564798,3.6178747020262714,-7.747982313476437,4.553906443816051,4.66879264833961,-0.6351042839693312,-0.007515974091820778,-0.01365797165228894,-0.7722690712618233,-0.057334297470428695,0.11160889044029432,-0.20637510999124808,-0.000377333529399948,-0.003966905660490738,-0.02780326976790093,2270,253000000,1.41,0,2,2,-7.9781992889176765,6.569684146344601,4.8514452276250175,-8.09421505727255,6.586978443997059,4.665365201689411,113.11647319793701
-10.225501397259645,5.482578088179083,3.5544102723452173,-7.7648796148211385,4.542723847783461,4.636592336080905,-0.6370141407091169,-0.007881654312069072,-0.013315146757904262,-0.7706968086924623,-0.038978780018740875,0.11010736686261098,-0.2038054066599587,-0.0005652366098729544,-0.00697324171596847,-0.03309140920464415,2270,445000000,1.19,0,2,2,-8.11908536596238,6.590835160034179,4.625324435310533,-8.11908536596238,6.590835160034179,4.625324435310533,113.31636881828308
-10.225501397259645,5.482578088179083,3.5544102723452173,-7.78434083035111,4.533592133226393,4.600791453691994,-0.639387420490607,-0.00836410868206083,-0.012685760007281607,-0.7687345703800238,-0.02039787895622782,0.10917574766841476,-0.20128481524414282,-0.0025138393311863183,-0.008852405790094053,-0.03506616958475206,2270,614000000,1.05,0,2,2,-8.11908536596238,6.590835160034179,4.625324435310533,-8.13840408802552,6.59189690880764,4.593654637306987,113.52032494544983
-10.283482072404862,5.53732091465431,3.4938570679927787,-7.802078109099172,4.528267431997352,4.569265046889488,-0.641475770779757,-0.008810406633041426,-0.01201673078473857,-0.7669985726314775,-0.005434989296098531,0.1090698172216817,-0.19977462889019298,-0.0028887447570014047,-0.00925019676287775,-0.03303872945252806,2270,779000000,0.98,0,2,2,-8.11908536596238,6.590835160034179,4.625324435310533,-8.159586734699062,6.591190374004438,4.558410791319039,113.72338819503784
-10.283482072404862,5.53732091465431,3.4938570679927787,-7.820217795583559,4.525298158257557,4.537966208044805,-0.6433327318216883,-0.00924199665946079,-0.011362982630166971,-0.7654465783386432,0.007783541392920003,0.10904087827525477,-0.19813909079193576,-0.002691447093638999,-0.008588852142565884,-0.02792030936689116,2270,948000000,1.05,0,2,2,-8.178026866243389,6.589159433733809,4.527349059112336,-8.178026866243389,6.589159433733809,4.527349059112336,113.92918872833252
-10.283482072404862,5.53732091465431,3.4938570679927787,-7.838688714147799,4.524454741291519,4.506889009580443,-0.6447839107766573,-0.00974921517965035,-0.010951208426508539,-0.7642242682883995,0.020168169061729375,0.10878455519001944,-0.19706544509274845,0.0014385645044967532,-0.007068790546327364,-0.019918793259421363,2271,116000000,1.31,0,2,2,-8.178026866243389,6.589159433733809,4.527349059112336,-8.198401363374275,6.58553284978688,4.492737245438347,114.13028907775879
-10.343015939680622,5.5940639847794555,3.436337035063941,-7.8597908750413135,4.525843544650989,4.472126775729821,-0.6458608166312632,-0.010285339328327689,-0.010676216655164588,-0.7633112312374493,0.032655335762280344,0.10837067181695079,-0.19583956669869523,0.00147975537174716,-0.0056578684962005354,-0.012360767323116306,2271,273000000,1.33,0,2,2,-8.178026866243389,6.589159433733809,4.527349059112336,-8.213998836469385,6.581866958926583,4.466078899826231,114.3338623046875
-10.343015939680622,5.5940639847794555,3.436337035063941,-7.878777086197014,4.528902051203791,4.441460904438333,-0.6464114999069859,-0.010667448913424978,-0.010488527757334776,-0.7628422963543406,0.04244378082363781,0.10795716831665367,-0.19431880080453034,0.001156769417320902,-0.004551189840640291,-0.006624190837101196,2271,441000000,1.46,0,2,2,-8.233848641663075,6.576302994098492,4.432072124233722,-8.233848641663075,6.576302994098492,4.432072124233722,114.53179335594177
-10.40412469492493,5.652646529561425,3.3819660112501055,-7.897955601643357,4.533484138184908,4.411014870539131,-0.6466464197584821,-0.010975008576614603,-0.010333633270817889,-0.7626409201083458,0.051458513397328376,0.1077288777565607,-0.19332722988144904,0.0009057243858023867,-0.003807604207395343,-0.0017189456229971256,2271,611000000,1.53,0,2,2,-8.25131767705294,6.570665759330043,4.4021187376039155,-8.25131767705294,6.570665759330043,4.4021187376039155,114.72970724105835
-10.40412469492493,5.652646529561425,3.3819660112501055,-7.917322143158594,4.5394329486282015,4.380742046040226,-0.6466049673711098,-0.011228831082283735,-0.010201316574185567,-0.7626741523505858,0.05939973766240373,0.10746779379176823,-0.19212313517994986,0.000684984382814946,-0.003236942620787886,0.0026313748321626917,2271,768000000,1.57,0,2,2,-8.268623519635486,6.564482609351708,4.372455059705432,-8.268623519635486,6.564482609351708,4.372455059705432,114.9353756904602
-10.40412469492493,5.652646529561425,3.3819660112501055,-7.944216775019534,4.549570206612968,4.339420139470461,-0.6461291271442835,-0.011534315722588909,-0.010100336405978617,-0.7630741076861827,0.0693824464710855,0.10715334730024084,-0.19085224623180222,0.0011002078622368572,-0.002435790611343691,0.008191545657609822,2271,930000000,1.58,0,2,2,-8.285806432679724,6.55788692501114,4.3430098782354545,-8.285806432679724,6.55788692501114,4.3430098782354545,115.18774366378784
-10.466824193840418,5.71290304839822,3.330853492557395,-7.966440034297037,4.559357305456221,4.3058478451348865,-0.64542506642085,-0.01173279869576057,-0.010047560959609441,-0.7636673828239419,0.07641959298334979,0.10689164963582565,-0.18964941722551548,0.0008302419587380427,-0.002098771892633522,0.011515533242345555,2272,142000000,1.55,0,2,2,-8.309257263635168,6.548301078842619,4.302888430264623,-8.309257263635168,6.548301078842619,4.302888430264623,115.45764183998108
-10.466824193840418,5.71290304839822,3.330853492557395,-7.991249193313507,4.571056926536231,4.2688149611768695,-0.6443342019415601,-0.011872239133574262,-0.010023334501428342,-0.7645861749415563,0.07673890266160976,0.10663917329076271,-0.1883348433101232,0.00040300610635313205,-0.0005353787713602287,0.016890218830667436,2272,319000000,1.5,0,2,2,-8.309257263635168,6.548301078842619,4.302888430264623,-8.328346913471416,6.5401537348771175,4.270334058872814,115.722989320755
-10.531124343357522,5.774663726388456,3.2831024127962682,-8.01568007627705,4.5801526663092,4.23190612398351,-0.6426341956428049,-0.01168090034084485,-0.010213960290763387,-0.7660160064730573,0.05469262720698333,0.10700414778197014,-0.18814999081881284,0.0001423020236757111,0.004172154649495496,0.025511458261462394,2272,536000000,1.42,0,2,2,-8.309257263635168,6.548301078842619,4.302888430264623,-8.349475834372189,6.530902029247369,4.234500471622365,115.98687052726746
-10.531124343357522,5.774663726388456,3.2831024127962682,-8.037022647069616,4.583963521335057,4.198685775391296,-0.640658657924571,-0.011230709542439384,-0.010633997494011543,-0.7676700289100507,0.02916874527946962,0.10751441572257496,-0.1880892323990826,0.00033800691596752586,0.007839261979825096,0.030744175091967918,2272,728000000,1.28,0,2,2,-8.370600994567626,6.521613044853727,4.198986718101232,-8.370600994567626,6.521613044853727,4.198986718101232,116.19890809059143
-10.597029011258085,5.837754861678575,3.2388089362865244,-8.055465119877145,4.5835149638741175,4.169093258857649,-0.6387285920823279,-0.010674899106965275,-0.011127348632417267,-0.7692775924840108,0.0076941790331830654,0.1087384122175857,-0.188776667035907,0.00028220093213349173,0.009446075455343816,0.03194729615643155,2272,903000000,1.13,0,2,2,-8.38964975434833,6.513297390684002,4.167266331980218,-8.38964975434833,6.513297390684002,4.167266331980218,116.40590953826904
-10.597029011258085,5.837754861678575,3.2388089362865244,-8.073455414280838,4.57972640717523,4.13946507810971,-0.6368876075673213,-0.010087660377260353,-0.01166301862793059,-0.7708024315165145,-0.011280144812965597,0.10936782147511297,-0.18827032271040892,0.0005068323957857501,0.00931724480324192,0.027833861713588703,2273,64000000,1.03,0,2,2,-8.38964975434833,6.513297390684002,4.167266331980218,-8.406625998939253,6.506023087082272,4.139231923423891,116.605060338974
-10.664535954385098,5.901999301723967,3.198062264195162,-8.09313876677295,4.572034900817845,4.1062619320652,-0.6352485445242992,-0.00953097908937433,-0.012285153732896653,-0.7721512300806859,-0.02930424737244216,0.11009889280600864,-0.18772680072410325,0.0016747238191783254,0.008319798689626623,0.020094786304980516,2273,228000000,1.01,0,2,2,-8.38964975434833,6.513297390684002,4.167266331980218,-8.423995159519935,6.500455217038793,4.111284171730161,116.82426714897156
-10.664535954385098,5.901999301723967,3.198062264195162,-8.116557335193505,4.558472927796369,4.065802522037322,-0.6340422700160423,-0.008988110326553458,-0.012967555826787686,-0.7731374109442258,-0.048121681124163034,0.11113502694168406,-0.18748203255730123,0.0014530092357745161,0.0068027271026949165,0.009252906966139562,2273,405000000,1.06,0,2,2,-8.38964975434833,6.513297390684002,4.167266331980218,-8.444976497943225,6.500278482565499,4.0796914946604055,117.09136176109314
-10.733636765710141,5.967216887318114,3.1609444548970993,-8.139540396351242,4.541177151675094,4.02531706294882,-0.6337289785644599,-0.008569393381479981,-0.01348924459518206,-0.7733900616797263,-0.05997604179192171,0.11254749812640497,-0.18786652828323538,0.0006695545380352996,0.00462025063825422,-0.0016279113765449438,2273,618000000,1.11,0,2,2,-8.47258978836351,6.508280115356967,4.040803936785079,-8.47258978836351,6.508280115356967,4.040803936785079,117.37157940864563
-10.733636765710141,5.967216887318114,3.1609444548970993,-8.164772072203673,4.522374802664334,3.9813878317563924,-0.634553828426376,-0.008394256644664555,-0.013663601480759702,-0.7727122888109051,-0.04862122949029611,0.11242308237325851,-0.18575781472607242,-0.0014082572647566849,-0.0003881098891156398,-0.015211903610179434,2273,855000000,1.08,0,2,2,-8.47258978836351,6.508280115356967,4.040803936785079,-8.501985910560288,6.52338857367449,4.001594566076869,117.62934470176697
-10.804316840475156,6.033224903224885,3.127530258720526,-8.18206730366279,4.5125775509227735,3.9525191233923525,-0.6358105184994631,-0.008506236691861065,-0.013393912292464411,-0.7716820793670718,-0.029947250168912542,0.11186248386394856,-0.18293052405198704,-0.0017724795611684385,-0.004547850539893261,-0.023672736642765813,2274,78000000,0.92,0,2,2,-8.534800964640837,6.543206528347912,3.9590357582162596,-8.534800964640837,6.543206528347912,3.9590357582162596,117.82555937767029
-10.804316840475156,6.033224903224885,3.127530258720526,-8.19987428978349,4.505942495365192,3.924114591652331,-0.6374584343898233,-0.008824498003647404,-0.012941624607315577,-0.7703255071804269,-0.009161525623934606,0.11120469740250379,-0.17956826471914145,-0.0018887349824581179,-0.00756340868974803,-0.029129489666956943,2274,245000000,0.75,0,2,2,-8.556439026486343,6.555688937056021,3.931069298531805,-8.556439026486343,6.555688937056021,3.931069298531805,118.03281235694885
-10.876555361569489,6.0998385342332115,3.097886967409693,-8.220540992660567,4.50250466602922,3.8927804995984405,-0.6394829280741127,-0.00939105079254585,-0.012381740131557642,-0.7686482195244358,0.013179354873510015,0.11068354810024458,-0.17590726626735054,-0.00040866508470571716,-0.00881727419255185,-0.028891361398564186,2274,411000000,0.56,0,2,2,-8.57761587026712,6.566373591858469,3.903516744634885,-8.57761587026712,6.566373591858469,3.903516744634885,118.23456645011902
-10.876555361569489,6.0998385342332115,3.097886967409693,-8.241809007644381,4.50295540264524,3.8620919400472014,-0.6412779498588477,-0.009997909118823431,-0.01182245315806507,-0.7671524375503282,0.032818780626174666,0.11026201642619612,-0.17230952449799258,-0.0005108056711833342,-0.008625429563835496,-0.02374652922298992,2274,591000000,0.46,0,2,2,-8.600870374712622,6.576166948306339,3.8730973245907845,-8.600870374712622,6.576166948306339,3.8730973245907845,118.44275951385498
-10.876555361569489,6.0998385342332115,3.097886967409693,-8.261148015153637,4.506258683755369,3.835328445829928,-0.6424879414310235,-0.010554506613708754,-0.01142880870635367,-0.7661378660772619,0.048758811760092516,0.11001127597394053,-0.1695381760562062,0.000953334563291719,-0.007810327042534482,-0.016688106006768066,2274,766000000,0.55,0,2,2,-8.600870374712622,6.576166948306339,3.8730973245907845,-8.623648816645046,6.583941786534322,3.843275299686885,118.6401538848877
-10.950325304246979,6.166871325440744,3.0720742786082935,-8.280855378490648,4.511998036385111,3.8090098897011617,-0.643256016574872,-0.011046569877846668,-0.011085359578499104,-0.7654912051991043,0.06264627377900514,0.10986193234209729,-0.16686049934283187,0.0005000096848561952,-0.006793359716539271,-0.009103266984311631,2274,933000000,0.68,0,2,2,-8.600870374712622,6.576166948306339,3.8730973245907845,-8.643572910713457,6.589425212989581,3.817258783153811,118.83992671966553
-10.950325304246979,6.166871325440744,3.0720742786082935,-8.30339560379211,4.520934579563807,3.7799363687516503,-0.6435816107601054,-0.011501046330931268,-0.010744426410023709,-0.765215651647195,0.07600837682404282,0.10960285579113001,-0.16380672536858362,0.0002331248140308162,-0.005752406832471024,-0.0012054989497300994,2275,90000000,0.79,0,2,2,-8.600870374712622,6.576166948306339,3.8730973245907845,-8.663279428298504,6.593831893323688,3.7916848082645123,119.04288220405579
-11.025593460231256,6.234135645563602,3.050144175636353,-8.323727413077084,4.530789639729647,3.754565235126554,-0.6434364961405509,-0.011810550120547282,-0.01045435604680203,-0.7653369798852446,0.08674078439116778,0.10964581338734929,-0.16122837695347253,-0.00046663181478834304,-0.005012920064473292,0.0049355943247064715,2275,258000000,0.86,0,2,2,-8.600870374712622,6.576166948306339,3.8730973245907845,-8.685218429450176,6.597665198817089,3.763462676495303,119.24150943756104
-11.025593460231256,6.234135645563602,3.050144175636353,-8.346934057103892,4.543767525039909,3.726537492514715,-0.6428755219728162,-0.012088923398563552,-0.010161529052759993,-0.7658078509042281,0.09731854837640777,0.10963207955024148,-0.1582886166556481,-0.0005688072235443542,-0.004245454192641773,0.010501599899725989,2275,428000000,0.88,0,2,2,-8.704528851490425,6.600221854574834,3.7388522009745193,-8.704528851490425,6.600221854574834,3.7388522009745193,119.44860172271729
-11.025593460231256,6.234135645563602,3.050144175636353,-8.373121581339495,4.560215942693293,3.69601220111959,-0.6418664690591583,-0.012287237494221077,-0.009805338817836063,-0.7666552778289316,0.10773121302224287,0.10993341194445841,-0.1553145387128585,-0.0017733935010255664,-0.003814140359281737,0.015160826660576276,2275,599000000,0.86,0,2,2,-8.704528851490425,6.600221854574834,3.7388522009745193,-8.726071197027064,6.602337280529561,3.711661476213276,119.70950937271118
-11.102320481200636,6.301443152063106,3.0321408228027407,-8.402386766869771,4.580384948754263,3.6631529967252328,-0.6403775822774163,-0.012427938469300149,-0.009422781899206091,-0.7679018880320676,0.11684588334086547,0.10999837476692335,-0.1519898960860088,-0.0021374430161813507,-0.0031298953445002553,0.019593974866438657,2275,813000000,0.81,0,2,2,-8.704528851490425,6.600221854574834,3.7388522009745193,-8.749846575274002,6.603935745525762,3.682063350622464,119.97870874404907
-11.102320481200636,6.301443152063106,3.0321408228027407,-8.442688639199005,4.609259061186741,3.6194905074858137,-0.6376361219283002,-0.01245266087937841,-0.009064526830299935,-0.7701837063990666,0.11481989455385218,0.11030817038016541,-0.14815866331567623,-0.0006312606956271338,-0.00019592958864222965,0.029488146719813813,2276,36000000,0.86,0,2,2,-8.704528851490425,6.600221854574834,3.7388522009745193,-8.778248599816425,6.6051285332410625,3.6473723631856436,120.31479477882385
-11.180460941587125,6.368605256877436,3.018100476464131,-8.474787714492155,4.629759542640538,3.5851731215069167,-0.6345368415307666,-0.012258994064570882,-0.00915259146302401,-0.7727411881569368,0.09980273474377979,0.1111916328547291,-0.14643798776206401,-0.0005532598777335807,0.0028932560326211387,0.03745053363672923,2276,320000000,0.81,0,2,2,-8.704528851490425,6.600221854574834,3.7388522009745193,-8.81125813886365,6.605796541282116,3.6080929745290926,120.61010551452637
-11.180460941587125,6.368605256877436,3.018100476464131,-8.501098216582276,4.642757324829205,3.5567665150114944,-0.6313955269024887,-0.011844490783267481,-0.009445096188145909,-0.7753129605543883,0.07909903167145121,0.11236100701160576,-0.14571786709103268,-0.000704119224792521,0.005484754456119845,0.0425446738518076,2276,563000000,1.03,0,2,2,-8.704528851490425,6.600221854574834,3.7388522009745193,-8.839583392991923,6.606077469584694,3.5754346665286145,120.8656394481659
-11.25996342056738,6.435433591546413,3.008051412009522,-8.521802343990961,4.649630993165689,3.534042142863917,-0.6287373172019335,-0.011344928748299711,-0.009749781440050481,-0.7774738711437719,0.058350473404286285,0.11456462616260081,-0.1459604434739625,-0.0010026257882600476,0.007318531288547092,0.043091835686936975,2276,773000000,1.36,0,2,2,-8.704528851490425,6.600221854574834,3.7388522009745193,-8.863289900086677,6.606290606455618,3.5489121274111337,121.06676602363586
-11.340770603066856,6.501740470521191,3.0020138669173706,-8.544760383280554,4.6534534947545945,3.50839083701978,-0.6258339890375677,-0.010733990772234053,-0.010176673342157064,-0.7798160263338487,0.037652905709685575,0.11705550040504334,-0.1464566175852063,-0.00042426146933394193,0.007793251279508695,0.03974689716415014,2276,930000000,1.7,0,2,2,-8.704528851490425,6.600221854574834,3.7388522009745193,-8.88230047451604,6.606464994070837,3.5281585048302957,121.26486897468567
-11.340770603066856,6.501740470521191,3.0020138669173706,-8.562450145104886,4.6538813896211995,3.488350754289116,-0.6238698763954066,-0.010273093738028514,-0.01049126894843928,-0.7813902828595202,0.023968192586248514,0.11958118984908842,-0.14707337857001826,-0.000648046381002132,0.007063072371238377,0.03288207444711588,2277,97000000,2.11,0,2,2,-8.90378600450617,6.606746275978952,3.5052925778707995,-8.90378600450617,6.606746275978952,3.5052925778707995,121.46618223190308
-11.340770603066856,6.501740470521191,3.0020138669173706,-8.585156144597784,4.651662108974088,3.462442970507267,-0.6219175648388657,-0.009776503362069023,-0.010855653444071293,-0.7829464332348726,0.009145939465906224,0.12319434048873912,-0.1480700788973114,-4.94035482745403e-05,0.005846230851602741,0.02318825791007839,2277,255000000,2.41,0,2,2,-8.90378600450617,6.606746275978952,3.5052925778707995,-8.920557042245456,6.607045527911895,3.4878689643920064,121.67108392715454
-11.42281939954245,6.567339351457388,3.0,-8.607705250769905,4.646761332682259,3.436712430236599,-0.6207034537271943,-0.009364687506666362,-0.011118607290068222,-0.7839106465222707,-0.0044905483373186995,0.12436459036598965,-0.14485826887527048,-0.0007395402917609317,0.0046328557345987065,0.01267960278710234,2277,426000000,2.73,0,2,2,-8.90378600450617,6.606746275978952,3.5052925778707995,-8.94216276633346,6.60751644550978,3.465934545412095,121.90740776062012
-11.42281939954245,6.567339351457388,3.0,-8.62981019327657,4.639499094225337,3.411655082260601,-0.6201517531488968,-0.009024938382477098,-0.011317402272332952,-0.7843483090817168,-0.016709183846495765,0.12498230101432858,-0.14116199875662344,-0.0006114742120644223,0.003941808427043725,0.004459965703063062,2277,613000000,2.97,0,2,2,-8.90378600450617,6.606746275978952,3.5052925778707995,-8.963848938078938,6.608154435260667,3.444531067371444,122.11890053749084
-11.50604108425346,6.632045291300239,3.0020138669173706,-8.651536030584236,4.630281594751439,3.3872135277510407,-0.6199642590071212,-0.00889922802286873,-0.011730692218817944,-0.7844918815095637,-0.026235788693241464,0.1254635771648443,-0.13810492344859884,0.0033765527405194007,0.0038814036088297144,0.0015567634932267538,2277,784000000,3.11,0,2,2,-8.90378600450617,6.606746275978952,3.5052925778707995,-8.98580299024027,6.609767568254249,3.423642272054854,122.35290694236755
-11.50604108425346,6.632045291300239,3.0020138669173706,-8.673170167597068,4.620896720200183,3.363432021639791,-0.6202181670197348,-0.0088626594092976,-0.012030283200634257,-0.7842870334596815,-0.019099405600561326,0.12453860494561957,-0.13392486179404775,0.0019084808286606858,0.0013091701589473814,-0.007389499387500109,2277,976000000,3.13,0,2,2,-9.010628758137141,6.613221001884931,3.4010162466204936,-9.010628758137141,6.613221001884931,3.4010162466204936,122.55670976638794
-11.59036145167595,6.695675396983499,3.0080514120095216,-8.695186296974894,4.614211596922873,3.34052481069232,-0.6211499514756201,-0.00895735651338594,-0.011961895939950123,-0.7835492432461718,0.003554291419043014,0.12290439571709014,-0.12829155713092338,-0.0006332111126994278,-0.0031412393582286313,-0.017832477715273853,2278,147000000,3.23,0,2,2,-9.010628758137141,6.613221001884931,3.4010162466204936,-9.030667361380853,6.616569745541331,3.3833965150685534,122.75892853736877
-11.59036145167595,6.695675396983499,3.0080514120095216,-8.715367231633584,4.61223786766428,3.321051541572645,-0.6225083489465904,-0.0092065401767397,-0.011611493144510257,-0.7824728546963908,0.028082392497266052,0.12117478442379197,-0.1228532505817449,-0.0017620839912524389,-0.0060358006521710195,-0.02449346902722027,2278,317000000,3.15,0,2,2,-9.010628758137141,6.613221001884931,3.4010162466204936,-9.053310775117595,6.620432254340311,3.3641123955096175,122.96225309371948
-11.59036145167595,6.695675396983499,3.0080514120095216,-8.741417501049918,4.615172593339173,3.2979137991428655,-0.6244158285101131,-0.009736844226844512,-0.011132841951613336,-0.7809520643423713,0.05626325981003594,0.11951787157400229,-0.11620062241033287,-0.00028586837004240806,-0.007144087430788204,-0.023428251734003425,2278,479000000,2.99,0,2,2,-9.010628758137141,6.613221001884931,3.4010162466204936,-9.073508648945367,6.623839228643486,3.3474481274225174,123.21402335166931
-11.675700990661799,6.758049269580246,3.0181004764641304,-8.768269484902598,4.623371358452974,3.2760733973319325,-0.6259450666990461,-0.010282162827729775,-0.010621742402047812,-0.7797270222270453,0.07998810814528381,0.11824092652106193,-0.11004862828797395,-0.0007131005361316056,-0.00708704842509178,-0.01720115888019791,2278,693000000,2.74,0,2,2,-9.098897237752244,6.628148606586279,3.32726803409259,-9.098897237752244,6.628148606586279,3.32726803409259,123.45051884651184
-11.675700990661799,6.758049269580246,3.0181004764641304,-8.804102571883368,4.6403131796614545,3.2494418500323694,-0.6270046534198555,-0.010855014329910291,-0.009924881180454889,-0.7788766461945678,0.10189747607936817,0.11728712245840793,-0.10294644820791517,-0.002334646433155285,-0.005918335000387742,-0.0037000801512476755,2278,884000000,2.54,0,2,2,-9.124447882579375,6.63255188817908,3.3078302758728073,-9.124447882579375,6.63255188817908,3.3078302758728073,123.76653170585632
-11.761975075891066,6.818989440763117,3.0321408228027407,-8.840594901714702,4.66085359855466,3.2245286946012124,-0.6267134202620196,-0.011148251008620866,-0.00929365901641186,-0.7791146470610192,0.10643398982116162,0.11778667704994958,-0.09719479572362402,-0.0025685596938274102,-0.00307234274714574,0.010570404901955044,2279,145000000,2.39,0,2,2,-9.124447882579375,6.63255188817908,3.3078302758728073,-9.157875829617488,6.638435048088865,3.283643002220629,124.08541655540466
-11.761975075891066,6.818989440763117,3.0321408228027407,-8.871401340649879,4.67690396627122,3.2044505970313435,-0.6252560247951403,-0.011087912550004254,-0.00901856089029496,-0.7802888101287434,0.09451981611082401,0.11897003459115155,-0.0935560369756109,-0.001285095481762255,0.0002272833860672563,0.022717877800459974,2279,406000000,2.44,0,2,2,-9.124447882579375,6.63255188817908,3.3078302758728073,-9.191541203072678,6.644581924121959,3.2607086510590766,124.36118364334106
-11.849094176114601,6.878321800454076,3.0501441756363525,-8.896262315740207,4.686901537953404,3.1885442102783985,-0.6231926864627093,-0.010866694303705566,-0.009109508792669209,-0.7819397721972308,0.0752748408114539,0.12080265261229121,-0.09111235972193171,-0.0007606028077589144,0.003319980646665499,0.03359485745022539,2279,631000000,2.66,0,2,2,-9.124447882579375,6.63255188817908,3.3078302758728073,-9.220200170232273,6.6500387205395555,3.242297740309652,124.56303548812866
-11.936964078633872,6.93587601456928,3.072074278608293,-8.915326446180705,4.69225394589332,3.176442168311236,-0.6212230926845662,-0.01058589109234255,-0.009264221723810185,-0.783507487022974,0.06081950528488329,0.12229647342257051,-0.08946850058485897,-0.000868498256068051,0.004497416011872701,0.03772550517169293,2279,800000000,2.98,0,2,2,-9.124447882579375,6.63255188817908,3.3078302758728073,-9.243805732038824,6.654723657471323,3.227936663557833,124.76181936264038
-11.936964078633872,6.93587601456928,3.072074278608293,-8.942251666014883,4.696475671029076,3.1595214626423496,-0.6183039802893717,-0.010120632084137141,-0.009512818130080558,-0.7858163061783343,0.04337126995129429,0.1251166389239211,-0.08722676317588514,-0.0010305529144716274,0.004661373122871737,0.035912995372200385,2279,955000000,3.29,0,2,2,-9.124447882579375,6.63255188817908,3.3078302758728073,-9.26230673699716,6.658545392954696,3.217205404138628,125.01459765434265
-11.936964078633872,6.93587601456928,3.072074278608293,-8.966429078254755,4.697415340160615,3.1446888639892383,-0.6160731723539683,-0.009753997626896643,-0.009738326827926694,-0.7875683277193188,0.03111152013945769,0.12845453487495923,-0.08504011532504377,-0.000490328181967925,0.004066170731675811,0.028611930611077696,2280,156000000,3.75,0,2,2,-9.124447882579375,6.63255188817908,3.3078302758728073,-9.288938378091602,6.664254478068455,3.2025415408996145,125.21551656723022
-12.025486129416084,6.9914859317930045,3.0978869674096927,-8.990667876481197,4.696109289329649,3.130220650389608,-0.6143156396782237,-0.00943040349035105,-0.009931105992722225,-0.7889415285498065,0.02062107550694577,0.13161614521981213,-0.08319718973606133,-0.0005385204076446826,0.0036112890711592627,0.0218156341361464,2280,324000000,4.11,0,2,2,-9.31305589120375,6.6695979252863795,3.1900195249011034,-9.31305589120375,6.6695979252863795,3.1900195249011034,125.45495009422302
-12.025486129416084,6.9914859317930045,3.0978869674096927,-9.020408911189037,4.691941460855791,3.1129638284980023,-0.6128782319687915,-0.009090066656864978,-0.01012593068840924,-0.7900601932730664,0.009889981093555367,0.1349568925396447,-0.08093540065109867,-0.0012350858128229447,0.0029941848197267973,0.012235636950208573,2280,513000000,4.42,0,2,2,-9.337319225304656,6.67515746874181,3.1781463314752734,-9.337319225304656,6.67515746874181,3.1781463314752734,125.70884847640991
-12.114557488195874,7.044989978345844,3.127530258720525,-9.044641879420503,4.686808458477164,3.0994801076008116,-0.6123614763790272,-0.008801592420907008,-0.010144433644730735,-0.7904638161761625,0.002347842961248845,0.13580478791388137,-0.07659911983064276,-0.0018371847090747906,0.002281664637848735,0.004118852075407631,2280,721000000,4.71,0,2,2,-9.337319225304656,6.67515746874181,3.1781463314752734,-9.367166043826542,6.682272113112322,3.1645294958841403,125.9382472038269
-12.114557488195874,7.044989978345844,3.127530258720525,-9.06897823950982,4.682518726797121,3.0868751172519544,-0.6125544085643185,-0.00864638952286481,-0.009914825245128147,-0.7903189436784336,0.01858088979578059,0.13415001360165354,-0.07104515350696994,-0.003221340216441604,-0.0018674039097277273,-0.007384369109786348,2280,911000000,4.85,0,2,2,-9.337319225304656,6.67515746874181,3.1781463314752734,-9.39177884612279,6.688384405386477,3.154135554102099,126.14809679985046
-12.204071397869395,7.0962315397463875,3.1609444548970984,-9.09111038660004,4.682082697831034,3.076567812862683,-0.6132816424578931,-0.008785106906555757,-0.00965258677037239,-0.7897564665701888,0.04402680799917563,0.13180764599824701,-0.06520333860600022,-0.0010971007100124552,-0.004201536967229913,-0.01456751406294643,2281,87000000,4.89,0,2,2,-9.416520169777522,6.694688756662535,3.1443813608918765,-9.416520169777522,6.694688756662535,3.1443813608918765,126.3475501537323
-12.204071397869395,7.0962315397463875,3.1609444548970984,-9.125455883863824,4.689046198074801,3.062835615122646,-0.6149266578915289,-0.00913763420355049,-0.009141573326060819,-0.7884783704659504,0.07979071715316373,0.12869243097984281,-0.056705827749555085,-0.001716333190415753,-0.004938419169775443,-0.018521311721997336,2281,255000000,4.82,0,2,2,-9.416520169777522,6.694688756662535,3.1443813608918765,-9.438631353024013,6.700467671171398,3.136270450486417,126.62803769111633
-12.293917467443427,7.145059328602193,3.198062264195161,-9.15804466586238,4.702407579227511,3.052039796611057,-0.6164346261716528,-0.00945964914298841,-0.008626568923836456,-0.7873020062233479,0.10709153121184552,0.12700394643113608,-0.04920448267598225,-0.0024974547613965115,-0.004894717631032108,-0.015543495828751475,2281,485000000,4.63,0,2,2,-9.472005579483099,6.709449350831094,3.1250995297540216,-9.472005579483099,6.709449350831094,3.1250995297540216,126.89100551605225
-12.293917467443427,7.145059328602193,3.198062264195161,-9.197634614023363,4.7248404524312875,3.041279908066315,-0.6174421509812846,-0.00972965778663187,-0.007981009005287875,-0.7865156244132832,0.12662762835825742,0.12607571380846258,-0.04160125184996222,-0.0021613048602375784,-0.0037262446767272195,-0.0006498547961086842,2281,704000000,4.45,0,2,2,-9.472005579483099,6.709449350831094,3.1250995297540216,-9.50285622222549,6.718034688261931,3.1159601047040786,127.21205496788025
-12.383981967760793,7.191327737505053,3.2388089362865236,-9.237633691369773,4.748859311570102,3.032319859736811,-0.616440303669664,-0.009799193460703196,-0.007559646690004002,-0.7873043754235678,0.12107414935978791,0.12729703150356503,-0.03558326311728895,-0.0027801002715932555,-0.0008394839198899717,0.020628653328458313,2281,970000000,4.32,0,2,2,-9.472005579483099,6.709449350831094,3.1250995297540216,-9.539562234895712,6.728534534523355,3.106424445842285,127.52268886566162
-12.383981967760793,7.191327737505053,3.2388089362865236,-9.265074231361126,4.762905004784665,3.0268826367766524,-0.6144498063366712,-0.009595754529632138,-0.007418961758981809,-0.7888626724558925,0.10514317698646143,0.1290349296853972,-0.03253710414848259,-0.002597053071440314,0.0012971725823263114,0.03282462857896462,2282,231000000,4.48,0,2,2,-9.472005579483099,6.709449350831094,3.1250995297540216,-9.576579965076258,6.739441516570864,3.098294425084978,127.73556590080261
-12.474148139184196,7.234897176147173,3.2831024127962674,-9.289202957646667,4.77270044481933,3.0225000264902397,-0.6120641627722945,-0.009338107318413724,-0.007406083882890101,-0.7907182875860905,0.0887158448750152,0.13144503709767352,-0.029646476825452517,-0.0020535800331344944,0.0025055423293451895,0.0416397066146601,2282,400000000,4.78,0,2,2,-9.472005579483099,6.709449350831094,3.1250995297540216,-9.602434157674104,6.747254881670987,3.0935467238783656,127.93746328353882
-12.474148139184196,7.234897176147173,3.2831024127962674,-9.322067188885372,4.781824581526988,3.0171675934715863,-0.6082927752984383,-0.008893163093009806,-0.007421433308378438,-0.7936282086075154,0.06913309344509856,0.13503583176059153,-0.025921809120286098,-0.002332983899577812,0.0028636530942094396,0.04286705079721287,2282,565000000,5.13,0,2,2,-9.625562424151454,6.754365147144155,3.08993504117868,-9.625562424151454,6.754365147144155,3.08993504117868,128.18927884101868
-12.564296510383741,7.275634391818853,3.3308534925573943,-9.35186189613562,4.786467082745623,3.0130628905255494,-0.605148756371575,-0.008516130281009717,-0.007447646419566896,-0.7960320287210698,0.05510852259370504,0.13872368814744568,-0.022086145289375237,-0.002571288337094302,0.0025769744297576835,0.036942638325854205,2282,779000000,5.7,0,2,2,-9.625562424151454,6.754365147144155,3.08993504117868,-9.657547007733331,6.764344891274129,3.0858267934636014,128.44560146331787
-12.564296510383741,7.275634391818853,3.3308534925573943,-9.378470094056793,4.788195666626953,3.010050207148709,-0.602823820453492,-0.008152243634404041,-0.00738140869378342,-0.7977985317254453,0.04405479980376332,0.1398481270629735,-0.018216795515218175,-0.003023858039341576,0.0023055237988955923,0.029543220989580732,2282,983000000,6.19,0,2,2,-9.625562424151454,6.754365147144155,3.08993504117868,-9.686837678119298,6.773622580999456,3.083015984156148,128.65890884399414
-12.654305227338881,7.313412772494321,3.3819660112501047,-9.404816471778409,4.787939092727104,3.007757128630067,-0.6009528012615852,-0.007877783457493199,-0.007404420896298798,-0.7992113898930875,0.034496786920544045,0.14164902681142139,-0.013887547067063374,-0.0014351722370520292,0.002294761020493752,0.023618865088792518,2283,158000000,6.56,0,2,2,-9.713376896094115,6.782129205990452,3.081262751985375,-9.713376896094115,6.782129205990452,3.081262751985375,128.89943432807922
-12.654305227338881,7.313412772494321,3.3819660112501047,-9.433944081720217,4.785679286714122,3.0060744819835454,-0.5993801908935761,-0.007564899138633957,-0.007406618120177717,-0.8003944659187894,0.02598115492218883,0.14374170406466663,-0.009485808001309971,-0.0019467119955152157,0.0022513508611154975,0.017000357365759555,2283,353000000,6.86,0,2,2,-9.713376896094115,6.782129205990452,3.081262751985375,-9.740097902987433,6.790780390988912,3.0802602043730496,129.14159655570984
-12.744050391633541,7.348112631760663,3.4363370350639397,-9.457436427986035,4.784324223878428,3.0054903580422456,-0.5987544593029046,-0.007396093017779687,-0.0072654466096882305,-0.8008655371275009,0.03961009920349967,0.14261460276819354,-0.004354641601436374,-0.002755866717052413,-0.0005538863149467943,0.005050596109867911,2283,546000000,7.13,0,2,2,-9.76993448105927,6.800528476443899,3.0799347153397245,-9.76993448105927,6.800528476443899,3.0799347153397245,129.34410071372986
-12.744050391633541,7.348112631760663,3.4363370350639397,-9.481372619375568,4.785278191636726,3.005695946271052,-0.598736174301809,-0.007310399499734613,-0.006986825562000704,-0.8008824732194818,0.05611024330293268,0.1409655635637451,0.0005428511580332516,-0.003686426339299942,-0.00166276772688434,-0.0036304545119492104,2283,710000000,7.25,0,2,2,-9.76993448105927,6.800528476443899,3.0799347153397245,-9.793946275430264,6.808431261688607,3.080301115185391,129.55643558502197
-12.83340640709367,7.379621474894889,3.493857067992778,-9.515235944967035,4.79194560421973,3.007346094203207,-0.599592092213033,-0.0072846614292553565,-0.0065706843837946005,-0.8002456390197871,0.08855170034951697,0.13758178854450406,0.008250047001595052,-0.0031995221206670976,-0.0021345285404095193,-0.014084153735893779,2283,876000000,7.28,0,2,2,-9.76993448105927,6.800528476443899,3.0799347153397245,-9.818088610829875,6.816415898299339,3.0812384510931126,129.8105309009552
-12.83340640709367,7.379621474894889,3.493857067992778,-9.55032415220533,4.805642448482469,3.0106493481358805,-0.6008634220878781,-0.007260146550145799,-0.006127356826420762,-0.7992952481825701,0.11725313755902889,0.13485041264959835,0.015362855537268395,-0.00323141341596056,-0.0019518901126502897,-0.013345035949896555,2284,93000000,7.18,0,2,2,-9.851544623269382,6.827549916612801,3.0835589970128123,-9.851544623269382,6.827549916612801,3.0835589970128123,130.07278490066528
-12.83340640709367,7.379621474894889,3.493857067992778,-9.589657159154738,4.825856869302362,3.015997003423396,-0.6015641841017336,-0.007185129135285483,-0.005678813816427878,-0.7987719683357466,0.13371691876907604,0.1342831247513407,0.022697938725462354,-0.0043555163756536786,-0.001548852299038117,-0.0011037501394639548,2284,301000000,7.03,0,2,2,-9.851544623269382,6.827549916612801,3.0835589970128123,-9.885214745936363,6.838804298582799,3.0869604734478364,130.37985467910767
-12.922246333789698,7.4078342454461295,3.5544102723452164,-9.629686033026456,4.849020680649771,3.022952565781736,-0.6010015666134316,-0.006993481942686672,-0.005150870515193365,-0.7992006485679637,0.13915469187960622,0.1344055359393988,0.028731091296903887,-0.005644807015414699,-0.0008603404637597123,0.015116440681595122,2284,546000000,6.95,0,2,2,-9.9222429731869,6.8512041294793224,3.0919352496826056,-9.9222429731869,6.8512041294793224,3.0919352496826056,130.6667046546936
-13.010442248402331,7.432653551733569,3.61787470202627,-9.666276473570461,4.868291635925315,3.0303705339613773,-0.59871849019283,-0.006628729838876453,-0.004676150789659608,-0.8009184496911865,0.1234981142908826,0.13671759091085775,0.032904523095028226,-0.005404523835750297,0.00017216569432321194,0.03325398974993732,2284,785000000,7.05,0,2,2,-9.9222429731869,6.8512041294793224,3.0919352496826056,-9.959506116569399,6.863691269776651,3.0981376943867738,130.95249247550964
-13.010442248402331,7.432653551733569,3.61787470202627,-9.705765569053128,4.885175794655254,3.0395423576926537,-0.5949760329352178,-0.006231228222977325,-0.004221846586979502,-0.8037081983150971,0.10642839594856172,0.13926257436889322,0.038121107125491965,-0.004775083652930334,0.00015609059431653804,0.043118168468936346,2285,16000000,7.39,0,2,2,-9.9222429731869,6.8512041294793224,3.0919352496826056,-9.993884949630155,6.87521609354939,3.104919756305912,131.2291338443756
-13.097865609928817,7.453989872725822,3.684122548120574,-9.735093162737137,4.894516529170271,3.047248579169821,-0.5916347464725986,-0.005950343237454421,-0.003932906233579513,-0.8061745793748512,0.09084522550283573,0.14222190582066938,0.042334064870307525,-0.004353831081971293,0.00035001820606339606,0.04802369512617588,2285,249000000,7.94,0,2,2,-10.03164305027691,6.887848659805025,3.1135437481435257,-10.03164305027691,6.887848659805025,3.1135437481435257,131.46168184280396
-13.097865609928817,7.453989872725822,3.684122548120574,-9.767409672618646,4.901391807429634,3.0566282685042983,-0.5878770588580167,-0.005615919909557244,-0.0036450372580084677,-0.8089225789996253,0.07463684602520078,0.14568302050696516,0.046652076812620215,-0.004250337269695592,0.0009328913506578829,0.045105044773663394,2285,432000000,8.42,0,2,2,-10.03164305027691,6.887848659805025,3.1135437481435257,-10.060154285463712,6.8973540763025625,3.120885101936294,131.7019443511963
-13.184387629688551,7.471761742823902,3.7530203962825324,-9.799524441737477,4.905509844424464,3.0669101203574596,-0.5847326881404046,-0.005296359124597647,-0.0033730286633332513,-0.8112017348833492,0.0659971662831687,0.14760571837958264,0.05161651644438351,-0.004051659425385878,0.0006801125834954291,0.03461295200395398,2285,627000000,8.97,0,2,2,-10.03164305027691,6.887848659805025,3.1135437481435257,-10.091981881830277,6.907935328533379,3.129806776018884,131.9701132774353
-13.184387629688551,7.471761742823902,3.7530203962825324,-9.825117201332823,4.907337328552637,3.0757868699891526,-0.5827704172630747,-0.005033221603422174,-0.0031629720170531384,-0.8126151014172281,0.05866787394727881,0.14945817452523122,0.05513133686197323,-0.003985496323366533,0.0011311515436318587,0.027336327184457332,2285,835000000,9.44,0,2,2,-10.123995029190166,6.9185295035484575,3.139599693653212,-10.123995029190166,6.9185295035484575,3.139599693653212,132.2122881412506
-13.269879644571253,7.485895915127626,3.8244294954150533,-9.863438870457408,4.907744344633308,3.0902072250317705,-0.5805372330602692,-0.004641587326243072,-0.0029218337726790704,-0.8142152292761566,0.05364382558273234,0.1518473944865491,0.06128058420431866,-0.003866609768010676,0.0010733891031122766,0.01628715526749147,2285,992000000,9.73,0,2,2,-10.123995029190166,6.9185295035484575,3.139599693653212,-10.149741580592373,6.92699622150423,3.1480452672959336,132.49388647079468
-13.269879644571253,7.485895915127626,3.8244294954150533,-9.889350918982503,4.909275484686066,3.100628630310849,-0.579922926351988,-0.004434822328432332,-0.0027007790191508124,-0.8146547966070974,0.06942698429407242,0.14950236475610743,0.06520016624390161,-0.003599610727178515,0.00013237576013125363,0.005054792927694507,2286,226000000,10.08,0,2,2,-10.18860992733375,6.939703868298235,3.1618266303775386,-10.18860992733375,6.939703868298235,3.1618266303775386,132.69690084457397
-13.354213492458666,7.496327502823981,3.898206037095794,-9.922463512356588,4.914824462911504,3.1145777149861957,-0.5798888143314989,-0.004260907912520512,-0.0024581959984750893,-0.8146807748740621,0.09117045489843759,0.1466208355398278,0.07070877634980964,-0.0027090066851087613,2.4064871162465806e-05,-0.0029048974056422594,2286,394000000,10.19,0,2,2,-10.18860992733375,6.939703868298235,3.1618266303775386,-10.214641843231057,6.948144698383583,3.1716695479568577,132.930837392807
-13.354213492458666,7.496327502823981,3.898206037095794,-9.959982334265776,4.926787889124514,3.1311530763019393,-0.5806590157977566,-0.004056549928153874,-0.002264270855823396,-0.8141336038101809,0.12144126695816013,0.14195274666799762,0.07637556934381687,-0.0020979807231924497,0.0009085548299481161,-0.011297336459392682,2286,581000000,10.22,0,2,2,-10.18860992733375,6.939703868298235,3.1618266303775386,-10.247337981869807,6.958675773356405,3.1847712040033866,133.19447255134583
-13.437261888741183,7.503000098395525,3.9742014451881866,-10.00571357890824,4.948440881950194,3.1523887877844774,-0.5816552203554053,-0.003750950090122995,-0.0020842757479052287,-0.8134241149617665,0.14363874452142628,0.1394262066497633,0.08309448365775614,-0.0043357159484003205,0.001157881195013033,-0.0020751418674080924,2286,801000000,10.15,0,2,2,-10.18860992733375,6.939703868298235,3.1618266303775386,-10.283494277445723,6.970208145809169,3.200211271451907,133.5067150592804
-13.437261888741183,7.503000098395525,3.9742014451881866,-10.048505237532975,4.970068563241,3.173338457260677,-0.5809869147665683,-0.0033592406355803348,-0.0017411852289588707,-0.8139041028563345,0.1388254562517292,0.14170982358842615,0.08842344283515147,-0.004323028406361118,0.0008837170469178091,0.01694438760750927,2287,57000000,10.05,0,2,2,-10.18860992733375,6.939703868298235,3.1618266303775386,-10.326454132349253,6.983738864092488,3.2198364847757737,133.80924367904663
-13.518898802844385,7.505865870407254,4.052262675054002,-10.080546555964462,4.983706879963232,3.1899346150274437,-0.5791311292565512,-0.0030779054781247895,-0.001475488747647912,-0.815227259453985,0.12275190762563307,0.14597516639337574,0.09293191989142754,-0.004168415398453362,0.0005949205444721883,0.030637563031632453,2287,303000000,10.17,0,2,2,-10.18860992733375,6.939703868298235,3.1618266303775386,-10.36634373002784,6.996085407991284,3.2391585527788465,134.0416989326477
-13.518898802844385,7.505865870407254,4.052262675054002,-10.112398224386817,4.993972420966871,3.2072798950811454,-0.5763759759022201,-0.0028108480740622298,-0.0011549331812233605,-0.8171789887565727,0.1043076629129677,0.15066956979286666,0.09710274452402053,-0.004674716819863534,-3.6868251740429514e-05,0.04227445060678292,2287,494000000,10.46,0,2,2,-10.18860992733375,6.939703868298235,3.1618266303775386,-10.396426259895966,7.005261479176249,3.2544115079702447,134.26230478286743
-13.598999833677176,7.504885637691124,4.132232521764883,-10.151119494201893,5.001935364088738,3.229552253077866,-0.5724717095410614,-0.0026033070638553984,-0.0008145046023677743,-0.8199199358167348,0.08571797579626095,0.1564153874087149,0.10306544948701468,-0.0036460724004427902,-0.0005196011102270859,0.042924535227939487,2287,675000000,10.88,0,2,2,-10.426616370607103,7.0143615968422734,3.270220313501474,-10.426616370607103,7.0143615968422734,3.270220313501474,134.5117211341858
-13.598999833677176,7.504885637691124,4.132232521764883,-10.193340779851532,5.006006991859913,3.255260300325745,-0.568653260285035,-0.002400704061579215,-0.00043409347668381653,-0.8225737156936527,0.07351504900874484,0.16080220361935924,0.10889621534024192,-0.002841926925611915,-0.0005946675400991808,0.03216340410290286,2287,885000000,11.47,0,2,2,-10.426616370607103,7.0143615968422734,3.270220313501474,-10.463674551846555,7.025363642694172,3.2903815931778535,134.79609370231628
-13.677442582912931,7.500028920808715,4.213949936692152,-10.224991496308661,5.008299831908457,3.2753275711444556,-0.5668180872836623,-0.002315150399242983,-0.00021637093957019337,-0.8238396987219878,0.07586235804157379,0.15967663191926967,0.11226535376680061,-0.0024347002181457356,-0.0005909820004035282,0.020046775898663327,2288,132000000,12.07,0,2,2,-10.504282653190675,7.037187868155439,3.3134923373745977,-10.504282653190675,7.037187868155439,3.3134923373745977,135.0109269618988
-13.677442582912931,7.500028920808715,4.213949936692152,-10.256678135499401,5.0112286747910035,3.2959456278582064,-0.5658172760602952,-0.0022053289503778557,-3.0318074868638514e-05,-0.824527710702765,0.08156526563930408,0.15798818347382196,0.11515425563606593,-0.0023045633042784175,0.00018873660110330093,0.008508995324518764,2288,305000000,12.37,0,2,2,-10.504282653190675,7.037187868155439,3.3134923373745977,-10.534848028746362,7.045910062999013,3.3315418843247158,135.2294363975525
-13.75410702501791,7.491273970733897,4.297250351837314,-10.288725640780678,5.016909548779787,3.317096551341095,-0.565876167649823,-0.002097986639263502,-8.26253756232363e-06,-0.8244875749638325,0.10563187302938686,0.15232473809622754,0.11823782054712044,-0.0004990748891486874,0.0014390785395335115,-0.00746099503885489,2288,486000000,12.55,0,2,2,-10.565470176365826,7.054507314504627,3.350108674954077,-10.565470176365826,7.054507314504627,3.350108674954077,135.4461989402771
-13.75410702501791,7.491273970733897,4.297250351837314,-10.325046409900736,5.028435336673496,3.3411786503021688,-0.5668264538951013,-0.0018852718713026036,-7.088381952675992e-05,-0.82383506352313,0.13105119014491468,0.14645919155657633,0.12092086447632269,-0.000571987982311839,0.00264841548869299,-0.0138837185659213,2288,668000000,12.59,0,2,2,-10.565470176365826,7.054507314504627,3.350108674954077,-10.596193188857878,7.062973222588946,3.3692678322486938,135.68652820587158
-13.828875872947062,7.478607774758877,4.381966011250104,-10.369514867146647,5.048469517231189,3.3709002261855607,-0.5681306261647129,-0.0015492338300209787,-0.00020069135135889328,-0.8229369059722699,0.15348688846735464,0.141882871900924,0.12506082839965765,-0.0029107377031323267,0.0028792524517484708,-0.009266263441531919,2288,873000000,12.5,0,2,2,-10.565470176365826,7.054507314504627,3.350108674954077,-10.63045233161632,7.07222813754116,3.391278780011859,135.97680521011353
-13.828875872947062,7.478607774758877,4.381966011250104,-10.418182982514221,5.073315477793723,3.4041002253304313,-0.5680759290782765,-0.0010558846897770896,1.4285997383130678e-05,-0.8229754696862385,0.15280574961563015,0.14236743956831657,0.1294894022715838,-0.004765143512486247,0.00133941211970523,0.01285343987547094,2289,109000000,12.37,0,2,2,-10.565470176365826,7.054507314504627,3.350108674954077,-10.671728803432304,7.08312501440556,3.418695932720574,136.28639101982117
-13.90163493843648,7.462026039688312,4.467926308866649,-10.459152518235333,5.091390782402302,3.433243737785337,-0.5659162979342222,-0.0007197882911041608,0.0004163148069361569,-0.8244622807134491,0.13462598956118704,0.1469172316941135,0.13444484452244704,-0.005329830082700937,-0.00022569607125433322,0.03161666536470875,2289,375000000,12.42,0,2,2,-10.565470176365826,7.054507314504627,3.350108674954077,-10.716568322050456,7.094645773548671,3.4494715998890344,136.5502815246582
-13.90163493843648,7.462026039688312,4.467926308866649,-10.492296206735633,5.1022590331276545,3.4578307706361704,-0.5629786335660301,-0.0004835503075162513,0.00088487034047997,-0.826470835136792,0.11370730452631177,0.15194410447879542,0.13815845975936045,-0.005707866421289509,-0.0011975421898569039,0.04451805943972431,2289,588000000,12.77,0,2,2,-10.754567930540034,7.104140891810819,3.476360653579756,-10.754567930540034,7.104140891810819,3.476360653579756,136.7732400894165
-13.972273485833556,7.441533152447317,4.55495813208737,-10.532338762662611,5.110348147123734,3.4888843705793886,-0.5587600681512132,-0.00039561973976664534,0.0013483040485703739,-0.8293281689421056,0.09227503010293739,0.15776103290759688,0.14364453246094086,-0.004449340303835925,-0.0019349310832694755,0.04561024907161482,2289,769000000,13.21,0,2,2,-10.785664106306239,7.111717303348456,3.4988479103846117,-10.785664106306239,7.111717303348456,3.4988479103846117,137.04073452949524
-13.972273485833556,7.441533152447317,4.55495813208737,-10.564654032834232,5.1137961208424105,3.514908751071316,-0.5556964454984284,-0.0003081883362594615,0.0017847258998511474,-0.8313832932130786,0.0808795998740139,0.15925527660450894,0.1456649833452099,-0.004415068542584777,-0.0018080378026752442,0.03796007622440811,2289,984000000,13.84,0,2,2,-10.785664106306239,7.111717303348456,3.4988479103846117,-10.823740921631726,7.120735978320989,3.527030604806908,137.25402998924255
-14.040684578421265,7.417142118289708,4.642886210402725,-10.596614204475957,5.11546913933595,3.541334359551297,-0.5531660366892248,-0.00019502470786558236,0.002251328207753695,-0.8330679620176251,0.07463441626874534,0.16028347331557508,0.14838896914762825,-0.004964741083313129,-0.0017295438055953127,0.03076484972552862,2290,160000000,14.31,0,2,2,-10.785664106306239,7.111717303348456,3.4988479103846117,-10.854952779432272,7.1278903986685025,3.5507039629702555,137.482892036438
-14.040684578421265,7.417142118289708,4.642886210402725,-10.631910484739725,5.115874586416998,3.571238705734806,-0.5510459279878979,-2.3228731999789696e-05,0.002727027742364594,-0.8344704596497556,0.06825266382545545,0.1617989151773421,0.1513485835257978,-0.004641433724827948,-0.0007415479444716766,0.02173513585148612,2290,351000000,14.69,0,2,2,-10.785664106306239,7.111717303348456,3.4988479103846117,-10.886191924243567,7.134855493426959,3.5748882436301574,137.73699617385864
-14.106765416210758,7.388874476852862,4.731533468364688,-10.667132079881284,5.114911483099088,3.60184939410013,-0.5496165871492658,0.00014216763435661531,0.0030375691405786316,-0.8354114914773876,0.06314882612125211,0.16401069218704947,0.15564830128508755,-0.003337742305120628,-5.803002908755239e-06,0.014037051278137369,2290,545000000,15.02,0,2,2,-10.785664106306239,7.111717303348456,3.4988479103846117,-10.920923159321635,7.142362770662365,3.602284716184601,137.99274015426636
-14.106765416210758,7.388874476852862,4.731533468364688,-10.69886337910656,5.113118507238275,3.630065011728324,-0.5487767206000261,0.0003180689633438471,0.003269545956126705,-0.8359625110187993,0.059704560997741296,0.16565157259388258,0.15905098070067727,-0.0031608030212737503,0.00038675110545227653,0.009302035778091522,2290,749000000,15.26,0,2,2,-10.955687392173363,7.149608504805113,3.630318424502376,-10.955687392173363,7.149608504805113,3.630318424502376,138.20822763442993
-14.170417664197668,7.356760196364748,4.820721382193132,-10.727218618539261,5.111774107475411,3.655642015192304,-0.5485100952460789,0.0003659667848485272,0.003255868521557145,-0.8361375130931634,0.06743292597580056,0.1641423361192654,0.16201218626246697,0.0005862559930847056,0.0008378627796901128,-0.0003782347576475331,2290,928000000,15.41,0,2,2,-10.955687392173363,7.149608504805113,3.630318424502376,-10.986991018095427,7.155878398283796,3.656139207301286,138.40027022361755
-14.170417664197668,7.356760196364748,4.820721382193132,-10.759556662563101,5.113084370732881,3.684829913123318,-0.5491767407391703,0.0003406789326270488,0.0029310258305267275,-0.8357010233669382,0.09083745384119597,0.1574965536804266,0.163204640291052,0.004269665078027174,0.0026775816422741627,-0.016588479047641158,2291,85000000,15.49,0,2,2,-10.955687392173363,7.149608504805113,3.630318424502376,-11.014815795422297,7.1612618212315775,3.679522870155682,138.60433268547058
-14.231547770101251,7.32083754636694,4.910270339298969,-10.792510169603906,5.119198905669432,3.7142433136668904,-0.5507056257648939,0.000440945873533173,0.0025178001590108285,-0.8346956211697725,0.11512033723740231,0.15097173430132826,0.1646114833551547,0.0029881415230192943,0.003960523372370517,-0.02253405054943869,2291,262000000,15.44,0,2,2,-10.955687392173363,7.149608504805113,3.630318424502376,-11.046108441466382,7.167107283053195,3.7062140811093203,138.82283520698547
-14.231547770101251,7.32083754636694,4.910270339298969,-10.833533653569654,5.132386635921588,3.7504988387492615,-0.5527535253856575,0.0007209946804531573,0.002057906030772606,-0.8333419378401439,0.1394914266264171,0.14451588329089662,0.16596225051249575,0.0030440371801887522,0.00455677345598815,-0.021082655075588264,2291,443000000,15.28,0,2,2,-10.955687392173363,7.149608504805113,3.630318424502376,-11.07743241563846,7.172721800384565,3.7334011005687286,139.09407353401184
-14.290067270632257,7.281152949374527,4.999999999999999,-10.875181234091755,5.150514015495883,3.78717763529445,-0.5543860650947849,0.0009508424810815677,0.0015287785612746485,-0.8322576821894812,0.155665828401721,0.14052842376406677,0.16838517395695385,-0.000630606325557892,0.003907366772182286,-0.012533359858935,2291,662000000,15.04,0,2,2,-11.115709423395531,7.179298203715331,3.7671543190385877,-11.115709423395531,7.179298203715331,3.7671543190385877,139.3688142299652
-14.290067270632257,7.281152949374527,4.999999999999999,-10.920838147745078,5.171727684446498,3.827879257898385,-0.5545309076920177,0.0013256182620101542,0.0015321857357157298,-0.8321606621063997,0.15317108947927763,0.14124830732779964,0.17174724222865706,-0.0009597605981070956,0.0014754116818949115,0.006702999826302403,2291,888000000,14.87,0,2,2,-11.153972175856515,7.185548082166316,3.801470027579323,-11.153972175856515,7.185548082166316,3.801470027579323,139.66270780563354
-14.345893085364855,7.237760811949752,5.089729660701029,-10.966238552514483,5.191675226535338,3.869319034671077,-0.5532186656510517,0.0014471102251030793,0.0016186326348956025,-0.8330332489616842,0.14444107363244643,0.1425273925644006,0.1746922105418743,-0.0035502131140674464,-0.00037675908117762447,0.01968813558050897,2292,136000000,14.9,0,2,2,-11.153972175856515,7.185548082166316,3.801470027579323,-11.195688559023703,7.191971665220882,3.83960223278866,139.95587396621704
-14.345893085364855,7.237760811949752,5.089729660701029,-11.00721854371265,5.206400285207219,3.9078392395950656,-0.5506841648329792,0.0015709950856838935,0.0020845005424404337,-0.8347096126403082,0.12467473628295281,0.1464984158987468,0.1770538629754081,-0.005671113103744574,-0.002100445226460579,0.033394306228728965,2292,372000000,15.13,0,2,2,-11.153972175856515,7.185548082166316,3.801470027579323,-11.23734868720256,7.197907539421593,3.878515001354825,140.22480487823486
-14.398947797320005,7.190723335720643,5.179278617806866,-11.043757532278317,5.214986744192412,3.9434860043225335,-0.5473928873107587,0.0016785737433905631,0.002801519100345641,-0.8368693809684455,0.10106687741260298,0.15224431075400152,0.18091630485425508,-0.006552541208293405,-0.0035045817639911547,0.042931890857289545,2292,590000000,15.52,0,2,2,-11.153972175856515,7.185548082166316,3.801470027579323,-11.275461351852053,7.202956179934148,3.914675261828076,140.4586009979248
-14.398947797320005,7.190723335720643,5.179278617806866,-11.07607516349424,5.218413523597899,3.976193153977687,-0.5441167281014796,0.0017377043212773266,0.0035067644276077685,-0.8390003988003112,0.08082148156995902,0.15776409435413657,0.18436655869312196,-0.006804009308325476,-0.003676595679280581,0.04364297346910462,2292,783000000,16.01,0,2,2,-11.153972175856515,7.185548082166316,3.801470027579323,-11.31008398965289,7.20721425639465,3.9480172625349192,140.67261838912964
-14.449159919402483,7.140110308928806,5.26846653163531,-11.115031607736308,5.217631288876617,4.017136801103896,-0.5405692583785711,0.0016552758602424824,0.004099891217054051,-0.8412878983141718,0.06080104697774803,0.16444433527629376,0.19008891990793927,-0.003589258426472952,-0.0029894528324803105,0.03289713495178148,2292,959000000,16.49,0,2,2,-11.341198467596229,7.210741212318399,3.9784564896104144,-11.341198467596229,7.210741212318399,3.9784564896104144,140.94701623916626
-14.449159919402483,7.140110308928806,5.26846653163531,-11.15366817917636,5.212455128570083,4.059250953324218,-0.5381326634127439,0.0016280991943264354,0.004567086185282725,-0.8428462063657258,0.0461354637820472,0.16980446395919727,0.19499465351052556,-0.002175780650759407,-0.0019016903593183088,0.02005015885515604,2293,183000000,17.02,0,2,2,-11.341198467596229,7.210741212318399,3.9784564896104144,-11.379139640516838,7.214630457394773,4.016179784386062,141.2331862449646
-14.496464145870778,7.085998879141749,5.357113789597272,-11.181521540435897,5.207088183375123,4.090347195193517,-0.5372310126496669,0.001597710502021267,0.004738760621607078,-0.8434203166371652,0.04120942021029754,0.17038893535247193,0.1966551740103135,-0.0015220747400235268,-0.0011012602612936462,0.008954003260441823,2293,410000000,17.41,0,2,2,-11.416974834123373,7.2181175513728055,4.0543447434306685,-11.416974834123373,7.2181175513728055,4.0543447434306685,141.43881583213806
-14.496464145870778,7.085998879141749,5.357113789597272,-11.21281192845603,5.201945853996751,4.125467149008778,-0.5374173543203253,0.001461248410345243,0.004519792943855678,-0.843303043691987,0.05838856853858791,0.16416972511695524,0.1961084699680662,0.004870867905992782,0.0013009248391426809,-0.013524654605134856,2293,577000000,17.48,0,2,2,-11.447877690406072,7.220666531945833,4.085940445635369,-11.447877690406072,7.220666531945833,4.085940445635369,141.64490604400635
-14.540801588058912,7.028473307814418,5.445041867912628,-11.241026366993259,5.201149498512901,4.156578150571388,-0.5388327170084033,0.001425314064652192,0.004068920249939967,-0.8424017541821471,0.08068733223535166,0.15698526941373664,0.1954036139467523,0.005048956472819555,0.0035945176023233216,-0.026242532476317137,2293,743000000,17.59,0,2,2,-11.475282118243788,7.2227225933150025,4.114196777712352,-11.475282118243788,7.2227225933150025,4.114196777712352,141.85200834274292
-14.540801588058912,7.028473307814418,5.445041867912628,-11.269674289802737,5.204094117872129,4.187589343536115,-0.5408300757019573,0.0015455374525422992,0.0035671986640126233,-0.8411228897277077,0.1011287539982586,0.15054569336105555,0.19441570079198717,0.004255588282831013,0.00525039758940693,-0.03194448217982426,2293,908000000,17.43,0,2,2,-11.50261334510018,7.224535018519667,4.142677929518104,-11.50261334510018,7.224535018519667,4.142677929518104,142.07102394104004
-14.582119993610817,6.967624707432082,5.532073691133349,-11.305993281606188,5.2123076138508555,4.226227826844697,-0.5434045084734257,0.0018311580309549112,0.0029820353958561895,-0.8394636945669051,0.12182246319269452,0.14430695517094186,0.19416837694576444,0.0030247287895690533,0.005469576672112453,-0.028665988975262735,2294,75000000,17.2,0,2,2,-11.50261334510018,7.224535018519667,4.142677929518104,-11.529847002967422,7.226090208491577,4.171363869931986,142.30339670181274
-14.582119993610817,6.967624707432082,5.532073691133349,-11.353794035987407,5.228588181638508,4.276360870066815,-0.5458188506300642,0.0022858811886886004,0.0025157552992807215,-0.837896311019055,0.13753952186160845,0.13944056742759464,0.19408332899795253,-0.0011964175428147428,0.0037443508745127474,-0.014016411205375334,2294,261000000,16.89,0,2,2,-11.50261334510018,7.224535018519667,4.142677929518104,-11.563730255224375,7.227612294472271,4.207597286285403,142.6160705089569
-14.582119993610817,6.967624707432082,5.532073691133349,-11.394358780022648,5.244084884272928,4.318985226534,-0.5464720949416566,0.0026311550384500856,0.0025018175683915334,-0.8374694426557276,0.13638754596474628,0.13953829374491702,0.19586932045562971,-0.005254571306068101,0.0015656881146242085,0.0007321854500252911,2294,524000000,16.62,0,2,2,-11.50261334510018,7.224535018519667,4.142677929518104,-11.607498332213186,7.228954334468696,4.255142992587458,142.89935946464539
-14.620373948532228,6.903550762011855,5.618033988749894,-11.434510191494507,5.256268876419995,4.362200834714324,-0.5452315138065519,0.0029954495199645587,0.003132121576070565,-0.8382743068046531,0.11278726284703573,0.14624649996035394,0.19946522631619687,-0.007132211112548248,-0.0016648986957079615,0.02195626511820592,2294,757000000,16.48,0,2,2,-11.50261334510018,7.224535018519667,4.142677929518104,-11.647741231354757,7.2295718486809735,4.299550273545521,143.1430947780609
-14.655525061410888,6.836355431783316,5.702749648162684,-11.466800903529592,5.261468232187689,4.398147870301981,-0.5429942883717369,0.003150717614052364,0.0038557219897656712,-0.8397216260059788,0.08781505888370021,0.15349745813599283,0.20275655346784424,-0.007563674807897769,-0.0036372091472003376,0.034386469997116365,2294,966000000,16.8,0,2,2,-11.50261334510018,7.224535018519667,4.142677929518104,-11.681185149730448,7.229703608095457,4.336798270297859,143.36602187156677
-14.655525061410888,6.836355431783316,5.702749648162684,-11.502039090759073,5.261907716223226,4.438862392135001,-0.5400080771334763,0.0030209098182731493,0.004464669309767031,-0.8416425710849171,0.06351012539110104,0.16079270593424638,0.2075604953341473,-0.0037792917964907247,-0.00462493685517984,0.03574842594389338,2295,151000000,17.16,0,2,2,-11.50261334510018,7.224535018519667,4.142677929518104,-11.711167227044891,7.229502491212536,4.3705273468256935,143.6129491329193
-14.68754212920409,6.76614864290927,5.786050063307846,-11.533293334524725,5.258097203127998,4.476441881955037,-0.5376743616549248,0.0027633674132353245,0.004836049094558779,-0.8431341869765828,0.04523498964583262,0.16713483639975873,0.21318300842694868,-0.0020339919046818977,-0.004411717054608744,0.027475087699713185,2295,350000000,17.63,0,2,2,-11.744329779526836,7.228891533458092,4.408237774263504,-11.744329779526836,7.228891533458092,4.408237774263504,143.84375476837158
-14.68754212920409,6.76614864290927,5.786050063307846,-11.574556703432334,5.248647498084384,4.527885303347196,-0.5359061743245577,0.002458975922130524,0.0051031650504621065,-0.8442585406525058,0.030270419579332065,0.17215220529410058,0.2183397228371538,-0.0003023644723043617,-0.0020515621599770384,0.008622402401670115,2295,535000000,18.01,0,2,2,-11.744329779526836,7.228891533458092,4.408237774263504,-11.774013910499136,7.227935936291145,4.442453382170855,144.13903760910034
-14.716401284042247,6.69304596314603,5.867767478235115,-11.611592749137372,5.236415165568544,4.57563018135965,-0.5358041756543713,0.0023628740862214302,0.005179682679828636,-0.8443230857111087,0.016310859656706356,0.17403945365019502,0.21925658447471402,0.0028072993700334337,-0.00036119774620146927,-0.005942401412539766,2295,769000000,18.34,0,2,2,-11.813345708247427,7.226212248960358,4.488291276238944,-11.813345708247427,7.226212248960358,4.488291276238944,144.39051914215088
-14.716401284042247,6.69304596314603,5.867767478235115,-11.64476881158757,5.225115907370516,4.6189487883410205,-0.5371831517857585,0.002213507154341699,0.0047444120709033925,-0.8434493774837336,0.023151110763869207,0.16970058956512457,0.21766913211370187,0.0043006653868360445,0.001849550210408779,-0.02315021865797462,2295,984000000,18.43,0,2,2,-11.813345708247427,7.226212248960358,4.488291276238944,-11.8496398918045,7.226683299766524,4.530633827911366,144.63694500923157
-14.742086120548693,6.617168264378271,5.947737324945996,-11.674723775741901,5.218160613977146,4.657588602923348,-0.5394071958604886,0.0022249520713894556,0.004312028399000963,-0.8420310760615016,0.04535593120449176,0.1612281458707828,0.2151122245805303,0.004106593087271904,0.0031518202149527497,-0.033129660005215555,2296,192000000,18.3,0,2,2,-11.813345708247427,7.226212248960358,4.488291276238944,-11.882961426992104,7.229401584421094,4.569324447799256,144.85352778434753
-14.742086120548693,6.617168264378271,5.947737324945996,-11.701644306454966,5.215741109721058,4.691529548330274,-0.5418274516191148,0.0023336303995153415,0.0038911058651289136,-0.8404774988875314,0.06590331594102916,0.15400034098601334,0.21217202366006144,0.003700863931044296,0.004384974181448342,-0.037967612297507,2296,373000000,18.03,0,2,2,-11.813345708247427,7.226212248960358,4.488291276238944,-11.913090890830365,7.232662771667532,4.604364917953325,145.05761694908142
-14.76458780322894,6.538641372996565,6.025798554811812,-11.72886139325737,5.216770845069797,4.725052285426695,-0.544394715746202,0.002503544324564385,0.0034169339663157336,-0.8388184847126919,0.0836374382014224,0.14793708542116604,0.2098337005123489,0.003890601874445565,0.005149486332811648,-0.037828792483196594,2296,532000000,17.73,0,2,2,-11.813345708247427,7.226212248960358,4.488291276238944,-11.939775695292376,7.235082514071788,4.635607349483045,145.2573893070221
-14.76458780322894,6.538641372996565,6.025798554811812,-11.759731389392865,5.221350109731835,4.762346244916784,-0.547058754735757,0.0027397105860741734,0.0029188442194351435,-0.8370846392099724,0.09965312586029956,0.14233450574738543,0.20719656411279486,0.002918834343290655,0.004877130731983925,-0.03268272412242368,2296,695000000,17.4,0,2,2,-11.813345708247427,7.226212248960358,4.488291276238944,-11.966234362293946,7.236547652377983,4.666948027554932,145.4602632522583
-14.76458780322894,6.538641372996565,6.025798554811812,-11.7872887107247,5.227836592886437,4.79515244374541,-0.5490320623147373,0.002871892194796082,0.0024433081329806854,-0.8357927835480605,0.11037058585202156,0.1384067739109811,0.2056056620791013,0.0043434005419840105,0.004232861556374701,-0.02691136560315499,2296,858000000,17.07,0,2,2,-11.813345708247427,7.226212248960358,4.488291276238944,-11.995681711309425,7.2369732363440065,4.702286490712509,145.67731928825378
-14.783905153536903,6.457595709116016,6.101793962904204,-11.818333262577516,5.23721518277191,4.831752598575725,-0.5507780164532412,0.0029715403668587066,0.0019780194211268757,-0.8346441361315915,0.11976847656456382,0.13479901537495514,0.20360347745353682,0.0034396883620502194,0.003239790453335445,-0.020303325800341554,2297,37000000,16.72,0,2,2,-11.813345708247427,7.226212248960358,4.488291276238944,-12.024777986334504,7.236269547308393,4.737617688675536,145.8961420059204
-14.783905153536903,6.457595709116016,6.101793962904204,-11.852806854343013,5.249648645940047,4.871955545908338,-0.5521722279611255,0.003053931084070503,0.0016121807046739814,-0.8337229186286989,0.12762849965206757,0.13143112677719876,0.20102222019362034,0.0030629787943325937,0.002194766329921549,-0.013981431220599916,2297,204000000,16.61,0,2,2,-12.050368131985449,7.234775109712439,4.769070858845867,-12.050368131985449,7.234775109712439,4.769070858845867,146.15623903274536
-14.800044716281226,6.37416591566196,6.175570504584945,-11.893987014538366,5.266288856152052,4.919685783595376,-0.5532878139082773,0.002992827940919115,0.0011440893188203296,-0.8329839908552541,0.12489323779069302,0.13075608607543288,0.19977726948667468,-0.002518467795198376,0.0008409810163811926,-0.003974227638536831,2297,412000000,16.45,0,2,2,-12.050368131985449,7.234775109712439,4.769070858845867,-12.082040112047148,7.231908937206693,4.808426986798435,146.4321813583374
-14.800044716281226,6.37416591566196,6.175570504584945,-11.924129589754719,5.2748521931723475,4.955595707211312,-0.5528035029923037,0.0031322065096153666,0.0014692441944910695,-0.833304456776343,0.09390568034120891,0.13808339648092316,0.20140190009662104,-0.004027233262604568,-0.001914507254241471,0.012974955097888596,2297,641000000,16.33,0,2,2,-12.11965072790038,7.2271474945126,4.855787104897854,-12.11965072790038,7.2271474945126,4.855787104897854,146.66102743148804
-14.81302080509144,6.288490478373291,6.246979603717467,-11.950185303797612,5.277631423178289,4.987850448519143,-0.5513806613827559,0.0032425259243073525,0.002190287393027697,-0.834244601372931,0.06598884169556399,0.14506479344740159,0.20405836700764107,-0.008946479556470877,-0.005181476262805518,0.027268953272141516,2297,830000000,16.42,0,2,2,-12.11965072790038,7.2271474945126,4.855787104897854,-12.147595694920089,7.222804425836662,4.891287735922735,146.86926913261414
-14.81302080509144,6.288490478373291,6.246979603717467,-11.975565882520188,5.27601104013474,5.020438943545881,-0.5493474759563133,0.0032314595888133365,0.0030744461934176367,-0.8355821061451454,0.04148923213664793,0.15066699627381389,0.20558583480660575,-0.00903690115592326,-0.006643313417953323,0.03220620419597253,2297,991000000,16.64,0,2,2,-12.11965072790038,7.2271474945126,4.855787104897854,-12.172246035764498,7.218410678100536,4.922854395975517,147.07283973693848
-14.822855526721316,6.200711337795645,6.315877451879425,-12.003326880463604,5.269616661091784,5.057376405353043,-0.5470860627498283,0.003109494202826618,0.004006370215729705,-0.8370610013543743,0.01779489254551779,0.15627752467490635,0.20790162346331761,-0.007286718664545333,-0.006523836191263399,0.027055678583565168,2298,150000000,16.94,0,2,2,-12.196731993109514,7.213623943112127,4.954414175972915,-12.196731993109514,7.213623943112127,4.954414175972915,147.27295422554016
-14.822855526721316,6.200711337795645,6.315877451879425,-12.036362656035315,5.2562970448913955,5.103095460169617,-0.5452912061099511,0.002956993894772751,0.004940616096900184,-0.8382269066540657,-0.005594005031236546,0.16229132431386362,0.210945206959014,-0.004371871682451456,-0.004826510303246323,0.012242875982337864,2298,324000000,17.26,0,2,2,-12.224925401038256,7.211845466700696,4.9900705467156765,-12.224925401038256,7.211845466700696,4.9900705467156765,147.5296037197113
-14.822855526721316,6.200711337795645,6.315877451879425,-12.074252435871745,5.234487917510249,5.157713414457584,-0.5450467974896988,0.0027855829087759104,0.00552247528175125,-0.8383828071596197,-0.02509035977284609,0.16604486010252156,0.21258935759334166,-0.0011497932973725256,-0.0022382053202818497,-0.0075156048751523485,2298,541000000,17.49,0,2,2,-12.26099611886625,7.217782140565825,5.034023797405769,-12.26099611886625,7.217782140565825,5.034023797405769,147.83680987358093
-14.829578784024937,6.110973494355408,6.382125297973729,-12.102805772986848,5.215548524102502,5.1997843548999745,-0.54622231552044,0.0027311462931662567,0.005672595812698501,-0.8376165856310152,-0.031388116950152735,0.16639418197531874,0.21236483298087988,-0.0007622034758014706,-0.0008571225180276087,-0.018208176152256783,2298,814000000,17.47,0,2,2,-12.305554633844467,7.234222125539335,5.0864676701686005,-12.305554633844467,7.234222125539335,5.0864676701686005,148.0606677532196
-14.833228257500085,6.0194246076210405,6.445589727654783,-12.125604294146552,5.201626244905872,5.233147440649323,-0.5480483292344683,0.0025924498030312553,0.0053876840341153575,-0.836425299048322,-0.014179244169748967,0.159896238121524,0.2089753924224083,0.0047215245558618335,0.0012712446618934337,-0.033234453439945355,2299,2000000,17.25,0,2,2,-12.305554633844467,7.234222125539335,5.0864676701686005,-12.340314015638862,7.249595790823061,5.127042065539143,148.27803230285645
-14.833228257500085,6.0194246076210405,6.445589727654783,-12.151547297675362,5.189980208668561,5.270057310032399,-0.5509475958430394,0.002549105087986273,0.004910492185519484,-0.834521501079823,0.009359172442734522,0.1517381070110853,0.20493748977744444,0.0048058452648547245,0.003144651509501273,-0.04232307801430579,2299,176000000,16.95,0,2,2,-12.305554633844467,7.234222125539335,5.0864676701686005,-12.367825029352252,7.261022078672251,5.159439700721759,148.49227452278137
-14.833228257500085,6.0194246076210405,6.445589727654783,-12.174924410874008,5.183471224238248,5.302334947974443,-0.5538934432505033,0.002613102228035982,0.004403039434407673,-0.8325718218055341,0.028279667398527452,0.14538809345258277,0.20196312591086335,0.0048831549520400586,0.004563763286569156,-0.04531532322289422,2299,348000000,16.51,0,2,2,-12.305554633844467,7.234222125539335,5.0864676701686005,-12.39791056906428,7.2707013864017105,5.195595570215684,148.6982831954956
-14.833849365352684,5.926214590870866,6.506142932007221,-12.20151456021134,5.179843721071004,5.338129643391253,-0.5571914774163218,0.0027837287605193928,0.0038460993428536786,-0.8303704690489957,0.04602802393828644,0.13963102080083287,0.1987532826301334,0.003775128539018624,0.004853358450418455,-0.042389747977722436,2299,515000000,16.08,0,2,2,-12.423716509595037,7.276027004875124,5.227456303186135,-12.423716509595037,7.276027004875124,5.227456303186135,148.9141924381256
-14.833849365352684,5.926214590870866,6.506142932007221,-12.2283282673298,5.1794373351462974,5.373344382601297,-0.5600697847012867,0.002993196096838495,0.0034137216444174406,-0.8284329927920028,0.06018643851461937,0.13496456379011867,0.19534794715905596,0.002428629454698239,0.004068724820172065,-0.03539180506777484,2299,694000000,15.61,0,2,2,-12.423716509595037,7.276027004875124,5.227456303186135,-12.451683391092395,7.278518615986491,5.263017667412871,149.13187956809998
-14.831495202095766,5.831495202095768,6.563662964936059,-12.249260877612537,5.180906146161486,5.400347542410661,-0.5619682696057101,0.0030488988907757314,0.003010367958508125,-0.8271476928920686,0.06858728939890998,0.1319541607148692,0.19316756848694341,0.004954177757099387,0.0034878674796345877,-0.030658945252071135,2299,875000000,15.2,0,2,2,-12.47867743011189,7.2778460420134135,5.298296086828449,-12.47867743011189,7.2778460420134135,5.298296086828449,149.3498251438141
-14.831495202095766,5.831495202095768,6.563662964936059,-12.276178140905753,5.184571278237591,5.4346398366724635,-0.5640330027764253,0.0030617316796263264,0.002521622494737227,-0.8257427196155742,0.07707482473595104,0.1287136781549228,0.190316599728946,0.0039313150409725495,0.0025975746211770456,-0.0248650430876296,2300,15000000,14.93,0,2,2,-12.47867743011189,7.2778460420134135,5.298296086828449,-12.49914523134052,7.275461112085624,5.325605982281928,149.55452227592468
-14.82622645575601,5.735419632571633,6.618033988749894,-12.303031535288442,5.1896871907188515,5.468467349879892,-0.5655772491534501,0.003092711536495174,0.0022494326401550475,-0.8246864558292233,0.08234367523383194,0.12631768052854053,0.1880563264692409,0.0018056462749882485,0.0013832690456183627,-0.017589925118954852,2300,188000000,14.65,0,2,2,-12.47867743011189,7.2778460420134135,5.298296086828449,-12.524901296612166,7.2704492232211315,5.360502580840619,149.7710599899292
-14.82622645575601,5.735419632571633,6.618033988749894,-12.329777872102168,5.195788605809556,5.501889384852034,-0.5666592135250275,0.0031067609250972276,0.002117605151654468,-0.8239436871001398,0.08627018527436596,0.12424347600876466,0.18567487715156333,0.0009957059205589758,0.0005804982492918498,-0.012446081473171944,2300,362000000,14.44,0,2,2,-12.550104211786778,7.2636015920276,5.395131974258931,-12.550104211786778,7.2636015920276,5.395131974258931,149.98202562332153
-14.82622645575601,5.735419632571633,6.618033988749894,-12.353427312130107,5.201766498027011,5.531275483779619,-0.5673321139640445,0.0030653375561511247,0.0020285836317082426,-0.8234808807854644,0.08783736386582287,0.12280619281434886,0.18399662325389415,0.0012510363035289629,-0.00011690388319607337,-0.008619365235063015,2300,537000000,14.29,0,2,2,-12.57479012724196,7.255158497059412,5.429527178262066,-12.57479012724196,7.255158497059412,5.429527178262066,150.18136382102966
-14.818111303820551,5.638142094139395,6.669146507442605,-12.379853354688718,5.208843948474759,5.564005585186526,-0.5678533131597778,0.00299884053219222,0.0019787180371072305,-0.8231219267908341,0.08895179470273065,0.12130275924167722,0.1819028503755209,0.0007871098432588042,-0.0004434037805367552,-0.005865941739102709,2300,701000000,14.21,0,2,2,-12.57479012724196,7.255158497059412,5.429527178262066,-12.59633318735236,7.246507348365785,5.459914017969528,150.413733959198
-14.818111303820551,5.638142094139395,6.669146507442605,-12.403165941363493,5.215348554914446,5.592754223433922,-0.5681773123201797,0.002923797805489168,0.0019475571707111006,-0.8228986573036052,0.08941948747780931,0.1200465171736154,0.17967955598453095,0.0008972117200301,-0.0006465151670909108,-0.004262725906301057,2300,891000000,14.15,0,2,2,-12.57479012724196,7.255158497059412,5.429527178262066,-12.620150602710346,7.2356591088160895,5.493925542441448,150.61066198349
-14.807225288116157,5.5398174063306085,6.716897587203732,-12.426298745929847,5.221938851399853,5.621185932722881,-0.5683970191825064,0.002851745858592787,0.0019518905178520988,-0.822747158155776,0.08892054404551286,0.11900422205595451,0.17793677840707883,0.0002624106031134943,-0.0009205001902046206,-0.002441218475723872,2301,53000000,14.12,0,2,2,-12.57479012724196,7.255158497059412,5.429527178262066,-12.640988539594964,7.2252059115988585,5.523939191720998,150.79755759239197
-14.807225288116157,5.5398174063306085,6.716897587203732,-12.452084982031383,5.2292857960202594,5.652843142857925,-0.5685382776906572,0.0027729844986372413,0.0019954939600590866,-0.8226497160768772,0.0879592512960707,0.11791893312491877,0.17581873795226782,7.032451279087581e-05,-0.0010442063967275317,-0.0016116328538373637,2301,214000000,14.1,0,2,2,-12.661533535560487,7.214083928455366,5.553738289267759,-12.661533535560487,7.214083928455366,5.553738289267759,151.03482151031494
-14.807225288116157,5.5398174063306085,6.716897587203732,-12.48040724582964,5.237253250225662,5.687619497355,-0.568677981741044,0.0026027711753667626,0.001920405859264438,-0.8225538831629676,0.08581151967047493,0.11679720212691809,0.1739951204866809,0.0017653413692642062,-0.0009242662486030895,-0.0017305254004895687,2301,394000000,14.09,0,2,2,-12.661533535560487,7.214083928455366,5.553738289267759,-12.684311276875595,7.2008375520521835,5.58702517190569,151.28412127494812
-14.793651168871804,5.440600584473202,6.761191063713476,-12.50781813896492,5.240536037500494,5.722411561215047,-0.5680355095370151,0.002619630099838707,0.002255393849761562,-0.8229967865318466,0.04411677137126496,0.12512709621629742,0.17564804898098912,-0.0034134579664168996,-0.0025819270604188205,0.013722486801270861,2301,598000000,14.0,0,2,2,-12.711827095344198,7.184282039666986,5.627375214785297,-12.711827095344198,7.184282039666986,5.627375214785297,151.49479985237122
-14.793651168871804,5.440600584473202,6.761191063713476,-12.52878976553116,5.237205396699353,5.750497461235309,-0.5669388895331343,0.002572720783152305,0.0026565513546820928,-0.823751551972807,0.012396029593976132,0.1316788534116707,0.17720445379433541,-0.003866387669404503,-0.003877846938848961,0.01843587469920749,2301,777000000,14.18,0,2,2,-12.734526206314273,7.172355020710615,5.660267081834512,-12.734526206314273,7.172355020710615,5.660267081834512,151.69433069229126
-14.77747875827409,5.34064642990583,6.801937735804838,-12.54894463701668,5.228992813595558,5.778780240948503,-0.5656763886450391,0.0024653218702448084,0.0031442719544224735,-0.8246176441669553,-0.015877772969338354,0.1371121801432758,0.17825258757428222,-0.00435179799751495,-0.00498464582960878,0.01943491388374241,2301,939000000,14.33,0,2,2,-12.734526206314273,7.172355020710615,5.660267081834512,-12.755175283291406,7.16434421666857,5.689473519444757,151.9115149974823
-14.77747875827409,5.34064642990583,6.801937735804838,-12.580036514549631,5.206865335393283,5.824916291346685,-0.564354043795087,0.002244019477764901,0.0038621731383489516,-0.8255207818385709,-0.05319497570257192,0.1438926863135001,0.1790709133737443,-0.003347844108247955,-0.0037354973073888686,0.004070529075761442,2302,116000000,14.39,0,2,2,-12.734526206314273,7.172355020710615,5.660267081834512,-12.77921240197014,7.159572064375572,5.72249007832795,152.21729254722595
-14.758804733882657,5.240109123419744,6.839055545102901,-12.611729795618269,5.173969213439627,5.8747848518956705,-0.5649163852081603,0.002074668623366173,0.004365719828419642,-0.8251339975808948,-0.07361423072596907,0.14653418789911216,0.17904101168253136,0.0007132983341762156,-0.00193852042684739,-0.01570576841913862,2302,368000000,14.59,0,2,2,-12.734526206314273,7.172355020710615,5.660267081834512,-12.812723992534652,7.160725755443516,5.7667591209089615,152.5564785003662
-14.758804733882657,5.240109123419744,6.839055545102901,-12.640597236837342,5.143350683705689,5.920541268688006,-0.5675178228787099,0.001890887286942561,0.004231243217825387,-0.8233480684626089,-0.06256355796147187,0.14115307434395855,0.17556427193686847,0.0049745287014957285,0.00048766161739877134,-0.03263925318606198,2302,653000000,14.42,0,2,2,-12.734526206314273,7.172355020710615,5.660267081834512,-12.852866666556716,7.170616947114324,5.817833433171219,152.85971760749817
-14.737732432329594,5.139141823034612,6.872469741279474,-12.658425846259817,5.127324598377619,5.9481429875339344,-0.5700123950690027,0.0017553180785642092,0.0038209561370475585,-0.8216253334825677,-0.046982669602095704,0.13558767844108904,0.17230906816947314,0.005186876296647824,0.002016997427745082,-0.041257885459344834,2302,904000000,13.96,0,2,2,-12.890650916139808,7.185332930906536,5.864602571820239,-12.890650916139808,7.185332930906536,5.864602571820239,153.06234049797058
-14.71437162378238,5.037896267199173,6.902113032590307,-12.676386728922232,5.114066588915405,5.975218533171851,-0.5729228793896533,0.0017211415025577645,0.003360885183106719,-0.8196005834518316,-0.03100087529161557,0.1301625619796379,0.16845835916912852,0.004892466404271545,0.003391294944776746,-0.046743509301450104,2303,69000000,13.55,0,2,2,-12.890650916139808,7.185332930906536,5.864602571820239,-12.91350245091122,7.1936692177641115,5.892924515517226,153.26309823989868
-14.71437162378238,5.037896267199173,6.902113032590307,-12.696726265015508,5.102375287145018,6.004961891513985,-0.5764352302253551,0.0017172346680918234,0.0027117133136414675,-0.8171365388177431,-0.01564498012176272,0.12466107101708483,0.1641145075495631,0.0062717248511034995,0.004331061700213468,-0.04795798122358974,2303,237000000,13.01,0,2,2,-12.890650916139808,7.185332930906536,5.864602571820239,-12.938415598868067,7.200150627905664,5.92424395646105,153.46874809265137
-14.71437162378238,5.037896267199173,6.902113032590307,-12.714836809839866,5.094289410987801,6.030806638227457,-0.5793721722901247,0.0018572425784760516,0.002342913866695826,-0.8150576343918506,-0.005658022049543921,0.12085019585319683,0.16074998285614064,0.0015437423826369923,0.003512182570375444,-0.04201939773338381,2303,409000000,12.55,0,2,2,-12.890650916139808,7.185332930906536,5.864602571820239,-12.959609932948107,7.202080527072364,5.951540355722232,153.67512559890747
-14.68883826770475,4.936522384489025,6.9279257213917065,-12.735202270211987,5.0871485202127955,6.059274804538342,-0.582166705244644,0.0020272392419829546,0.0021090594662754,-0.8130641853346015,0.0032218519228350514,0.11740458621606153,0.1571882481217009,0.0008604441575243982,0.00245015760356182,-0.034865865382016636,2303,569000000,12.09,0,2,2,-12.890650916139808,7.185332930906536,5.864602571820239,-12.979845030544034,7.200375434163728,5.978335173825251,153.881840467453
-14.68883826770475,4.936522384489025,6.9279257213917065,-12.755545068921121,5.081651851609082,6.087097994157937,-0.584453923608447,0.002138495722929116,0.0019652780344708892,-0.8114217002872068,0.010175141432014098,0.11476893755590309,0.1535419545566474,0.0005912945823638438,0.001414147618561401,-0.028684508106380235,2303,743000000,11.67,0,2,2,-12.890650916139808,7.185332930906536,5.864602571820239,-13.001490006589659,7.19450081373514,6.0079317647614205,154.08837127685547
-14.661254250502761,4.8351679108523635,6.949855824363647,-12.773557400521888,5.077815655865386,6.111300512508217,-0.5861938525852226,0.0021097901905737073,0.0017548313208113654,-0.8101661783508871,0.014354219985307984,0.11254936573585361,0.15051573961292627,0.002677477050383459,0.00102107934480955,-0.025525710407237057,2303,921000000,11.32,0,2,2,-12.890650916139808,7.185332930906536,5.864602571820239,-13.022057271723021,7.185059547722214,6.036948501836523,154.29380130767822
-14.661254250502761,4.8351679108523635,6.949855824363647,-12.791434043725626,5.074719558475278,6.1350318695041555,-0.5877484954758295,0.0020425516268600887,0.0015419691418408895,-0.8090396506846348,0.01756557453080842,0.110506376755517,0.1475027049905248,0.0025879846361931413,0.0006495068987533159,-0.022717463252774905,2304,85000000,11.06,0,2,2,-13.039500930489087,7.174090212057604,6.062297949331943,-13.039500930489087,7.174090212057604,6.062297949331943,154.48665571212769
-14.661254250502761,4.8351679108523635,6.949855824363647,-12.80913357848803,5.07216923898448,6.158297069087282,-0.589153370621708,0.001918368531784715,0.0012823547469016832,-0.8080179337821405,0.019300847105930552,0.10862078876806516,0.14458965728177758,0.0038700567529303953,0.0005971604764454241,-0.020973552091163583,2304,239000000,10.84,0,2,2,-13.05624233811925,7.161073029994392,6.08721974410365,-13.05624233811925,7.161073029994392,6.08721974410365,154.67821645736694
-14.631747105695233,4.733978015430124,6.967859177197259,-12.826616132211438,5.069968450897635,6.181111484053788,-0.5904608548488989,0.0017830358776620338,0.0010245196160037656,-0.8070636592200907,0.02038753944873458,0.1069051414996822,0.14172147123840456,0.003404188601052738,0.0003911395822342456,-0.019647597582661547,2304,399000000,10.64,0,2,2,-13.05624233811925,7.161073029994392,6.08721974410365,-13.072357235099817,7.1463695000843845,6.1116944584909145,154.8722550868988
-14.631747105695233,4.733978015430124,6.967859177197259,-12.84174099744903,5.068277282671553,6.200700011102437,-0.5915382783469192,0.001660229649120349,0.0008170714917578779,-0.8062747926619387,0.021151964899785963,0.10552888484068002,0.13910154384211987,0.0033643698998275795,0.00023285911936454795,-0.01859763669926906,2304,565000000,10.46,0,2,2,-13.05624233811925,7.161073029994392,6.08721974410365,-13.087879378778403,7.130169662790484,6.135745053941811,155.06259107589722
-14.600449717297618,4.633094935949802,6.981899523535869,-12.858839552048925,5.066512216418446,6.222658670539308,-0.5926507833794347,0.0016123283349426937,0.0007521803790137211,-0.8054575616267813,0.020850650070164838,0.10433061410016338,0.13634500820739015,-0.0007471860897112492,-0.00037993577848283167,-0.015559891653538216,2304,714000000,10.31,0,2,2,-13.05624233811925,7.161073029994392,6.08721974410365,-13.101082969714314,7.115140537730176,6.1564866787424615,155.25331020355225
-14.600449717297618,4.633094935949802,6.981899523535869,-12.875740623181656,5.064721199676846,6.2441821580548575,-0.5935619889073316,0.0016067044463110897,0.0008278870111410831,-0.8047862439357991,0.019975758384437235,0.10328984707680659,0.13356279295165113,-0.0006563330657627375,-0.000815641186591165,-0.013092454082652694,2304,873000000,10.15,0,2,2,-13.05624233811925,7.161073029994392,6.08721974410365,-13.115963973164494,7.097758102683648,6.179958991703602,155.44788122177124
-14.600449717297618,4.633094935949802,6.981899523535869,-12.892421941667275,5.062830614108728,6.265263673480947,-0.594371171537612,0.0015504345278648836,0.0008609432785142371,-0.8041888866270489,0.018340625052596923,0.10212280567749539,0.1308813439129499,0.0004963074104580301,-0.0007937633199617267,-0.012322676320764003,2305,23000000,10.02,0,2,2,-13.05624233811925,7.161073029994392,6.08721974410365,-13.131124310673343,7.081900288370046,6.203529959213972,155.64095401763916
-14.567500007156669,4.532657624662312,6.991948587990478,-12.908845087703668,5.060753438378186,6.285923565866499,-0.5951554721807154,0.0014713824798763236,0.0008499619574555267,-0.8036087832593782,0.01665833453553551,0.10105694211970377,0.12823384443277103,0.0007861069832415524,-0.000678553675470539,-0.012114389210182708,2305,187000000,9.88,0,2,2,-13.05624233811925,7.161073029994392,6.08721974410365,-13.146994103802712,7.069011605173165,6.227498244631627,155.82946872711182
-14.567500007156669,4.532657624662312,6.991948587990478,-12.923022598554107,5.058797168285394,6.303650439754853,-0.5958350406464052,0.0013981695145335446,0.0008221398030186371,-0.8031052070221243,0.015261809093400063,0.10013616657955031,0.12580184165154948,0.001024409743877186,-0.0005713987775379792,-0.012064990369253792,2305,347000000,9.73,0,2,2,-13.163740899422578,7.059615845109922,6.252020979634151,-13.163740899422578,7.059615845109922,6.252020979634151,156.02347588539124
-14.533040607019544,4.4328014057587515,6.997986133082629,-12.938994031192228,5.056385454359445,6.323497019754563,-0.596628877892963,0.0012725293579620763,0.0007115468888870095,-0.8025159540060506,0.013236524492409312,0.09903396424222578,0.12306034385755679,0.0028138053266957286,-0.0003104630934558372,-0.01281955710510374,2305,496000000,9.5,0,2,2,-13.163740899422578,7.059615845109922,6.252020979634151,-13.181351130438042,7.053562116641415,6.27715432810541,156.21503400802612
-14.533040607019544,4.4328014057587515,6.997986133082629,-12.956631452079016,5.05338280932058,6.345318407335259,-0.5975946286268832,0.0011164294247765169,0.0005242567404767596,-0.8017974423609164,0.01093274301960877,0.09775088846726529,0.1200912938550455,0.0025838716737780487,-5.402732448089864e-05,-0.01383102462568786,2305,653000000,9.38,0,2,2,-13.163740899422578,7.059615845109922,6.252020979634151,-13.197395706886066,7.050611451787094,6.299601948547613,156.4049744606018
-14.533040607019544,4.4328014057587515,6.997986133082629,-12.970111097516591,5.050796459067287,6.361928721049835,-0.5983291255685169,0.0010935630516624797,0.0005176962483056644,-0.8012495201913449,0.008306731017572382,0.09694103364820214,0.1178075111387683,-0.0005463271520511626,-0.0003996476692691431,-0.012299592071940424,2305,819000000,9.14,0,2,2,-13.163740899422578,7.059615845109922,6.252020979634151,-13.21854978200218,7.048862373659116,6.328903050946101,156.59200501441956
-14.497218516165216,4.333657645168838,7.0,-12.985262416510151,5.047468978167094,6.380521007932466,-0.5990793853880191,0.0010902184436574725,0.0005843861892742888,-0.8006886785259549,0.005381404504778513,0.09600908035358599,0.11516960748803318,-0.0006724136540015024,-0.0006423427635127155,-0.011333401471347315,2305,973000000,8.95,0,2,2,-13.163740899422578,7.059615845109922,6.252020979634151,-13.234644612642388,7.0466531365637115,6.351411570360276,156.77890753746033
-14.497218516165216,4.333657645168838,7.0,-12.998305627787941,5.044266929358683,6.396435784426996,-0.599706857265218,0.0010771190936162047,0.000641858967364245,-0.8002187908194855,0.003159117688469752,0.09520398907210695,0.11277247675952846,-0.00044688456455332926,-0.0006337948150303419,-0.011157574863318587,2306,126000000,8.77,0,2,2,-13.252100652985174,7.041481488141852,6.376355408351657,-13.252100652985174,7.041481488141852,6.376355408351657,156.9684431552887
-14.497218516165216,4.333657645168838,7.0,-13.011153060263108,5.040814130486876,6.41201297915948,-0.6003474002225755,0.001027541316832642,0.000636532827876431,-0.799738418503698,0.0006795427323783,0.09429938028038576,0.11035188888811417,0.001336217496827885,-0.0003865667252966887,-0.011928243566217134,2306,271000000,8.63,0,2,2,-13.252100652985174,7.041481488141852,6.376355408351657,-13.266364899141923,7.034147402459389,6.397344456923074,157.15404081344604
-14.460184745468144,4.235353433605286,6.997986133082629,-13.027339653228404,5.035946360889387,6.431545412049929,-0.6012567593405997,0.0009318373663651292,0.0005435103356477165,-0.7990551580603666,-0.0025626968039854903,0.09311297470128646,0.10723901543259377,0.0015183018831521622,-0.00014434850328370885,-0.013275692981551401,2306,416000000,8.5,0,2,2,-13.252100652985174,7.041481488141852,6.376355408351657,-13.279717774890349,7.024343319954176,6.417521342154157,157.34322881698608
-14.460184745468144,4.235353433605286,6.997986133082629,-13.041438769113357,5.031264536685829,6.4484449672559,-0.6021357586537682,0.0008576815642372507,0.0004496863673402891,-0.7983931301777066,-0.0050152309179392705,0.09211209304655081,0.10454046299954686,0.0014619615285482723,2.302310058155399e-05,-0.014105088303040247,2306,579000000,8.34,0,2,2,-13.252100652985174,7.041481488141852,6.376355408351657,-13.295871609590206,7.009122920480828,6.4423548628183305,157.53403306007385
-14.422093948803884,4.138011283678539,6.991948587990478,-13.055274193003692,5.026238109850342,6.464915044943901,-0.6030234793348368,0.0008470489121796859,0.0004444098648965834,-0.7977228643952234,-0.008137273669149108,0.09113478649287822,0.10181209429397098,-0.0003072900057077277,-0.0001966939535691381,-0.013632439004140906,2306,738000000,8.19,0,2,2,-13.252100652985174,7.041481488141852,6.376355408351657,-13.309886124346791,6.995452707176297,6.463564321026266,157.7208695411682
-14.422093948803884,4.138011283678539,6.991948587990478,-13.065474182953885,5.022199803789067,6.476978335530397,-0.6036695516726062,0.0008429414095049376,0.00046437652910640047,-0.7972340598516937,-0.010340217635238347,0.09047731809618352,0.09970208793366278,-0.00016245644474111032,-0.0003169338384623188,-0.013420524101093179,2306,899000000,8.03,0,2,2,-13.252100652985174,7.041481488141852,6.376355408351657,-13.324266167665792,6.984688626855305,6.484198420223054,157.90676426887512
-14.422093948803884,4.138011283678539,6.991948587990478,-13.078851959936761,5.016475985510675,6.492665496291133,-0.6045334806379143,0.0008055320909795887,0.00045573453659614703,-0.7965791951914705,-0.01350164767123219,0.08950726701131143,0.09680270922800117,0.0008951412212354626,-0.00026520920073380694,-0.013879472498956602,2307,36000000,7.91,0,2,2,-13.252100652985174,7.041481488141852,6.376355408351657,-13.335294867271934,6.97857856946685,6.499344558154804,158.09220623970032
-14.383104042743637,4.041748841864257,6.981899523535869,-13.091937906712682,5.010318187498664,6.5078833953229624,-0.6054408556434574,0.0007495257490440861,0.0004045584621109955,-0.7958898446778424,-0.016699720677641753,0.08847245332279648,0.09388757149821877,0.00094287489105227,-0.00010582585758811547,-0.014538486993842525,2307,187000000,7.75,0,2,2,-13.252100652985174,7.041481488141852,6.376355408351657,-13.35031529269854,6.972812222911205,6.519152583200639,158.2861590385437
-14.383104042743637,4.041748841864257,6.981899523535869,-13.106338017015089,5.002935218633666,6.524461857544208,-0.6065047596720804,0.0006790908345409211,0.00032092825642813106,-0.7950795006386496,-0.019755702055356858,0.08737828560155368,0.09075265651934905,0.0013003921367271687,-5.619763321362825e-05,-0.015114085726963822,2307,350000000,7.58,0,2,2,-13.252100652985174,7.041481488141852,6.376355408351657,-13.365540861531747,6.969352196206456,6.538413068204412,158.48607897758484
-14.383104042743637,4.041748841864257,6.981899523535869,-13.120385169820008,4.995089271059001,6.5404620278355985,-0.6076373310156203,0.0005682699749655167,0.00016200790471359282,-0.7942144073100711,-0.023244183040294835,0.08599679425660375,0.08739660321611716,0.002278730767102388,0.00018680484004107711,-0.016412716468039434,2307,517000000,7.39,0,2,2,-13.382700084709239,6.967687503757612,6.559254816439635,-13.382700084709239,6.967687503757612,6.559254816439635,158.72599124908447
-14.343375815519579,3.9466786160617637,6.967859177197259,-13.135552383923736,4.985815554239721,6.557552614878084,-0.6089811443739697,0.00046070700310203,-2.9540758001015e-05,-0.7931845640665047,-0.026775058183054652,0.08455690599996876,0.08384711492195258,0.002084148786707374,0.0003695016573601606,-0.017269122145080473,2307,713000000,7.19,0,2,2,-13.382700084709239,6.967687503757612,6.559254816439635,-13.399838140352836,6.967900835097146,6.579235431971318,158.9559109210968
-14.343375815519579,3.9466786160617637,6.967859177197259,-13.1501701560406,4.975183137764957,6.573943447562358,-0.6103460914434339,0.0004028482089725389,-0.00026100021919142434,-0.7921347222865119,-0.03761292742366747,0.08397896156066731,0.08027558869648224,0.0006836983857283485,0.0011186703090970695,-0.01704400056041777,2307,900000000,6.96,0,2,2,-13.382700084709239,6.967687503757612,6.559254816439635,-13.418824579982674,6.969919260173399,6.600457409188986,159.2034924030304
-14.303072526274946,3.852907719435575,6.949855824363647,-13.164261001180947,4.96304937549614,6.589618562743406,-0.6116082375493459,0.0005064427331394889,-0.0002073213853741653,-0.7911605806000346,-0.04371376945462583,0.08311095767179777,0.07668364376218274,-0.0010810671710714814,8.315783333046056e-05,-0.015284783512470312,2308,113000000,6.72,0,2,2,-13.382700084709239,6.967687503757612,6.559254816439635,-13.43773083264309,6.97327155097488,6.620731435960698,159.44241619110107
-14.303072526274946,3.852907719435575,6.949855824363647,-13.176626052070361,4.951541326020582,6.603121643403273,-0.612683827629864,0.0005413418054446727,-0.0001148622040700026,-0.7903279199905205,-0.045625895238696354,0.08196775900712516,0.07355826421956904,-0.0009173095463665959,-0.0005674974204339378,-0.015013239499239717,2308,310000000,6.51,0,2,2,-13.455799853758458,6.974322923246127,6.639848032096202,-13.455799853758458,6.974322923246127,6.639848032096202,159.64958906173706
-14.262359495642343,3.760537631184168,6.927925721391707,-13.187392968273436,4.94109666945916,6.61463398854657,-0.6136672916079248,0.0005230642282855484,-6.612848046677733e-05,-0.7895645491290951,-0.04749577246879132,0.08078907662615156,0.07052359513193193,-0.00013111993126813104,-0.0005170143879240641,-0.016052850696723908,2308,486000000,6.33,0,2,2,-13.455799853758458,6.974322923246127,6.639848032096202,-13.470619268946123,6.969612371357583,6.655904019093334,159.85663747787476
-14.262359495642343,3.760537631184168,6.927925721391707,-13.19793411622292,4.930455474556059,6.625667016875169,-0.6147209725606506,0.0004869499022069398,-5.914761223475579e-05,-0.7887444993630324,-0.04905389222790785,0.0796010676661012,0.06759429004526799,0.00037494863818210433,-0.0003120261453659623,-0.01726132377370959,2308,656000000,6.18,0,2,2,-13.48256683476132,6.960682068269897,6.669248439270491,-13.48256683476132,6.960682068269897,6.669248439270491,160.05019092559814
-14.221403688720377,3.669663974830505,6.902113032590307,-13.208256254460936,4.919619393840742,6.636222797235719,-0.6158113774610307,0.00048542701558566505,-2.1799413714761152e-05,-0.7878934644194898,-0.05114477359065652,0.0784693343397618,0.06447823968134145,-0.0007525293142407463,-0.0003441557112182636,-0.01708844047243474,2308,812000000,6.03,0,2,2,-13.48256683476132,6.960682068269897,6.669248439270491,-13.49345023088196,6.94780834332441,6.681760380864103,160.23811531066895
-14.221403688720377,3.669663974830505,6.902113032590307,-13.218349536265206,4.908513626907453,6.646273866657013,-0.6168786649559046,0.0005052588473563069,4.925049214373094e-05,-0.7870581014195248,-0.053220126362393746,0.07733554146305506,0.0613936126549892,-0.0008607655786363466,-0.0003577998683113037,-0.016849909115990158,2308,973000000,5.87,0,2,2,-13.48256683476132,6.960682068269897,6.669248439270491,-13.503341052561538,6.93144001711661,6.693459608524459,160.43354439735413
-14.221403688720377,3.669663974830505,6.902113032590307,-13.228212043875361,4.897132568797971,6.655816270395541,-0.6179268640578626,0.0005194126808900151,0.00011077944771776922,-0.7862354027986762,-0.05573474352449551,0.07619218419292946,0.05805376492259974,-0.0005976092268156208,-0.00032455947689413733,-0.016447665620944463,2309,131000000,5.73,0,2,2,-13.48256683476132,6.960682068269897,6.669248439270491,-13.51262087703103,6.913293168975505,6.704479965076366,160.63107013702393
-14.180373291542491,3.58037631457762,6.872469741279475,-13.236640520146407,4.886902595927294,6.663724189150379,-0.6188250644323796,0.0005181035849165705,0.00014506557821990622,-0.7855286437520368,-0.05786409077217427,0.07517751112855493,0.05520262252101578,-0.00022363815475046067,-0.00033172780433687876,-0.016250811131612863,2309,293000000,5.58,0,2,2,-13.48256683476132,6.960682068269897,6.669248439270491,-13.521761341295038,6.895464902958192,6.714984656300373,160.81414103507996
-14.180373291542491,3.58037631457762,6.872469741279475,-13.246057146010509,4.874946103969124,6.67228610978146,-0.6198392900802041,0.0005104621379965435,0.00017369479641732047,-0.7847285924008325,-0.05994239412898779,0.07407441924723882,0.052069351264890706,-0.00023427195543490598,-0.00025817867879140977,-0.01602764878043672,2309,437000000,5.43,0,2,2,-13.48256683476132,6.960682068269897,6.669248439270491,-13.531174133576483,6.879828118915424,6.72513216521715,161.00527453422546
-14.180373291542491,3.58037631457762,6.872469741279475,-13.254110818924213,4.864263218254804,6.679359154643584,-0.6207276703568134,0.0004900002443436613,0.0001670234501935251,-0.7840260781736348,-0.062093228744366735,0.07299430924669667,0.04918228943295529,0.0006129004702870589,-8.865548437597681e-05,-0.016462440544273704,2309,581000000,5.32,0,2,2,-13.48256683476132,6.960682068269897,6.669248439270491,-13.539716923926692,6.868317977844706,6.73376018484655,161.18766403198242
-14.139437282152723,3.49275797021996,6.839055545102902,-13.264170822716002,4.850170808013786,6.687857126721181,-0.6219081845960899,0.00044089584379741287,0.00010460655042615502,-0.7830900360754951,-0.0646926506630989,0.07153447118926064,0.04552039294495916,0.001018169893995946,5.528025219803112e-05,-0.016921194037422538,2309,735000000,5.19,0,2,2,-13.548497593522319,6.858607190720442,6.742131835673422,-13.548497593522319,6.858607190720442,6.742131835673422,161.38468837738037
-14.139437282152723,3.49275797021996,6.839055545102902,-13.272857519085271,4.837375800093029,6.694873174655382,-0.6229798766923942,0.0004005345275027243,3.3197721208942665e-05,-0.7822377590645524,-0.06657304492339944,0.07030756113774587,0.042422534217296595,0.000996508174466726,0.00023870116052648882,-0.017271294382226188,2309,910000000,5.02,0,2,2,-13.559993231623935,6.848286952638519,6.752409909444865,-13.559993231623935,6.848286952638519,6.752409909444865,161.58328104019165
-14.098764997420908,3.4068858510473015,6.801937735804839,-13.282348358656112,4.822688606357922,6.7021587448708235,-0.6242153036100874,0.00033793244985601907,-8.829761660963682e-05,-0.7812522849529188,-0.06909605465314743,0.06879886744341573,0.03865381440084721,0.0016603878179921594,0.0003301091055618599,-0.017827795454650186,2310,75000000,4.87,0,2,2,-13.570248674923024,6.840841554662762,6.760960862335304,-13.570248674923024,6.840841554662762,6.760960862335304,161.7863163948059
-14.098764997420908,3.4068858510473015,6.801937735804839,-13.289504590860124,4.811022795519095,6.7073572696843975,-0.6251974471085687,0.0002894626705179888,-0.00019414850356909338,-0.7804665467825312,-0.07093703145378419,0.06759404529194914,0.03577095840085617,0.0015615294159943005,0.00046638530761811126,-0.018062291928799823,2310,241000000,4.7,0,2,2,-13.570248674923024,6.840841554662762,6.760960862335304,-13.58185956220357,6.83429284169476,6.769965751022785,161.98667526245117
-14.098764997420908,3.4068858510473015,6.801937735804839,-13.297454298008955,4.797427684170306,6.712799257799437,-0.6262969105970497,0.00029057506630359554,-0.0002404751059311533,-0.7795845287808405,-0.07345130513686371,0.06637132461774484,0.03227657540485078,-0.0002831012324122639,0.00021181376013146291,-0.01694387465249747,2310,392000000,4.57,0,2,2,-13.590933054646147,6.830312515136853,6.77651376865877,-13.590933054646147,6.830312515136853,6.77651376865877,162.18045926094055
-14.058525696744557,3.3228303091230633,6.761191063713478,-13.305168046151513,4.783491005321279,6.717680181963401,-0.6273142501641451,0.0003117557737152687,-0.0002247953130363254,-0.7787661290890873,-0.07589320385549671,0.06519723056458548,0.02887990839912506,-0.0003128684141984195,-6.924921680528939e-06,-0.01582987479196163,2310,541000000,4.42,0,2,2,-13.590933054646147,6.830312515136853,6.77651376865877,-13.60134144697252,6.826747244080467,6.783528718480934,162.3784613609314
-14.058525696744557,3.3228303091230633,6.761191063713478,-13.311736204799292,4.771055857357249,6.7215142382515545,-0.6281652075031373,0.00031571465435107027,-0.00021786558828246482,-0.7780798962454837,-0.0777009694414589,0.0642175568560054,0.025993109091196964,-3.911590046312696e-06,-7.67961427783348e-06,-0.015509108743572142,2310,698000000,4.27,0,2,2,-13.590933054646147,6.830312515136853,6.77651376865877,-13.611754969335514,6.823973310460853,6.79002194472976,162.56851434707642
-14.01888812379634,3.2406550122629065,6.716897587203733,-13.319042788191284,4.75658568336631,6.725392084847349,-0.629121282071982,0.0003177339018419892,-0.0002146678784347826,-0.7773070599235381,-0.08000758763019436,0.06303993834290049,0.02251451688182753,-6.63641657183689e-05,-1.1707060032506433e-05,-0.015229119071591413,2310,853000000,4.16,0,2,2,-13.590933054646147,6.830312515136853,6.77651376865877,-13.620858439098894,6.822066410803729,6.795274080861062,162.75371265411377
-14.01888812379634,3.2406550122629065,6.716897587203733,-13.326121810575156,4.741804501428971,6.728714886383237,-0.6300577939159664,0.0003135488685119546,-0.0002232096815063499,-0.7765481493058177,-0.08226284204306247,0.06189497027978739,0.01915686454448388,0.00022033242714769585,7.374947870175674e-05,-0.014919485874997918,2311,10000000,4.02,0,2,2,-13.590933054646147,6.830312515136853,6.77651376865877,-13.631244539288682,6.820305989835293,6.800761638306039,162.9429099559784
-14.01888812379634,3.2406550122629065,6.716897587203733,-13.332137318203692,4.7286191122415655,6.731169313590105,-0.6308707097271838,0.0003058276847824432,-0.00024057464307815124,-0.7758878760501337,-0.0844224802593185,0.060893252283309454,0.01590658779093501,0.00028859416545401473,4.970846241292293e-05,-0.01507030583525193,2311,158000000,3.9,0,2,2,-13.590933054646147,6.830312515136853,6.77651376865877,-13.641599732781682,6.818889654350154,6.8057183625827,163.12662768363953
-13.980020067484556,3.160416836982813,6.669146507442608,-13.338792875075928,4.713241832810231,6.733411655735379,-0.6318118235515752,0.00028830681089343443,-0.00027170428941969817,-0.7751217082990224,-0.08674735065719298,0.05959181286977996,0.012261180790766215,0.0005282042025100964,0.00011984036873968762,-0.015234270813380135,2311,311000000,3.79,0,2,2,-13.590933054646147,6.830312515136853,6.77651376865877,-13.650636412764271,6.817865827383235,6.809658454090044,163.3185329437256
-13.980020067484556,3.160416836982813,6.669146507442608,-13.345224818449886,4.697589823489216,6.735101063211938,-0.6327586048994591,0.000270909975260376,-0.0003139240028630062,-0.7743490014103434,-0.08864189398510272,0.05851999163355187,0.008969415981527666,0.0005469191819429398,0.00020342400688377893,-0.01530347090010764,2311,473000000,3.67,0,2,2,-13.590933054646147,6.830312515136853,6.77651376865877,-13.660176534472999,6.813675569707868,6.813440953684405,163.50741815567017
-13.942087923299237,3.082165781628348,6.618033988749896,-13.35146279436799,4.681682932923255,6.736247116498668,-0.6337117508492989,0.00025303111383646133,-0.00036913751591388026,-0.7735691414141761,-0.09078755082083603,0.05730142499078509,0.005285375698469181,0.0007385965147932438,0.00032870651409666607,-0.015496977903239895,2311,633000000,3.56,0,2,2,-13.590933054646147,6.830312515136853,6.77651376865877,-13.668401042782177,6.804343110712534,6.816295693314638,163.69387650489807
-13.942087923299237,3.082165781628348,6.618033988749896,-13.357475842179898,4.665495575598195,6.73680217317414,-0.6346791723334558,0.00023893716154372972,-0.000434193613491928,-0.7727755835888309,-0.0927651753226593,0.05607636619813581,0.0017406036991045163,0.0007262157225795818,0.0004219563180640762,-0.01577687871758826,2311,788000000,3.45,0,2,2,-13.590933054646147,6.830312515136853,6.77651376865877,-13.675398595009938,6.790290388330735,6.818220490719448,163.87924909591675
-13.942087923299237,3.082165781628348,6.618033988749896,-13.362556963616273,4.651116552841899,6.736814982411052,-0.6355366815749156,0.00022851296727191705,-0.0004915234001604395,-0.7720704841912526,-0.09468340028945964,0.05488884806793794,-0.0016422902828311988,0.0007168368654220103,0.00037950800333419465,-0.015914280447759666,2311,943000000,3.35,0,2,2,-13.590933054646147,6.830312515136853,6.77651376865877,-13.681298144485682,6.7721245330408655,6.819255648839453,164.07027006149292
-13.905256256218784,3.0059448998392075,6.5636629649360625,-13.368143052191675,4.634412335031775,6.736247693651435,-0.6365216788990015,0.0002106681594918278,-0.0005622257269421603,-0.7712585764921872,-0.096759965447323,0.053625419733272714,-0.005415264450132203,0.000879021195032692,0.0004291693443292388,-0.015982101285771932,2312,94000000,3.27,0,2,2,-13.590933054646147,6.830312515136853,6.77651376865877,-13.685666602813168,6.753354856183746,6.819485199091071,164.25643467903137
-13.905256256218784,3.0059448998392075,6.5636629649360625,-13.373523912136356,4.617463287496186,6.735113428014493,-0.6375081923519399,0.0001907385506830878,-0.0006471530565645535,-0.7704432811673345,-0.09844191860466404,0.05240879108107914,-0.008757653716118342,0.0010049151001112477,0.0005476612216170906,-0.016004957615223248,2312,250000000,3.18,0,2,2,-13.590933054646147,6.830312515136853,6.77651376865877,-13.689848017000735,6.729079966577475,6.818987326739413,164.45279908180237
-13.905256256218784,3.0059448998392075,6.5636629649360625,-13.378699749815764,4.6002889476062725,6.73343050369838,-0.6384989052116445,0.00018126766880829275,-0.0007286576777279535,-0.7696223646981368,-0.10041067823940927,0.05111291286938977,-0.012480697553763414,0.0007664677866614511,0.0005690601312835497,-0.016172987125173677,2312,413000000,3.1,0,2,2,-13.590933054646147,6.830312515136853,6.77651376865877,-13.69327961372287,6.70233589137286,6.817679008400535,164.64633679389954
-13.869687366350743,2.9317902544446652,6.506142932007222,-13.383661313896292,4.5828565383540445,6.731153852060467,-0.6394932902148796,0.00017789445072872664,-0.0008045808344548418,-0.7687962361857614,-0.10221992692524347,0.04987368163031443,-0.016040607324456196,0.0007289511756880529,0.0005946280623447819,-0.01610551971680252,2312,570000000,3.02,0,2,2,-13.590933054646147,6.830312515136853,6.77651376865877,-13.69617352552431,6.673958162292761,6.815643474787256,164.8336319923401
-13.869687366350743,2.9317902544446652,6.506142932007222,-13.387843978318253,4.567432191275817,6.728724349443892,-0.6403575716586187,0.0001717461837150755,-0.0008751369745399198,-0.7680764187618319,-0.10348260006293922,0.04880142147232023,-0.018792120875473724,0.0008658117735649284,0.0005696422135770263,-0.016040101218095515,2312,718000000,2.94,0,2,2,-13.590933054646147,6.830312515136853,6.77651376865877,-13.698883521635759,6.6457301690352075,6.812924291633261,165.02224469184875
-13.835540858476268,2.8597308918276463,6.445589727654781,-13.392445437746574,4.549626629630873,6.725462601089173,-0.6413494803909159,0.00016678689827606143,-0.0009474839902245332,-0.7672482769342144,-0.10516705350835369,0.047565053248045205,-0.022314560291372132,0.0006319013607480883,0.0005159341412763752,-0.016315644825226627,2312,867000000,2.87,0,2,2,-13.701288665958002,6.621992983188924,6.810047686985571,-13.701288665958002,6.621992983188924,6.810047686985571,165.21097207069397
-13.835540858476268,2.8597308918276463,6.445589727654781,-13.396310167329043,4.533866724845948,6.722139947330413,-0.6422308583192222,0.00016557400611229447,-0.0010038868665893173,-0.7665105931550864,-0.10650123249240902,0.04646288887401752,-0.025328515612563947,0.0006032594285443338,0.0005192298715428478,-0.01648521065362729,2313,21000000,2.79,0,2,2,-13.701288665958002,6.621992983188924,6.810047686985571,-13.704326979339754,6.5971075015236185,6.8063119106132435,165.39879179000854
-13.835540858476268,2.8597308918276463,6.445589727654781,-13.400548899811435,4.515662045983912,6.71781343997692,-0.6432400486175572,0.00016827577037308554,-0.0010577581028811108,-0.7656638248510524,-0.10830532250049658,0.04526912912183497,-0.02912641827175198,0.0004038688217633535,0.00040010233135490125,-0.016404406051151454,2313,176000000,2.72,0,2,2,-13.701288665958002,6.621992983188924,6.810047686985571,-13.707273635063613,6.577424760230636,6.802625212079005,165.58315086364746
-13.802973216660124,2.789788836736497,6.38212529797373,-13.404601235028336,4.497212633162889,6.712873660570017,-0.6442412857818784,0.0001691520659926,-0.0011021365662000507,-0.7648214970675704,-0.10995800001443608,0.04409206451034313,-0.03281169950269606,0.00040285995908107,0.0003751991528133658,-0.016319897622452118,2313,335000000,2.65,0,2,2,-13.701288665958002,6.621992983188924,6.810047686985571,-13.710904267145091,6.557014516267835,6.797909607035417,165.7690532207489
-13.802973216660124,2.789788836736497,6.38212529797373,-13.407526030041108,4.483247559438362,6.708803434634438,-0.6449867953259022,0.00016761106791100675,-0.0011405647735399547,-0.7641928453432091,-0.11097897214521343,0.04324256156473909,-0.035277608304594664,0.0005704589511879021,0.00044477479264060094,-0.01616375011508353,2313,491000000,2.58,0,2,2,-13.701288665958002,6.621992983188924,6.810047686985571,-13.714579824817339,6.537776324274968,6.792665490695333,165.95869898796082
-13.802973216660124,2.789788836736497,6.38212529797373,-13.411286154770218,4.464471521112665,6.7029219509954565,-0.6459385512042668,0.0001904536020909711,-0.0011652736699620274,-0.7633884947605853,-0.11252523761564281,0.04219301941457981,-0.038743036462938564,-0.0006835014289663377,0.00032081779863801785,-0.014399790416064207,2313,613000000,2.53,0,2,2,-13.701288665958002,6.621992983188924,6.810047686985571,-13.717382211160537,6.524223544060039,6.788351177449035,166.1433961391449
-13.772137385077528,2.7219791074656707,6.315877451879423,-13.414892545669057,4.445466733209101,6.696457710720399,-0.6467452684947719,0.00023672354702772172,-0.0011393419052006014,-0.7627051878292233,-0.11407220397121605,0.04130509763792743,-0.04230767082736805,-0.0005671860890288372,0.00020456303104765539,-0.012349697226454737,2313,761000000,2.47,0,2,2,-13.701288665958002,6.621992983188924,6.810047686985571,-13.72122357913935,6.507438763930701,6.782108663600871,166.33259296417236
-13.772137385077528,2.7219791074656707,6.315877451879423,-13.417938061039504,4.428686263879972,6.690369819570662,-0.6473772061387285,0.00027665002141427457,-0.0011164104593933085,-0.7621688986467933,-0.11510276178155514,0.04053105397187099,-0.044931804092632185,-0.0006351236208956834,0.00026759820741517615,-0.011498379353724886,2313,922000000,2.42,0,2,2,-13.701288665958002,6.621992983188924,6.810047686985571,-13.725265394770753,6.492369079478046,6.775345587020704,166.5159990787506
-13.743182356195256,2.65630975126882,6.2469796037174685,-13.421288859926753,4.409350616573849,6.682948883478852,-0.6480619594762758,0.00032980243387044036,-0.0010809636250403943,-0.7615867773456717,-0.11654679005020152,0.03962066234135579,-0.04833269423719607,-0.0008551153939606593,0.00014861993236081616,-0.011060661017836537,2314,77000000,2.35,0,2,2,-13.701288665958002,6.621992983188924,6.810047686985571,-13.729480448857885,6.478841221126434,6.767999059797952,166.69721746444702
-13.743182356195256,2.65630975126882,6.2469796037174685,-13.424491816497477,4.389807631578013,6.674972275517412,-0.6487328947718222,0.00037227173019742973,-0.0010490276360404362,-0.7610153692243996,-0.11792722232183364,0.03872850864987097,-0.05163075690311873,-0.000524399598589298,0.0001862884957404276,-0.011031159465346718,2314,227000000,2.33,0,2,2,-13.701288665958002,6.621992983188924,6.810047686985571,-13.73330114289387,6.468101473337166,6.761105641925386,166.87864017486572
-13.743182356195256,2.65630975126882,6.2469796037174685,-13.427176243882148,4.37254713917964,6.667544249563218,-0.6493208712811689,0.0004209998433578961,-0.0010066373792317193,-0.7605137839375313,-0.11928388619743664,0.03791686163585239,-0.054920664617619984,-0.0011227008144487627,7.771016896640504e-05,-0.011047395582863828,2314,378000000,2.29,0,2,2,-13.701288665958002,6.621992983188924,6.810047686985571,-13.737788302579318,6.456836730633456,6.752621329150965,167.06838846206665
-13.716252767427495,2.5927818998102916,6.175570504584947,-13.430103101102219,4.352619764638479,6.658488316372006,-0.6499886312544534,0.00047294766850997013,-0.0009562721712452046,-0.7599431828130307,-0.1206987014528547,0.03701007226269225,-0.05850764870815804,-0.0007588226480947924,0.0001332300257672614,-0.010886875224969117,2314,523000000,2.25,0,2,2,-13.701288665958002,6.621992983188924,6.810047686985571,-13.741811275888828,6.44772284493824,6.744664610877111,167.25920295715332
-13.716252767427495,2.5927818998102916,6.175570504584947,-13.43255156535239,4.335045940983399,6.650128199108065,-0.6505603786579344,0.0005136251188384803,-0.0009283571949123951,-0.7594537958708225,-0.12159624053041529,0.036245050118590895,-0.06119628026614192,-0.0006379614831075742,0.00023155355677317857,-0.010624209699017229,2314,679000000,2.21,0,2,2,-13.701288665958002,6.621992983188924,6.810047686985571,-13.746124579318552,6.436180052403348,6.734944252989825,167.44412755966187
-13.716252767427495,2.5927818998102916,6.175570504584947,-13.435230587752384,4.314825897866373,6.640100254339599,-0.651203166087376,0.0005730201990079788,-0.0008857687335135751,-0.758902710193724,-0.12283975996282473,0.035414946779172105,-0.06462735836551792,-0.0010411512448627036,0.00018243020463160065,-0.01060408030753024,2314,830000000,2.18,0,2,2,-13.74920147233357,6.422904422420569,6.7258663347686385,-13.74920147233357,6.422904422420569,6.7258663347686385,167.62862277030945
-13.691488507366863,2.5313898444048584,6.101793962904209,-13.437787919376614,4.294430709359994,6.629522538307928,-0.6518476427595932,0.0006300320863528475,-0.0008358909320945639,-0.7583492302196142,-0.12395283555162814,0.03468259663442941,-0.06784064054103386,-0.0008685353861892509,9.898687451936894e-05,-0.010628583004290704,2314,988000000,2.15,0,2,2,-13.751881885277825,6.403939166019372,6.714873685190576,-13.751881885277825,6.403939166019372,6.714873685190576,167.81275081634521
-13.691488507366863,2.5313898444048584,6.101793962904209,-13.439938935988458,4.2764777442873685,6.619875579287728,-0.6524116978639501,0.0006674302032776886,-0.000805818127242387,-0.7578640258544717,-0.1246680838915331,0.03400697177836933,-0.07028276006702622,-0.0005671533870099665,0.00016964314539791303,-0.01062794535755529,2315,140000000,2.12,0,2,2,-13.753753405318285,6.381442834613732,6.703195239295804,-13.753753405318285,6.381442834613732,6.703195239295804,167.99602842330933
-13.691488507366863,2.5313898444048584,6.101793962904209,-13.442000350817983,4.258441907572409,6.60987371949731,-0.6529550769139947,0.0006841404360076884,-0.0008097649011322971,-0.7573958963216711,-0.12549880343579517,0.03321935044258473,-0.07311470869403619,0.00022665437455771098,0.0002630135043091286,-0.009663752189226216,2315,287000000,2.09,0,2,2,-13.753753405318285,6.381442834613732,6.703195239295804,-13.755027508600806,6.36040479446217,6.692473845651643,168.17907071113586
-13.669024332667991,2.472121130739345,6.025798554811813,-13.444231311521035,4.237709178527119,6.597947310771491,-0.653502070938464,0.0006867632684301224,-0.0008480506476774764,-0.7569239409910686,-0.12634546106595743,0.032375345262920255,-0.07621041927478055,0.0004014011750541613,0.00041566883624000184,-0.008505165533279069,2315,430000000,2.07,0,2,2,-13.753753405318285,6.381442834613732,6.703195239295804,-13.756002858590326,6.338280902904058,6.681343902481831,168.36846041679382
-13.669024332667991,2.472121130739345,6.025798554811813,-13.446087106253179,4.219494588079988,6.58714490536697,-0.6539353391594577,0.0006836432325154064,-0.0009019960257976256,-0.7565495960170127,-0.1268379957044798,0.03163338350792925,-0.07846128871569821,0.0007120817031136539,0.0005120574428474356,-0.007957730849739164,2315,581000000,2.05,0,2,2,-13.756677382066828,6.311261272140225,6.668198267108866,-13.756677382066828,6.311261272140225,6.668198267108866,168.5482668876648
-13.648989496635002,2.4149566727154745,5.947737324946002,-13.448098632114435,4.198603758554801,6.574396601996035,-0.6543984428082109,0.000698687447051088,-0.0009408486491506064,-0.7561489963557838,-0.12762586316701297,0.03087520667714356,-0.08148781663917423,-6.843933704203664e-05,0.00037300169140053185,-0.007354669969572569,2315,736000000,1.99,0,2,2,-13.756677382066828,6.311261272140225,6.668198267108866,-13.757247839055747,6.284412440832339,6.654559069144868,168.73146867752075
-13.648989496635002,2.4149566727154745,5.947737324946002,-13.450003864633548,4.177604762652071,6.561151455686241,-0.6548348084848876,0.0007171389905079733,-0.0009632548141147919,-0.7557710840250451,-0.12827097965085035,0.030175805290340557,-0.08444396002247398,0.00012533496516198284,0.0003782244050398731,-0.007167161766119534,2315,893000000,2.01,0,2,2,-13.757747457871826,6.261534569051149,6.642243135433364,-13.757747457871826,6.261534569051149,6.642243135433364,168.92039346694946
-13.648989496635002,2.4149566727154745,5.947737324946002,-13.451585201727028,4.159157304640195,6.549161453210515,-0.6552061268226727,0.0007303507915386679,-0.0009870402570193578,-0.7554491536253675,-0.12900904661249699,0.02951672220653369,-0.0874258967542932,0.00012493996166540455,0.0003422285857368479,-0.00683484968249104,2316,40000000,2.0,0,2,2,-13.758265828607275,6.235803283095371,6.627796789006799,-13.758265828607275,6.235803283095371,6.627796789006799,169.10158967971802
-13.631507390535248,2.3598708849992422,5.867767478235117,-13.453282890228301,4.137965472589363,6.53494168424025,-0.6556133164397062,0.0007444295349115464,-0.0010131986760751315,-0.7550957545636445,-0.12971212744632038,0.028759580439980115,-0.0906791947312073,0.00012028781810613509,0.00036714262705572764,-0.006721732734149555,2316,193000000,1.98,0,2,2,-13.75873280645993,6.213920995072801,6.614789605180752,-13.75873280645993,6.213920995072801,6.614789605180752,169.28495860099792
-13.631507390535248,2.3598708849992422,5.867767478235117,-13.454683076378622,4.119364351976695,6.5221113986477315,-0.6559616243857194,0.000755688253264651,-0.001044437190086614,-0.7547931408137385,-0.13008700313981164,0.028168235126525824,-0.09303282491221201,0.00028723833054300485,0.0004675771037909726,-0.00641716546851967,2316,343000000,1.97,0,2,2,-13.75873280645993,6.213920995072801,6.614789605180752,-13.759307287160997,6.189690857784587,6.599461599401903,169.46908473968506
-13.631507390535248,2.3598708849992422,5.867767478235117,-13.456011612732866,4.1007172396058555,6.508947759755061,-0.6562933530711834,0.0007661509791832033,-0.0010795995026573468,-0.7545046601527217,-0.13064869866501758,0.027556354453052233,-0.09570915696592633,0.00026073130641179887,0.0003713175971142846,-0.006185931579238968,2316,487000000,1.95,0,2,2,-13.75873280645993,6.213920995072801,6.614789605180752,-13.759844863367416,6.16910492215762,6.585590995704009,169.64576292037964
-13.616695198629978,2.30683183381018,5.786050063307852,-13.457432517665472,4.079320705814569,6.493427211631123,-0.6566620615112538,0.0007830957809622535,-0.0011001813386732043,-0.7541837397702299,-0.13116789011762314,0.026899742738372312,-0.098727771934333,-0.00011785375448880586,0.00031755432416957774,-0.00605725176683336,2316,636000000,1.94,0,2,2,-13.75873280645993,6.213920995072801,6.614789605180752,-13.760510826816647,6.149650019917508,6.5713410979181175,169.82755064964294
-13.616695198629978,2.30683183381018,5.786050063307852,-13.458601899796106,4.060564538579814,6.4794850044373495,-0.6569799075068417,0.0007955703683549755,-0.0011206464342097015,-0.7539068326734149,-0.13137404072737108,0.02629480381197798,-0.10094805469657864,0.00024520068961919605,0.0003420149624844271,-0.005995409128445317,2316,785000000,1.92,0,2,2,-13.75873280645993,6.213920995072801,6.614789605180752,-13.761416253987223,6.128741018679413,6.5546016775686535,170.01675033569336
-13.604663567877996,2.255801405432595,5.702749648162687,-13.45970069190619,4.0417824052424995,6.465225596894455,-0.6572974493389043,0.0008168378002315045,-0.001127816541346475,-0.753629964835812,-0.13182654454368062,0.02577660187286992,-0.10350718802747663,-0.000479634240946325,0.00021274345414212803,-0.006082299569243332,2316,925000000,1.9,0,2,2,-13.75873280645993,6.213920995072801,6.614789605180752,-13.762231049595242,6.111040737221769,6.539519625285871,170.2044801712036
-13.604663567877996,2.255801405432595,5.702749648162687,-13.460883333902606,4.020238437918772,6.448477013084163,-0.657663900944245,0.0008501405795385475,-0.001109750262671628,-0.7533101878443883,-0.13231973495424243,0.025244938528276223,-0.10629473903473625,-0.00041949863316403935,0.00015301972524639496,-0.00602520749453106,2317,75000000,1.88,0,2,2,-13.75873280645993,6.213920995072801,6.614789605180752,-13.763126957922742,6.094173913316508,6.524078023108348,170.3893780708313
-13.604663567877996,2.255801405432595,5.702749648162687,-13.46186076879547,4.00132561814461,6.4334458754041535,-0.6579824039446416,0.0008894803665101032,-0.0010695993274296744,-0.7530320184966817,-0.13298442540755903,0.024885775133896067,-0.10917458803410438,-0.0010567119943516445,-9.034111769778974e-05,-0.006095881326473318,2317,221000000,1.86,0,2,2,-13.764318704335619,6.076240832312029,6.50599928851378,-13.764318704335619,6.076240832312029,6.50599928851378,170.57310724258423
-13.595516293231295,2.206735491881907,5.618033988749892,-13.462923239953344,3.9796014387404615,6.415762242667863,-0.6583483967160204,0.0009380552105119812,-0.0009980918819808193,-0.7527121045967458,-0.1336419400015146,0.0245002125874021,-0.11230734349589513,-0.0010741520100054913,-0.00011446425816075134,-0.00601580459260731,2317,373000000,1.83,0,2,2,-13.764318704335619,6.076240832312029,6.50599928851378,-13.76553873387102,6.061842522090858,6.4897053117692085,170.7559311389923
-13.595516293231295,2.206735491881907,5.618033988749892,-13.463810113651814,3.960539459999621,6.399917262985997,-0.6586628508666451,0.0009760653198947813,-0.0009493854525256966,-0.7524369706839088,-0.13388100656672558,0.024186233983942648,-0.11454343648022422,-0.000756732737272614,2.0503767750312818e-05,-0.005937945843470516,2317,521000000,1.81,0,2,2,-13.766945263555797,6.045777671989456,6.470667873868955,-13.766945263555797,6.045777671989456,6.470667873868955,170.94386744499207
-13.595516293231295,2.206735491881907,5.618033988749892,-13.464778155092448,3.938723252996182,6.381410438710088,-0.6590107979022283,0.0009733970741889338,-0.0009643975116728112,-0.752132229520743,-0.13425222426087846,0.023728857156719452,-0.11752747141597689,0.0007584110164771118,0.0001659724787828054,-0.005577538468060084,2317,665000000,1.79,0,2,2,-13.76807082348234,6.031391690679027,6.453680569999992,-13.76807082348234,6.031391690679027,6.453680569999992,171.1268708705902
-13.589350019401854,2.159584193111267,5.532073691133351,-13.465566124017483,3.9195927999231004,6.364822859068041,-0.6592972618686815,0.0009518493259705848,-0.0010130584021683057,-0.7518810997677715,-0.1345062824892993,0.023207453375163205,-0.11992178064703192,0.0006745715552369802,0.0002761091991487774,-0.005347325259208446,2317,818000000,1.78,0,2,2,-13.76807082348234,6.031391690679027,6.453680569999992,-13.769174414298117,6.0142118729822505,6.433833620062674,171.31610298156738
-13.589350019401854,2.159584193111267,5.532073691133351,-13.466292738847887,3.900449973360158,6.347932837199062,-0.6595720394441014,0.0009415570808236501,-0.0010629085338897534,-0.7516400125587119,-0.13455165207079695,0.022670974512227056,-0.12192060432695298,0.0005828240773553262,0.000449004645020068,-0.00508853918290697,2317,960000000,1.76,0,2,2,-13.76807082348234,6.031391690679027,6.453680569999992,-13.770060247414339,5.998999944453655,6.416127157078276,171.49921417236328
-13.586253959936645,2.114292035098086,5.445041867912627,-13.46696162881073,3.8813081988306077,6.330752410937432,-0.6598341992368219,0.0009396482353567962,-0.0011121443319932777,-0.7514098147573537,-0.13471010716884793,0.022187149817793773,-0.1243113923417817,0.0005059288525899319,0.0003834818386394545,-0.004910780353384325,2318,106000000,1.75,0,2,2,-13.76807082348234,6.031391690679027,6.453680569999992,-13.770976939246838,5.98421787298862,6.39801408646117,171.68147492408752
-13.586253959936645,2.114292035098086,5.445041867912627,-13.467667762724703,3.8594089927106987,6.3106971228027895,-0.6601222813199137,0.0009353257503957771,-0.0011589362366495977,-0.7511566785548356,-0.13481488584684861,0.02177867940976717,-0.12689338329144495,0.00043695998499515554,0.000331593068381153,-0.004661362845581607,2318,251000000,1.73,0,2,2,-13.771983142201014,5.9701629293990175,6.3794738780850215,-13.771983142201014,5.9701629293990175,6.3794738780850215,171.8670551776886
-13.586253959936645,2.114292035098086,5.445041867912627,-13.468252346949086,3.840230376212258,6.2927969497087695,-0.6603693945537972,0.0009472478176461462,-0.0011674308450395046,-0.7509394133773011,-0.13513863793657846,0.021510899909560736,-0.12962968539149936,-0.0003100051515048108,6.114115933542053e-05,-0.004807707273357664,2318,400000000,1.71,0,2,2,-13.773315696194345,5.955319063485033,6.357781006272802,-13.773315696194345,5.955319063485033,6.357781006272802,172.0537941455841
-13.586309634393402,2.0707982031062557,5.357113789597275,-13.468806117724574,3.821005888275375,6.2745036282580715,-0.6606236504468471,0.0009652278961511855,-0.0011476737211628103,-0.7507157542308672,-0.13539819247342683,0.02123097465999495,-0.1322442815010256,-0.00044553706857186626,4.0805116396924745e-06,-0.00481105762446532,2318,541000000,1.69,0,2,2,-13.773315696194345,5.955319063485033,6.357781006272802,-13.774653635132061,5.943328403771849,6.338270165666791,172.2371883392334
-13.586309634393402,2.0707982031062557,5.357113789597275,-13.469407330583106,3.7990198558989237,6.253196275390823,-0.6609066563612429,0.0009842598621159178,-0.0011327885664079303,-0.7504666145805483,-0.13541027376952314,0.0209924736731817,-0.13466601778089124,-0.0002022329326223371,0.0001189137009305341,-0.004598565692504053,2318,694000000,1.66,0,2,2,-13.773315696194345,5.955319063485033,6.357781006272802,-13.776141960527548,5.932121122389911,6.318127052737665,172.4176766872406
-13.586309634393402,2.0707982031062557,5.357113789597275,-13.469914325895461,3.779787028415701,6.234227516495513,-0.6611442271707999,0.0009761357629368383,-0.0011580335184224108,-0.7502573005283375,-0.13545498684601356,0.020709849469883697,-0.13711766889739474,0.0007087746041634091,0.00017001873544586488,-0.004470413477974944,2318,843000000,1.63,0,2,2,-13.773315696194345,5.955319063485033,6.357781006272802,-13.778005536638108,5.92013402968747,6.294317661036397,172.5951430797577
-13.589590624362929,2.029036789378015,5.268466531635312,-13.470516637253406,3.755054182747862,6.209332305275087,-0.6614378553708901,0.0009587820117841486,-0.0012094844297036026,-0.7499983875761506,-0.13548844522586517,0.020265571374979953,-0.14004800013340746,0.00043720709470562724,0.00030385110676434124,-0.004215957324049668,2318,991000000,1.59,0,2,2,-13.773315696194345,5.955319063485033,6.357781006272802,-13.779761453520972,5.910278326593262,6.272853900474204,172.8228051662445
-13.589590624362929,2.029036789378015,5.268466531635312,-13.471008090579028,3.7330961795060547,6.186823211031737,-0.6616858223483697,0.0009474559235562631,-0.0012726170284154113,-0.7497795377818293,-0.13520410663526644,0.019909817349517762,-0.14197905557225385,0.0007113574838513159,0.0005034426635575073,-0.004075604738318361,2319,176000000,1.56,0,2,2,-13.773315696194345,5.955319063485033,6.357781006272802,-13.781656125576161,5.895240421394451,6.2446961370086305,173.00893688201904
-13.59616234903493,1.9889370544701188,5.1792786178068715,-13.47141823378288,3.713909249002063,6.166859407125919,-0.6619037396014534,0.0009748335979057058,-0.0012830526405765146,-0.7495871150019783,-0.1352476923264307,0.019774991675063153,-0.14411679982669942,-0.0007756940760828002,0.00020596325924771008,-0.004294652762837359,2319,322000000,1.53,0,2,2,-13.782615796975143,5.877463682802035,6.219428797912329,-13.782615796975143,5.877463682802035,6.219428797912329,173.1901638507843
-13.59616234903493,1.9889370544701188,5.1792786178068715,-13.471826924087294,3.694709064074009,6.1465858588984235,-0.6621349989949681,0.001013036981908731,-0.0012488612012247241,-0.7493828508897884,-0.13523715033160805,0.019718072271897043,-0.14613576648593288,-0.0006861972678962047,2.0098998021467196e-05,-0.004485706176637905,2319,462000000,1.51,0,2,2,-13.782615796975143,5.877463682802035,6.219428797912329,-13.782902891773151,5.858761189431549,6.19713384722617,173.37189030647278
-13.59616234903493,1.9889370544701188,5.1792786178068715,-13.472301731392335,3.67277199511687,6.123067598436275,-0.6624110863538729,0.0010599514926247099,-0.0011797820144912677,-0.7491388638248008,-0.13529183789218488,0.01973115709142565,-0.14870955111180834,-0.0012667262012655556,-0.0003092077747623989,-0.004738345660371124,2319,607000000,1.5,0,2,2,-13.782615796975143,5.877463682802035,6.219428797912329,-13.78271103850463,5.837456944376206,6.174684078548162,173.5548529624939
-13.606081860953598,1.950423701411545,5.089729660701031,-13.472730510251562,3.6535610911744625,6.102146414909,-0.6626638820690253,0.0011006617484414965,-0.0010961074962672949,-0.7489153266513385,-0.13540321047592468,0.019768365433830433,-0.15079563259828282,-0.001267983611796808,-0.0003551876176288715,-0.00487965971842641,2319,758000000,1.49,0,2,2,-13.782615796975143,5.877463682802035,6.219428797912329,-13.78197018595599,5.810342785333603,6.148908445189665,173.73839735984802
-13.606081860953598,1.950423701411545,5.089729660701031,-13.473172782161896,3.634346027183695,6.080964859315836,-0.662921648905447,0.0011378462864975584,-0.0010200582155849669,-0.7486872192040868,-0.13531059809781384,0.01979621992830223,-0.15242275273127767,-0.001094338165330555,-0.00028800077700452675,-0.004945233649777947,2319,916000000,1.48,0,2,2,-13.780967350997434,5.784763635048161,6.126249343206533,-13.780967350997434,5.784763635048161,6.126249343206533,173.92495346069336
-13.606081860953598,1.950423701411545,5.089729660701031,-13.473691587393294,3.612416020957641,6.056475119036678,-0.6632128634485761,0.0011362984999857238,-0.000999484273260652,-0.7484292936632335,-0.13511292462644714,0.019681082571342785,-0.1545920226599801,0.0006540639731156261,-4.64575343528395e-05,-0.004694113204095629,2320,45000000,1.48,0,2,2,-13.780967350997434,5.784763635048161,6.126249343206533,-13.779870607515736,5.75869769727266,6.103318824884105,174.104088306427
-13.619397662556434,1.9134171618254512,5.000000000000004,-13.474139937990598,3.593260708855764,6.034741124398572,-0.6634449256455853,0.0010987381485843667,-0.0010481204897513506,-0.7482235794553947,-0.13484509177713871,0.019511264088447628,-0.15651792309794754,0.0009521601327833196,0.00013385273547328325,-0.004178413746558363,2320,200000000,1.48,0,2,2,-13.780967350997434,5.784763635048161,6.126249343206533,-13.778368443787834,5.727432845192749,6.076918873993314,174.2874755859375
-13.619397662556434,1.9134171618254512,5.000000000000004,-13.474649980410529,3.571425667413755,6.009615921380852,-0.663690907837181,0.0010702088054144001,-0.0011064944336423859,-0.7480053537090757,-0.13442222731139458,0.019354500988311638,-0.1581487581264674,0.0006494913634469413,0.0002883584585333665,-0.004157850389674422,2320,347000000,1.48,0,2,2,-13.780967350997434,5.784763635048161,6.126249343206533,-13.776916533459826,5.699240397698943,6.053634154048934,174.47872304916382
-13.619397662556434,1.9134171618254512,5.000000000000004,-13.475167141167598,3.5496557895407768,5.984210867982244,-0.6639375265901715,0.0010366824651615928,-0.0011810967148886467,-0.7477863940226124,-0.13407041690691232,0.01928605746673715,-0.16025975136770007,0.001086481870515854,0.00030883104216172796,-0.004058093600178836,2320,502000000,1.47,0,2,2,-13.780967350997434,5.784763635048161,6.126249343206533,-13.7753085761245,5.667364955644243,6.0266917711295065,174.66712141036987
-13.63614954403571,1.877833893125572,4.910270339298972,-13.475697324860926,3.5279481794157497,5.958472703954086,-0.6641726394956984,0.000996432928202613,-0.0012677161056039166,-0.7475774909416495,-0.13358418426687818,0.019169678123180305,-0.16213538154713897,0.0011166806643814198,0.0003770556872950692,-0.0038094980709502124,2320,668000000,1.47,0,2,2,-13.780967350997434,5.784763635048161,6.126249343206533,-13.77368530602424,5.63545961285599,5.99950220682143,174.85247898101807
-13.63614954403571,1.877833893125572,4.910270339298972,-13.476165338324106,3.509028123819157,5.935742733294115,-0.6643715872604503,0.0009640692635554402,-0.0013475899952528065,-0.74740059446905,-0.13301369725953194,0.01900982735878707,-0.16328088917472333,0.0011521829492266988,0.00044591231187496305,-0.003833117807516828,2320,823000000,1.47,0,2,2,-13.780967350997434,5.784763635048161,6.126249343206533,-13.772151375674062,5.60411184840468,5.972032514131666,175.03488564491272
-13.656368443005908,1.8435866858678756,4.820721382193137,-13.476714234353661,3.4874899855300314,5.909556826217775,-0.664609814386762,0.0009750386045548802,-0.0013726095947094387,-0.747188704320009,-0.13260620142092563,0.019112552369553802,-0.16502065994144327,-0.0005661386296651472,0.00010882816994239874,-0.004187422246104688,2320,969000000,1.47,0,2,2,-13.771047176675465,5.578089839203061,5.947667920110131,-13.771047176675465,5.578089839203061,5.947667920110131,175.22060704231262
-13.656368443005908,1.8435866858678756,4.820721382193137,-13.477237765498845,3.468683263250052,5.8864093039631,-0.6648358397383718,0.0009948211797611596,-0.001352161711231253,-0.7469876091267518,-0.1322835658897392,0.019298397166046047,-0.16636240443825676,-0.0003083598642206198,-2.1166428254559833e-05,-0.004413945180203882,2321,118000000,1.47,0,2,2,-13.771047176675465,5.578089839203061,5.947667920110131,-13.770140815190254,5.550501169883232,5.919447930415476,175.40655779838562
-13.656368443005908,1.8435866858678756,4.820721382193137,-13.477895521205413,3.4472304902927844,5.859708209553576,-0.6651079094910997,0.0010260072744424419,-0.0012934825228647893,-0.746745433828969,-0.1321020409545885,0.019688158467259506,-0.16833971470318154,-0.0010918734687948017,-0.0003999216232841718,-0.004696730593423126,2321,276000000,1.48,0,2,2,-13.769693325458814,5.528416179663918,5.894402588116571,-13.769693325458814,5.528416179663918,5.894402588116571,175.5873658657074
-13.680076326403402,1.8105849803110527,4.73153346836469,-13.478632882243817,3.425799178988909,5.832680251873576,-0.6653986523019767,0.0010560469039108417,-0.001203166434255329,-0.7464864839166087,-0.13184248268187307,0.020029771260753053,-0.17017602937462697,-0.0010740441780399124,-0.00047890170549180766,-0.00502833436257788,2321,428000000,1.49,0,2,2,-13.76960614314067,5.505480682984907,5.865239597511307,-13.76960614314067,5.505480682984907,5.865239597511307,175.77148532867432
-13.680076326403402,1.8105849803110527,4.73153346836469,-13.479328377549155,3.40709307070241,5.808829509666797,-0.6656629937061349,0.0010801740151287077,-0.0011328781958080622,-0.7462508483219812,-0.1314295511101149,0.020199001645767805,-0.17121019271879834,-0.0009164887273982458,-0.0003314262528419931,-0.00504373688272608,2321,578000000,1.5,0,2,2,-13.76960614314067,5.505480682984907,5.865239597511307,-13.769942219099596,5.484704396199611,5.835510823775686,175.9626660346985
-13.680076326403402,1.8105849803110527,4.73153346836469,-13.480053542842608,3.3884478879111515,5.784820841375756,-0.6659197973393215,0.0010266793085172865,-0.0011770944557149973,-0.7460217047042242,-0.1310062317923577,0.02015725053307747,-0.17268507877622824,0.0023732812906018808,6.907660612398558e-05,-0.0047372308017656906,2321,722000000,1.52,0,2,2,-13.770464892609573,5.467509158667935,5.80922484418931,-13.770464892609573,5.467509158667935,5.80922484418931,176.1457004547119
-13.707286094986122,1.7787351912154206,4.642886210402724,-13.480788572661961,3.369868718538402,5.760588855490045,-0.6661598132677937,0.0009259097143555812,-0.0013176915956979243,-0.745807287150694,-0.1304363361914103,0.020026411728163492,-0.17412470833497493,0.0024828325877024326,0.00042247714588938834,-0.004495922985370271,2321,870000000,1.54,0,2,2,-13.771118945417017,5.45078725157194,5.782809727709102,-13.771118945417017,5.45078725157194,5.782809727709102,176.33159351348877
-13.707286094986122,1.7787351912154206,4.642886210402724,-13.481642296979002,3.3487501528522787,5.732696728457104,-0.6664201248230652,0.0008302138090078414,-0.0014898823394403206,-0.7455744820113253,-0.12958924365238095,0.019844576546289516,-0.1751987900966112,0.002310784316250647,0.0006260576753902569,-0.004216724710204289,2322,11000000,1.57,0,2,2,-13.771118945417017,5.45078725157194,5.782809727709102,-13.771860725564506,5.434410850415361,5.756303393473608,176.51938676834106
-13.738001510741421,1.7479410398882975,4.554958132087372,-13.482518746231518,3.3277627839421324,5.7046183620536395,-0.666669823289357,0.0007315861737451541,-0.0016690241460767619,-0.7453509414064005,-0.12883017058968269,0.019864913997281682,-0.17674716464830365,0.002517703637749946,0.0004934318610594346,-0.004206935773254372,2322,165000000,1.6,0,2,2,-13.771118945417017,5.45078725157194,5.782809727709102,-13.772832742483429,5.4164067437431935,5.725758253346509,176.70025038719177
-13.738001510741421,1.7479410398882975,4.554958132087372,-13.483320374507267,3.3094914915112077,5.679844261577901,-0.66689026339511,0.0006571399194039617,-0.0018025031920900709,-0.7451534712649265,-0.12815990771290112,0.019823921458191042,-0.17793524331464944,0.0018652438029675977,0.0004938803215281951,-0.004234468269714853,2322,318000000,1.63,0,2,2,-13.771118945417017,5.45078725157194,5.782809727709102,-13.774015065917473,5.399564870920977,5.6949223666616,176.8888430595398
-13.738001510741421,1.7479410398882975,4.554958132087372,-13.484274864148913,3.2887106887988513,5.651304221225449,-0.6671511478599461,0.0005881387316773784,-0.0019270916675687558,-0.7449196509152469,-0.12757009600611388,0.020015978072754896,-0.1798439398967373,0.0016239574051724048,0.0002770374521787744,-0.004564729215417174,2322,475000000,1.66,0,2,2,-13.771118945417017,5.45078725157194,5.782809727709102,-13.775158026460106,5.3852547963124575,5.667747597525896,177.0739288330078
-13.77221714744992,1.71810389246541,4.467926308866647,-13.485169271987203,3.270595672024013,5.62607748867251,-0.6673926027419521,0.0005289090985098998,-0.002018604917148144,-0.7447031350106408,-0.12701458489745093,0.020192659852486784,-0.18128160776430663,0.0014499097574116604,0.00025739998079643556,-0.0046302800456032855,2322,621000000,1.7,0,2,2,-13.771118945417017,5.45078725157194,5.782809727709102,-13.77640618363835,5.3680444874088575,5.6365666143562505,177.2590217590332
-13.77221714744992,1.71810389246541,4.467926308866647,-13.48624833196119,3.2499931870028527,5.597052434615489,-0.6676680067135318,0.0004716729064445117,-0.0021133392573431426,-0.7444560055053836,-0.1262750808650967,0.02034632577250244,-0.18235403082920082,0.0012672884054154565,0.00026137974202811165,-0.004617843660525978,2322,772000000,1.74,0,2,2,-13.771118945417017,5.45078725157194,5.782809727709102,-13.777496076813144,5.352602388952103,5.609186784900815,177.44464421272278
-13.77221714744992,1.71810389246541,4.467926308866647,-13.487254900207914,3.232048053875699,5.571510729289544,-0.667918121269264,0.0004595764741976929,-0.002135201562072809,-0.7442315587126698,-0.12582456036334305,0.020781763028171765,-0.18355397862495232,-0.00025558830429872614,-0.00013895108565975534,-0.0050511638164607575,2322,926000000,1.79,0,2,2,-13.778832443124026,5.335108880591839,5.577713041707569,-13.778832443124026,5.335108880591839,5.577713041707569,177.62810230255127
-13.809918364591843,1.6891231034023886,4.3819660112501095,-13.488513057323896,3.2116012917028676,5.542108668199726,-0.6682281900524866,0.0004594924815552432,-0.0021014254021761375,-0.7439532639199294,-0.12529167329309468,0.021290674673319,-0.18480206382027947,-0.0003573272948642625,-0.0003359043120099159,-0.005263447019387968,2323,70000000,1.84,0,2,2,-13.778832443124026,5.335108880591839,5.577713041707569,-13.780181728872444,5.320521206208192,5.549881863266407,177.81350183486938
-13.809918364591843,1.6891231034023886,4.3819660112501095,-13.489697280721867,3.193787935521524,5.516255116229086,-0.6685002965920841,0.0004572204191158985,-0.00207087080941089,-0.7437088515675165,-0.12466326683515878,0.02170667546449129,-0.18536610347575708,-0.0002736710939643672,-0.0002620800245267674,-0.005161659737495938,2323,222000000,1.9,0,2,2,-13.781969430996647,5.305084792117056,5.5177113220799106,-13.781969430996647,5.305084792117056,5.5177113220799106,177.9987907409668
-13.809918364591843,1.6891231034023886,4.3819660112501095,-13.49113782690839,3.1735410174311545,5.486598113787497,-0.6688042024330954,0.0003624615717146974,-0.0021644853077540153,-0.7434353518852816,-0.12385300794142914,0.021937273202944113,-0.18643180397334852,0.0029419590646284632,0.0001194818175065393,-0.005071406076240237,2323,376000000,1.95,0,2,2,-13.781969430996647,5.305084792117056,5.5177113220799106,-13.783778555041271,5.292775087810662,5.489180786642711,178.18493151664734
-13.851081304720704,1.6608963631376414,4.297250351837316,-13.492636151028833,3.153422929859837,5.456758241824954,-0.6691001219002995,0.00023215779302523183,-0.0023440125708696895,-0.7431685398217761,-0.12302869954608557,0.021968458831571402,-0.18740203337953615,0.0025655250738054747,0.00043155775131253904,-0.004865514983976027,2323,531000000,2.02,0,2,2,-13.786186629738488,5.280032751254606,5.455955767628182,-13.786186629738488,5.280032751254606,5.455955767628182,178.37160563468933
-13.851081304720704,1.6608963631376414,4.297250351837316,-13.494180101928322,3.13344403927903,5.426810619232295,-0.6693847647600347,0.00014100918332037157,-0.0025055459002216915,-0.7429116630281859,-0.12203913042229561,0.021995251505678156,-0.18783881795415117,0.002035900479313568,0.0005603359284123144,-0.004735705806524493,2323,688000000,2.1,0,2,2,-13.786186629738488,5.280032751254606,5.455955767628182,-13.788830662874819,5.267621187249575,5.422141397256509,178.55431866645813
-13.895672914366806,1.6333200488784598,4.213949936692157,-13.495582736570054,3.116082224949907,5.400539956464666,-0.6696362518665029,7.53017388020426e-05,-0.0026266936385606126,-0.7426845797486028,-0.12132316002002494,0.022266783120612865,-0.18856045806305016,0.001804562612051086,0.00035108844826936547,-0.004983232747690636,2323,841000000,2.18,0,2,2,-13.786186629738488,5.280032751254606,5.455955767628182,-13.791109319842752,5.251881719550382,5.388496886564105,178.7403576374054
-13.895672914366806,1.6333200488784598,4.213949936692157,-13.497057183670439,3.0988097204746423,5.374162178405211,-0.6698985269543378,4.483255720030659e-06,-0.0027329138154978047,-0.7424476377135196,-0.12059348416416024,0.022528314574613528,-0.1892162463935358,0.0017851200254881405,0.00023586803479247465,-0.005040578071202617,2323,995000000,2.25,0,2,2,-13.792725071646437,5.235132145087035,5.359249210156824,-13.792725071646437,5.235132145087035,5.359249210156824,178.92213106155396
-13.895672914366806,1.6333200488784598,4.213949936692157,-13.49882712161538,3.079184921056807,5.343897143100049,-0.6702031012377032,-8.023642007148521e-05,-0.0028472025201227843,-0.7421722779054005,-0.1198840715502596,0.022978466242275845,-0.19029210439362815,0.0017546769413456786,0.00012641546192071473,-0.0053020765335531905,2324,133000000,2.31,0,2,2,-13.792725071646437,5.235132145087035,5.359249210156824,-13.79402200597823,5.215890951293047,5.330221390944019,179.112566947937
-13.943650988470747,1.6062895774554231,4.132232521764885,-13.500718560690231,3.0596623585614444,5.313450405461722,-0.6705262366495981,-0.0001695580256073463,-0.0029580871774656926,-0.7418799006138752,-0.11909310596661926,0.023490157399229692,-0.1912281024961604,0.001736143155994796,0.00011532261723345982,-0.005538345658351318,2324,286000000,2.39,0,2,2,-13.792725071646437,5.235132145087035,5.359249210156824,-13.79515783441821,5.191238831242782,5.297377574875855,179.30276036262512
-13.943650988470747,1.6062895774554231,4.132232521764885,-13.502719333599986,3.0402657199134957,5.282904851838286,-0.6708537502447458,-0.0002435369286795156,-0.0030543586978804007,-0.741583344854285,-0.11826446830956308,0.02386194013167276,-0.19160069421030654,0.0013563942388827854,0.00015033748610449038,-0.005471296026371419,2324,440000000,2.46,0,2,2,-13.795999804994977,5.16411258768544,5.264803292326436,-13.795999804994977,5.16411258768544,5.264803292326436,179.48717761039734
-13.943650988470747,1.6062895774554231,4.132232521764885,-13.504555610317992,3.023394810866821,5.2561079974035465,-0.671140119453749,-0.0003276735988315407,-0.003158695386508094,-0.7413237183127728,-0.11755918131507725,0.024306316935721113,-0.19238809792322714,0.0021009646388847614,9.166177221686667e-05,-0.0055825184517743764,2324,600000000,2.53,0,2,2,-13.796602029938185,5.134874171921234,5.232474584823836,-13.796602029938185,5.134874171921234,5.232474584823836,179.67276120185852
-13.994964238284453,1.5796997591868318,4.052262675054007,-13.506482525798752,3.006613857744245,5.229200130303454,-0.6714350038943335,-0.00041698124815789037,-0.0032664908893383134,-0.7410561326305347,-0.11687752956337609,0.024675820034724388,-0.1930283061706119,0.0018850962192118459,0.00013945563921424764,-0.005800195185656776,2324,746000000,2.59,0,2,2,-13.797034015321751,5.108174255878085,5.204312183993304,-13.797034015321751,5.108174255878085,5.204312183993304,179.85667824745178
-13.994964238284453,1.5796997591868318,4.052262675054007,-13.508777004999368,2.987555196313508,5.198386860720547,-0.6717775196790751,-0.0004969919557793519,-0.003374071260045477,-0.7407451199271974,-0.11595039489414016,0.025020601087183313,-0.19314803047283335,0.0014757628264305822,0.00020766145922834767,-0.005663100455421954,2324,896000000,2.65,0,2,2,-13.797034015321751,5.108174255878085,5.204312183993304,-13.797531977517318,5.081275215054141,5.176104108921385,180.04381799697876
-14.049552382614877,1.5534451516941854,3.974201445188189,-13.511171010659758,2.9686429344820495,5.167543765311291,-0.6721158401980715,-0.0006060134857076523,-0.003522422108041695,-0.7404373860394869,-0.11504141443308087,0.025424080476126938,-0.19371374125875587,0.0026948320510200574,0.00030486257855955046,-0.005834407829752308,2325,53000000,2.72,0,2,2,-13.798326011603617,5.051394451777199,5.143718729645102,-13.798326011603617,5.051394451777199,5.143718729645102,180.22676849365234
-14.049552382614877,1.5534451516941854,3.974201445188189,-13.513357496859392,2.9522024510455576,5.140471666713377,-0.6724192158577428,-0.0007104448324299346,-0.0036687751222308006,-0.7401610861849607,-0.1142926301058836,0.025812358694223474,-0.19414040760001564,0.0024050583988355356,0.0003193421321157075,-0.00582971974836255,2325,201000000,2.79,0,2,2,-13.798326011603617,5.051394451777199,5.143718729645102,-13.799510267861233,5.0235723753576895,5.111075327010463,180.4067244529724
-14.049552382614877,1.5534451516941854,3.974201445188189,-13.51597675086325,2.933519928319225,5.109448424629985,-0.6727705641743031,-0.000820663570973853,-0.0038130445476352256,-0.7398408985607452,-0.11363806247990778,0.026486011089330862,-0.19498214299179278,0.002127059383383312,7.615457136012083e-05,-0.0061084298067726195,2325,352000000,2.86,0,2,2,-13.798326011603617,5.051394451777199,5.143718729645102,-13.80095647611751,5.0014905032572505,5.082233690612313,180.58749079704285
-14.107346262223295,1.527420412612428,3.898206037095793,-13.518395163843634,2.9172492077089323,5.0821946675480865,-0.6730928107372851,-0.000915439108804796,-0.003918721121890251,-0.7395470733697673,-0.11297973254142449,0.02708675538699714,-0.19548477156604027,0.0019208417143090628,3.515385955665806e-05,-0.006306082923401846,2325,502000000,2.94,0,2,2,-13.803104818516871,4.978789952943246,5.048872755364757,-13.803104818516871,4.978789952943246,5.048872755364757,180.76807117462158
-14.107346262223295,1.527420412612428,3.898206037095793,-13.520922980310827,2.9010727462584502,5.054905086173183,-0.6734167729709216,-0.0009958964672233041,-0.004009597510534684,-0.7392515006406549,-0.11223025696893094,0.02761829292782208,-0.19555570723106758,0.0015543852327937202,6.295752115192954e-05,-0.00613788088230649,2325,648000000,3.02,0,2,2,-13.805449293308474,4.961009516642645,5.019225028117279,-13.805449293308474,4.961009516642645,5.019225028117279,180.95756816864014
-14.107346262223295,1.527420412612428,3.898206037095793,-13.52394690294312,2.882704404202478,5.023704021455037,-0.6737864840667771,-0.0010817500876151706,-0.004101697935995239,-0.7389139190593992,-0.11142778057891556,0.02838760166747565,-0.19588566559246162,0.0015715662016191345,-8.784738128042591e-05,-0.006548928240590612,2325,796000000,3.11,0,2,2,-13.805449293308474,4.961009516642645,5.019225028117279,-13.80824007747071,4.944923145419148,4.989052830795992,181.13776755332947
-14.168267977131398,1.501520650144207,3.824429495415055,-13.526730942432058,2.8667217005648964,4.996350379626087,-0.674136055705251,-0.0011505302957669555,-0.004163121375236105,-0.7385945593481041,-0.11081898565131246,0.029073573892087683,-0.19611391478177495,0.0010892097179748816,-9.287194089324657e-05,-0.0069064823946973775,2325,949000000,3.22,0,2,2,-13.811828467565869,4.927903318696782,4.95431856222453,-13.811828467565869,4.927903318696782,4.95431856222453,181.31954312324524
-14.168267977131398,1.501520650144207,3.824429495415055,-13.529631748116483,2.8508169924529416,4.968990749132641,-0.6744936562453043,-0.0012092605492202344,-0.004217615776025103,-0.7382676053376114,-0.11019523262821218,0.029673124996647354,-0.19598723849854982,0.0011762751114474668,-3.929452994100302e-05,-0.006829596395618864,2326,96000000,3.31,0,2,2,-13.811828467565869,4.927903318696782,4.95431856222453,-13.815203824872627,4.913795979500556,4.923983768964506,181.49817371368408
-14.232231046524186,1.4756417704159197,3.7530203962825315,-13.533083733066258,2.8327442533994227,4.93774687737416,-0.6748940871801048,-0.0013064656262190579,-0.004319574299610962,-0.7379008100786788,-0.10945818209511178,0.030405407943370287,-0.19606450672829911,0.002305894258824992,2.3682398975211072e-05,-0.00681418400745315,2326,234000000,3.41,0,2,2,-13.811828467565869,4.927903318696782,4.95431856222453,-13.818786902332253,4.900551975982374,4.893618673475431,181.67970657348633
-14.232231046524186,1.4756417704159197,3.7530203962825315,-13.5362360216728,2.81702296613851,4.910385338574189,-0.6752475455353104,-0.0014105184112101453,-0.0044341795683881195,-0.7375765050067047,-0.10876628900763212,0.03102871246869966,-0.19611985328726947,0.002093510602207971,3.992263657437434e-05,-0.006872980111438665,2326,381000000,3.52,0,2,2,-13.811828467565869,4.927903318696782,4.95431856222453,-13.823171704392625,4.886659283011055,4.858838570395383,181.8665909767151
-14.232231046524186,1.4756417704159197,3.7530203962825315,-13.5399914722913,2.7991647702074203,4.879092400087268,-0.6756616089688228,-0.001540505026821944,-0.004576207868210965,-0.737196090149338,-0.10802897000351015,0.03188468065399759,-0.19657221826549817,0.00257114641044609,2.363287805451364e-05,-0.0072244024067913415,2326,536000000,3.71,0,2,2,-13.811828467565869,4.927903318696782,4.95431856222453,-13.827918888286533,4.874215599459045,4.823867980914696,182.0537338256836
-14.29914059087924,1.449680820605077,3.684122548120576,-13.543425350448196,2.783623816504408,4.851649292709882,-0.676038053481905,-0.0016555024562572205,-0.004703725364270743,-0.7368498385178024,-0.10741639532936813,0.03255849499720802,-0.19679096809540544,0.0023207132926472696,9.79680585544429e-05,-0.007310403270821553,2326,681000000,3.74,0,2,2,-13.811828467565869,4.927903318696782,4.95431856222453,-13.832312799194522,4.863933164635135,4.7931402542184,182.23915910720825
-14.29914059087924,1.449680820605077,3.684122548120576,-13.546976665357441,2.7681704994159513,4.824208287795578,-0.6764148486211804,-0.0017554934982868097,-0.004821416583336013,-0.7365029699529343,-0.10666529734386643,0.03312835910267788,-0.19663752140079327,0.0020799697040274623,0.00012358480034890817,-0.007313691594390548,2326,822000000,3.84,0,2,2,-13.83656145714509,4.851898803608433,4.762759105249715,-13.83656145714509,4.851898803608433,4.762759105249715,182.42267727851868
-14.29914059087924,1.449680820605077,3.684122548120576,-13.551193069466585,2.750626318204792,4.79286800727792,-0.6768572358097853,-0.0018197709800612852,-0.0048846410617012295,-0.7360958572408998,-0.10598214587179453,0.034176697690187455,-0.19672903172586076,0.00047209020692662307,-0.00021472037872172223,-0.007797801117703784,2326,976000000,3.93,0,2,2,-13.83656145714509,4.851898803608433,4.762759105249715,-13.840564548349322,4.837362441879388,4.732800864652548,182.63133192062378
-14.368893535892646,1.423536326822833,3.6178747020262687,-13.555061387771092,2.7353464381955215,4.765431412979796,-0.6772688034078324,-0.0018561348691030959,-0.004888325145109488,-0.7357170835118253,-0.10543473710831155,0.03514866539599128,-0.19666189853782468,0.00031239719362474716,-0.0003517041875511495,-0.008124061150738271,2327,120000000,4.03,0,2,2,-13.83656145714509,4.851898803608433,4.762759105249715,-13.844837477564534,4.81779126824743,4.699141347953022,182.81656002998352
-14.368893535892646,1.423536326822833,3.6178747020262687,-13.559661773101187,2.717975312356458,4.7341246339632646,-0.6777491597371876,-0.00190390123323025,-0.004893411724874653,-0.7352744427472784,-0.10478686739912668,0.03603402341265392,-0.19614436521260414,0.0005129688702254498,-0.0003437575600173659,-0.008147625885612797,2327,270000000,4.12,0,2,2,-13.848409961452427,4.798683988586398,4.670088795866435,-13.848409961452427,4.798683988586398,4.670088795866435,183.0073277950287
-14.44137883771317,1.3971086257532077,3.554410272345218,-13.563823857021488,2.702861054919546,4.706791756530002,-0.678167267954122,-0.002025696325911738,-0.005000226987116698,-0.7348877812020789,-0.10416189467189385,0.036728499926593425,-0.19597754925838506,0.003312095668661641,-3.385929545629551e-05,-0.008122261624521343,2327,418000000,4.22,0,2,2,-13.848409961452427,4.798683988586398,4.670088795866435,-13.852470479994935,4.775584769691267,4.637127654875156,183.1892125606537
-14.44137883771317,1.3971086257532077,3.554410272345218,-13.568112758545881,2.68783578521115,4.679481187722497,-0.6785786581045293,-0.0021683946376032733,-0.005160008494327779,-0.7345064173593653,-0.10346869651458948,0.03734251356613779,-0.19568809397245374,0.0028059442911398946,0.00017884858323213848,-0.007840204307285603,2327,570000000,4.31,0,2,2,-13.848409961452427,4.798683988586398,4.670088795866435,-13.856245853929739,4.755926042343893,4.608255105189991,183.37760305404663
-14.44137883771317,1.3971086257532077,3.554410272345218,-13.573161572513227,2.6707778366255597,4.648319549518381,-0.6790368193308142,-0.00234078595096932,-0.005372044080487354,-0.7340808265147784,-0.10271734173593139,0.03805391298807009,-0.19559847910960174,0.0038660384689137572,0.0003361972915172373,-0.007897024443082046,2327,714000000,4.4,0,2,2,-13.848409961452427,4.798683988586398,4.670088795866435,-13.860332572429838,4.737391993770824,4.579215505323105,183.55781388282776
-14.516477728939526,1.370300189070615,3.493857067992777,-13.578378986850247,2.6538333819762014,4.617163402853774,-0.6795046132626146,-0.0025118624830090504,-0.0055973190511950715,-0.7336455827721791,-0.10194216217005607,0.03884761585132038,-0.19550513604916547,0.0032264640140056144,0.00042165574996033683,-0.008033209633140359,2327,865000000,4.5,0,2,2,-13.865564457699163,4.71841245338215,4.545573931936081,-13.865564457699163,4.71841245338215,4.545573931936081,183.7522156238556
-14.516477728939526,1.370300189070615,3.493857067992777,-13.583085824500346,2.639108177745487,4.589947440964425,-0.6799113375945169,-0.0026358377998643287,-0.005773504689800933,-0.7332668627540211,-0.10120382145106836,0.03950124183642994,-0.19501118734569592,0.002873145467674476,0.0004913786824545241,-0.007789804840285797,2328,26000000,4.62,0,2,2,-13.865564457699163,4.71841245338215,4.545573931936081,-13.871374279814157,4.701723047781675,4.511435468643648,183.9334897994995
-14.516477728939526,1.370300189070615,3.493857067992777,-13.588632094980253,2.6223900956440276,4.558932388368401,-0.6803752334402491,-0.0027316635775543816,-0.005913795517597027,-0.732834979212784,-0.10053925671568305,0.040549889152661715,-0.19461289781767613,0.0014914659004716668,0.00016415067136676953,-0.008214563877118053,2328,176000000,4.73,0,2,2,-13.876794412758517,4.688108800156494,4.481426472985688,-13.876794412758517,4.688108800156494,4.481426472985688,184.11535906791687
-14.594063984779455,1.3430159396806216,3.436337035063941,-13.593664396446941,2.607829595667162,4.531845662582882,-0.6808073038502428,-0.002801459136789684,-0.005986587370525484,-0.7324327461429637,-0.10008989977689828,0.041509807080644126,-0.19417878060456872,0.00137127200332543,-6.0810834412450276e-05,-0.008577937387599377,2328,325000000,4.85,0,2,2,-13.883196714541306,4.672521751902665,4.447375957296764,-13.883196714541306,4.672521751902665,4.447375957296764,184.30169582366943
-14.594063984779455,1.3430159396806216,3.436337035063941,-13.59959549292283,2.5912664346789316,4.500999208357765,-0.6813128530440503,-0.0028820406920583874,-0.006055889230163453,-0.7319616221661197,-0.09948496945678945,0.042392859116329513,-0.19325897843269,0.001239661742147291,-8.52156205155552e-05,-0.00862488259372185,2328,472000000,4.95,0,2,2,-13.883196714541306,4.672521751902665,4.447375957296764,-13.88896604950006,4.658903917436471,4.417827397582864,184.48775100708008
-14.594063984779455,1.3430159396806216,3.436337035063941,-13.604926589767233,2.5768587598346597,4.474129496727931,-0.681750270984089,-0.003008505635515734,-0.0061877559765467095,-0.7315526150475691,-0.09890034813887036,0.043161555182488105,-0.19267251513419367,0.0034183587558800355,0.0001470876625830897,-0.0084588326899393,2328,618000000,5.07,0,2,2,-13.883196714541306,4.672521751902665,4.447375957296764,-13.895506945124918,4.641912656700937,4.384509212322731,184.66829347610474
-14.674004208715575,1.3151635588544948,3.3819660112501038,-13.611184359201198,2.5604984662400105,4.443519712396338,-0.6822361906809935,-0.003184026215161887,-0.006401169168129601,-0.7310968931239068,-0.09811157275547534,0.04389059266449864,-0.19194001722775825,0.0033627008633629885,0.00036362109483434324,-0.008180035001714714,2328,767000000,5.17,0,2,2,-13.883196714541306,4.672521751902665,4.447375957296764,-13.901183239687379,4.62594205548519,4.355750412005039,184.85300135612488
-14.674004208715575,1.3151635588544948,3.3819660112501038,-13.61758603695535,2.544269221811211,4.413074666050056,-0.6827037418157456,-0.003328007745784213,-0.006596955387223288,-0.7306579264299009,-0.0972913969709284,0.04443733706747005,-0.190691284128617,0.002742129890975775,0.00043097992090679327,-0.007857208856876241,2328,921000000,5.28,0,2,2,-13.883196714541306,4.672521751902665,4.447375957296764,-13.907736674594783,4.607187835767485,4.323202768038507,185.04378271102905
-14.756158136970098,1.2866537833567335,3.330853492557395,-13.623309128040725,2.5301631138682197,4.3865881726350215,-0.6831158628012153,-0.0034270749548273045,-0.006729109932407235,-0.7302709717811071,-0.09676513183822491,0.04524223145740329,-0.18996675652583606,0.002094271644637047,0.00018557654755113617,-0.008343528952536872,2329,78000000,5.39,0,2,2,-13.883196714541306,4.672521751902665,4.447375957296764,-13.914502901072868,4.588599096417258,4.290794496022656,185.22042560577393
-14.756158136970098,1.2866537833567335,3.330853492557395,-13.629183171767705,2.51612416275727,4.360203898155028,-0.6835523448627877,-0.0035156850493436205,-0.006828127616893363,-0.7298610884712692,-0.09624112251459721,0.046152332240740765,-0.18912866225393485,0.0017131068489106838,6.099678877546921e-05,-0.008689512196724536,2329,218000000,5.49,0,2,2,-13.883196714541306,4.672521751902665,4.447375957296764,-13.920741244301947,4.57349692891803,4.262360225202483,185.40361952781677
-14.756158136970098,1.2866537833567335,3.330853492557395,-13.636105565295072,2.5001593851206043,4.330197876179359,-0.6840817195359827,-0.003594108659714859,-0.006898277028351264,-0.7293638989925915,-0.09579289946749321,0.047513579063049316,-0.1883141579199668,0.001033906778502569,-0.00016527245207953456,-0.009522204436507309,2329,373000000,5.59,0,2,2,-13.927336538823385,4.559774017805171,4.233758255464848,-13.927336538823385,4.559774017805171,4.233758255464848,185.58891558647156
-14.840378961010297,1.2574006916957472,3.283102412796267,-13.6423748158763,2.4862391640759367,4.304051079787283,-0.6845790912044145,-0.0036590852155946223,-0.0069359817084366894,-0.7288964063149597,-0.09544851700761944,0.048722871063297785,-0.18750921866813874,0.000986417694548436,-0.00028111655296925164,-0.009865759056992829,2329,524000000,5.73,0,2,2,-13.927336538823385,4.559774017805171,4.233758255464848,-13.935424318904255,4.546040583010745,4.200712943879642,185.77064156532288
-14.840378961010297,1.2574006916957472,3.283102412796267,-13.6497595609719,2.470391729878497,4.27433509008644,-0.6851553666488053,-0.003728449721562464,-0.006966461488010223,-0.7283540970086946,-0.09503154655350556,0.04987815169853465,-0.18627259730248397,0.0007450193322711129,-0.0002906844542849285,-0.009862118986347923,2329,671000000,5.85,0,2,2,-13.927336538823385,4.559774017805171,4.233758255464848,-13.942958868515488,4.535596154241734,4.171483005772937,185.9583384990692
-14.840378961010297,1.2574006916957472,3.283102412796267,-13.656385600926205,2.456590497678081,4.248493900836571,-0.6856467691483588,-0.0038668412787966865,-0.0070930359354521525,-0.7278895825165792,-0.09453298757308083,0.05072091942870792,-0.1854082849574696,0.0038614561162830796,8.905333501729729e-05,-0.009391272487846436,2329,823000000,6.01,0,2,2,-13.927336538823385,4.559774017805171,4.233758255464848,-13.95212230958575,4.525244846943122,4.137651713001745,186.14363360404968
-14.926513667287587,1.2273219786613712,3.2388089362865244,-13.664130555866501,2.4409168600131386,4.219110982089708,-0.686179542454294,-0.004059656745924979,-0.007323707596041455,-0.7273840237531812,-0.09384062329346982,0.05153528510634592,-0.1843211030660607,0.0035751573705056217,0.000461985064248438,-0.009026407860801555,2329,973000000,6.15,0,2,2,-13.927336538823385,4.559774017805171,4.233758255464848,-13.960603314922349,4.517421755440479,4.107655802198512,186.33017086982727
-14.926513667287587,1.2273219786613712,3.2388089362865244,-13.672039491749214,2.4253642189843725,4.189941601268725,-0.686690045359343,-0.004208970575715676,-0.007537109891098287,-0.7268990701229199,-0.09305958440618363,0.0522556074866101,-0.18287372256434414,0.0029253717002575286,0.0005877976150259201,-0.00855103762660292,2330,122000000,6.32,0,2,2,-13.927336538823385,4.559774017805171,4.233758255464848,-13.97041500658791,4.507495349923112,4.0735964761893415,186.51936101913452
-15.014403393356975,1.1963392173488867,3.1980622641951637,-13.679107005677823,2.411846713659468,4.1646104530340615,-0.6871357266430275,-0.004289179013121339,-0.007658331367574641,-0.7264760464563277,-0.0925976034009516,0.053281281886979545,-0.18175383770016104,0.0015581015532006859,0.00025048176155451074,-0.009093033895624103,2330,279000000,6.47,0,2,2,-13.927336538823385,4.559774017805171,4.233758255464848,-13.979940834864593,4.494076510512614,4.040544640967709,186.70339679718018
-15.014403393356975,1.1963392173488867,3.1980622641951637,-13.687395515736162,2.3964635282212647,4.1358589950884,-0.6876792715259381,-0.004369802606873361,-0.007745600526859658,-0.725960143541786,-0.09220177546101753,0.05443275534570148,-0.1803738311224194,0.0013894066455577558,-6.336151125996281e-06,-0.009545981083647348,2330,435000000,6.59,0,2,2,-13.988015806945404,4.479609866652235,4.012490197422205,-13.988015806945404,4.479609866652235,4.012490197422205,186.88868618011475
-15.014403393356975,1.1963392173488867,3.1980622641951637,-13.694829875621142,2.383048098225403,4.110886521424738,-0.6881815337947034,-0.004430357640311394,-0.007787682957322882,-0.7254832185993721,-0.09200930359607311,0.055646348490326014,-0.17924836364319502,0.0007512444881285774,-0.0002501229914741998,-0.010305053092451999,2330,577000000,6.73,0,2,2,-13.988015806945404,4.479609866652235,4.012490197422205,-13.996934582001765,4.460277472298209,3.9813597731505252,187.07551956176758
-15.103883799479043,1.1643781079072553,3.1609444548970993,-13.703569551200154,2.367746439708993,4.08254634291325,-0.6887955251467293,-0.004496980330598759,-0.007807498656185129,-0.724899679038749,-0.09181949741603154,0.05706075682760201,-0.17785204117417536,0.0007158175321819726,-0.00039771221622686426,-0.01073593430191977,2330,732000000,6.85,0,2,2,-14.004496523890746,4.441220430710623,3.9548924346410055,-14.004496523890746,4.441220430710623,3.9548924346410055,187.26071333885193
-15.103883799479043,1.1643781079072553,3.1609444548970993,-13.712542812299317,2.352486991486994,4.054457186481723,-0.689418701646169,-0.004558973570579435,-0.007814740800417172,-0.7243065645199658,-0.0915784485745743,0.0582226461424488,-0.17616648280735236,0.0004936177958825283,-0.00039568761849295697,-0.010730899884947576,2330,885000000,6.98,0,2,2,-14.004496523890746,4.441220430710623,3.9548924346410055,-14.01297218756515,4.417328968342529,3.925422112286734,187.44910168647766
-15.103883799479043,1.1643781079072553,3.1609444548970993,-13.721724262421814,2.3372892737224285,4.026627206246234,-0.6900237015490963,-0.0047275147091344555,-0.00797053249406839,-0.723727443528929,-0.09114693919324063,0.059328333750958716,-0.17478031432195307,0.003752799125322781,0.00022923273803598931,-0.01017924250845681,2331,48000000,7.11,0,2,2,-14.004496523890746,4.441220430710623,3.9548924346410055,-14.021464191095307,4.39243073417436,3.896533227303238,187.63453698158264
-15.194785454764899,1.131368712289839,3.1275302587205274,-13.729924787354022,2.3240602541532516,4.002461577198565,-0.6905329775660516,-0.004884259808381105,-0.008164273195173622,-0.7232383393758115,-0.09070727887705882,0.06012492946166485,-0.1735044417215904,0.0033273700182689936,0.0004679710400523618,-0.010047720570582896,2331,197000000,7.23,0,2,2,-14.004496523890746,4.441220430710623,3.9548924346410055,-14.030162342700478,4.36777374082548,3.867959199539196,187.82064938545227
-15.194785454764899,1.131368712289839,3.1275302587205274,-13.73825633106768,2.3109023600702088,3.9784993479074537,-0.6910342999430703,-0.005013639699987229,-0.008343720490955369,-0.7227564195823639,-0.09020090318643222,0.060813642127744136,-0.1719467743253166,0.00292555455416732,0.000577637138121645,-0.009749928449309664,2331,345000000,7.33,0,2,2,-14.004496523890746,4.441220430710623,3.9548924346410055,-14.038165864603068,4.347795175090915,3.842912507656947,188.00599098205566
-15.286934236885259,1.0972456743280026,3.097886967409693,-13.747938966727448,2.2959500057750732,3.9513903165203237,-0.691599008401172,-0.0051390158195786205,-0.008526110200761796,-0.7222130624267094,-0.08980575461355522,0.061815948500851856,-0.17029157980083912,0.002536526267249428,0.00046121364789541985,-0.009967731330107199,2331,496000000,7.44,0,2,2,-14.004496523890746,4.441220430710623,3.9548924346410055,-14.046644446485674,4.329657166088691,3.8176735565582676,188.18833804130554
-15.286934236885259,1.0972456743280026,3.097886967409693,-13.75782695154653,2.2810627756759487,3.9245484447851826,-0.6921785734470608,-0.00525479042815371,-0.00867920693365843,-0.7216549598009775,-0.08937089480950491,0.06288735611742538,-0.16859995415220694,0.0022120380208434653,0.00030767741634463164,-0.010060851946036564,2331,651000000,7.58,0,2,2,-14.057030047127508,4.3114966067598335,3.7884330392489307,-14.057030047127508,4.3114966067598335,3.7884330392489307,188.38582468032837
-15.286934236885259,1.0972456743280026,3.097886967409693,-13.766663802150754,2.2680917288451217,3.9012903744713685,-0.6926989881718001,-0.005340970590506511,-0.008779710119284682,-0.7211535914832129,-0.08919588693143875,0.06419198297978912,-0.16717916323278142,0.001633383726584725,0.0001128011270168372,-0.010659622876119101,2331,812000000,7.73,0,2,2,-14.057030047127508,4.3114966067598335,3.7884330392489307,-14.068131939909906,4.2958070933210255,3.758764166039671,188.5745027065277
-15.380151744327637,1.0619484244926003,3.0720742786082944,-13.777020008514667,2.2532927389673856,3.874960406834612,-0.6933270759713965,-0.0054323378528600644,-0.008865318565736177,-0.7205480286262211,-0.08906868910112312,0.06561199025571493,-0.16548498351244673,0.0014565723517989682,-3.2596546972740725e-05,-0.011012401137122652,2331,957000000,7.97,0,2,2,-14.057030047127508,4.3114966067598335,3.7884330392489307,-14.07994833451632,4.282156984629046,3.728701785383639,188.7578468322754
-15.380151744327637,1.0619484244926003,3.0720742786082944,-13.78626994438347,2.2403795453161948,3.8521668562913214,-0.6938819535563321,-0.005503942813087829,-0.00892246039270366,-0.7200124518665625,-0.0888063322806067,0.06660263734625001,-0.16376342693481513,0.0011249980275351845,-6.68815829385494e-05,-0.01097453114198288,2332,105000000,8.04,0,2,2,-14.057030047127508,4.3114966067598335,3.7884330392489307,-14.090630019941472,4.270891930686895,3.702642989455461,188.94343662261963
-15.380151744327637,1.0619484244926003,3.0720742786082944,-13.797033259290114,2.2256802072200528,3.8264171391849566,-0.6945036330676734,-0.005640667569888745,-0.009058013275538505,-0.7194100631216306,-0.08857468777395396,0.06776143835257809,-0.16191853826486896,0.003264257293267292,0.00024730431107400364,-0.01060906179191079,2332,254000000,8.19,0,2,2,-14.057030047127508,4.3114966067598335,3.7884330392489307,-14.101555234765604,4.260110791492412,3.676952879976933,189.12322759628296
-15.474255720151977,1.0254213687541995,3.050144175636353,-13.806622707173462,2.212857202283347,3.8041342557858444,-0.6950300019851006,-0.005783566687191859,-0.009231328741185622,-0.7188982050795774,-0.08833187484770127,0.06859694408858955,-0.16021922251643814,0.0030658598006994,0.00043795633359877684,-0.010392343119747238,2332,401000000,8.35,0,2,2,-14.057030047127508,4.3114966067598335,3.7884330392489307,-14.114312437010959,4.248383675526019,3.6480154668444906,189.308664560318
-15.474255720151977,1.0254213687541995,3.050144175636353,-13.817737184543782,2.198267517034008,3.7789896502768348,-0.6956154091594746,-0.005915232751636788,-0.00940955715986722,-0.7183283878529692,-0.08792475448341491,0.06938590904981794,-0.15802082636656284,0.0024516014264008845,0.0004927120357933745,-0.009979865990317194,2332,553000000,8.48,0,2,2,-14.057030047127508,4.3114966067598335,3.7884330392489307,-14.125638924134353,4.238291658128785,3.6230892362445046,189.49402904510498
-15.474255720151977,1.0254213687541995,3.050144175636353,-13.829032542642624,2.1837345557729915,3.754204929617892,-0.6962044700714957,-0.006001866144109264,-0.00952924608634139,-0.7177551859264283,-0.08788874097180485,0.07063296744388703,-0.15591475290210918,0.0014199788438418182,0.0002354174085894556,-0.010723349623731337,2332,709000000,8.63,0,2,2,-14.057030047127508,4.3114966067598335,3.7884330392489307,-14.138379333373551,4.224675197296785,3.595460838195433,189.6757357120514
-15.569060486163298,0.9876140610008809,3.0321408228027416,-13.839105929227877,2.1710270215652354,3.732800493296897,-0.6967545013839773,-0.006058459920528149,-0.009584797860240989,-0.7172200439994232,-0.08782257819057758,0.071678665719224,-0.15401378868888468,0.0009019672688737046,-3.274636810601805e-05,-0.01108387559725088,2332,861000000,8.77,0,2,2,-14.150856839302737,4.208797151423268,3.5687871361750294,-14.150856839302737,4.208797151423268,3.5687871361750294,189.85791683197021
-15.569060486163298,0.9876140610008809,3.0321408228027416,-13.850797527438232,2.156542455091151,3.7086842320370788,-0.6973915145193046,-0.006111398330462578,-0.0096166069890289,-0.7165997817170582,-0.08764766421588124,0.072628943178371,-0.15164308546960273,0.0005880444007289043,-5.906484688011915e-05,-0.011086591985076666,2333,14000000,8.89,0,2,2,-14.161550145815802,4.192823380018821,3.546277707863425,-14.161550145815802,4.192823380018821,3.546277707863425,190.0465497970581
-15.664377386391834,0.9484813585216545,3.018100476464131,-13.862685714072391,2.142086038428529,3.684954156203717,-0.6980547132017406,-0.006141042407417711,-0.009612701735212862,-0.715953560603155,-0.08778047103724185,0.07403485407714937,-0.14931842897289388,-9.992259819568972e-06,-0.0003093382844099324,-0.012212572164571611,2333,164000000,9.02,0,2,2,-14.173586342552811,4.17260378752113,3.5214266812032093,-14.173586342552811,4.17260378752113,3.5214266812032093,190.24295568466187
-15.664377386391834,0.9484813585216545,3.018100476464131,-13.873295086434144,2.1294334604631575,3.6645011337656475,-0.6986833391515489,-0.006154732910491848,-0.009578521810577348,-0.7153404523545178,-0.08781838868091571,0.07520310344625003,-0.14721474539657356,-0.00035215672085087135,-0.00033892479507358075,-0.012743299976136768,2333,321000000,9.15,0,2,2,-14.173586342552811,4.17260378752113,3.5214266812032093,-14.185607009899352,4.1514212837796505,3.4972868969615303,190.4243836402893
-15.664377386391834,0.9484813585216545,3.018100476464131,-13.885623122972268,2.114999899299188,3.6414819013621558,-0.6993857648696752,-0.006303807415796886,-0.009710491842244996,-0.7146506281099215,-0.08774039312338353,0.07631505591454124,-0.14499268101868373,0.004234753987475415,0.00035995374503272615,-0.0115715339234157,2333,473000000,9.28,0,2,2,-14.19639837003045,4.133423236021822,3.4764579037942407,-14.19639837003045,4.133423236021822,3.4764579037942407,190.60751390457153
-15.76001523874531,0.9079835601142272,3.0080514120095225,-13.89814134675347,2.1006080723606155,3.6188248448767153,-0.7000112181273799,-0.00649942254955882,-0.00996245504453901,-0.7140327734017742,-0.0875603024482388,0.0771894896637616,-0.14275459227122456,0.0036554791677190224,0.0006981151784657413,-0.010541046594880754,2333,630000000,9.42,0,2,2,-14.19639837003045,4.133423236021822,3.4764579037942407,-14.209137144901737,4.114083773061475,3.4528255393156244,190.79532980918884
-15.76001523874531,0.9079835601142272,3.0080514120095225,-13.910817042284394,2.0862732663067867,3.596549139054982,-0.7005875964978718,-0.006639090250937709,-0.010178154729854316,-0.7134629263530587,-0.08724908532689027,0.07794986687731514,-0.14038397858071577,0.0027615236831479706,0.0007989002938302292,-0.00975539014689275,2333,786000000,9.55,0,2,2,-14.19639837003045,4.133423236021822,3.4764579037942407,-14.22245875016925,4.097024474456737,3.429164547445082,190.98542737960815
-15.76001523874531,0.9079835601142272,3.0080514120095225,-13.922040149156198,2.073777717242217,3.5773790728964827,-0.701073153341727,-0.006752807169059763,-0.010364758387317388,-0.712982050995954,-0.08713499792217352,0.07883557819927717,-0.13832180202339028,0.0030935168751966557,0.0008532688070772565,-0.009854289874056121,2333,943000000,9.67,0,2,2,-14.19639837003045,4.133423236021822,3.4764579037942407,-14.236249652182094,4.081639733412427,3.4057395893343063,191.1703221797943
-15.85578079367589,0.8660865264278437,3.0020138669173706,-13.935040242195695,2.0595258909243443,3.555836977275262,-0.7016362321932371,-0.0068738513121278195,-0.010568156542563292,-0.7124237937555907,-0.08702410261291176,0.07975015681124341,-0.13590535495871606,0.002634947668411769,0.0007812735873358179,-0.009875426530925324,2334,93000000,9.77,0,2,2,-14.248679757955385,4.069538096227168,3.385463524929271,-14.248679757955385,4.069538096227168,3.385463524929271,191.35854625701904
-15.85578079367589,0.8660865264278437,3.0020138669173706,-13.948194113822476,2.045319631303296,3.534703506101156,-0.7021889804855063,-0.0069618571207174795,-0.010729221663941427,-0.7118757279417819,-0.08678562735778243,0.08052390272511294,-0.13336006476319773,0.0018727842984844756,0.0007320209249428444,-0.009525768746243557,2334,245000000,9.9,0,2,2,-14.263335819721068,4.0575327558811445,3.3624678228176537,-14.263335819721068,4.0575327558811445,3.3624678228176537,191.5583050251007
-15.951479198684485,0.8227617822048631,3.0,-13.963197768861145,2.029379230783433,3.5114326380818808,-0.7028316512210172,-0.007020114516442181,-0.010839852694428963,-0.711238979266236,-0.08688763987636286,0.08186203082489948,-0.13045794457151952,0.001030558723869035,0.00032865688126548775,-0.010643592850101413,2334,416000000,10.02,0,2,2,-14.278532616593651,4.047471472261562,3.3395606080173064,-14.278532616593651,4.047471472261562,3.3395606080173064,191.7462935447693
-15.951479198684485,0.8227617822048631,3.0,-13.975050576491485,2.016984322557755,3.493705124386833,-0.7033768932936089,-0.007051774375187974,-0.010879326669394552,-0.7106988523348079,-0.08691823384794971,0.08284625160372772,-0.12812727301374954,0.0005234166110312799,0.00013013004718231969,-0.011176183579664212,2334,579000000,10.17,0,2,2,-14.278532616593651,4.047471472261562,3.3395606080173064,-14.296245301056151,4.038238511951194,3.313859709415764,191.93428254127502
-15.951479198684485,0.8227617822048631,3.0,-13.988783437864427,2.0028326579438067,3.473846240392373,-0.7040054556899163,-0.007148351021441105,-0.010986658414869987,-0.7100735967302138,-0.08704010253803993,0.08404357258971783,-0.12554599345441037,0.0025107453893724596,0.0004001115200935601,-0.010821690557349939,2334,728000000,10.3,0,2,2,-14.31050266314585,4.032366342029413,3.293891582838248,-14.31050266314585,4.032366342029413,3.293891582838248,192.12408089637756
-16.04691446746932,0.7779866001387802,3.0020138669173706,-14.004475965282966,1.9869174856469118,3.4520139994847443,-0.704677506871322,-0.0072732013419867245,-0.011156598547635423,-0.7094027362230171,-0.087123618083916,0.08519863876580727,-0.12259501770023887,0.0020866166096311645,0.0005049608830631769,-0.010323748756491113,2334,884000000,10.45,0,2,2,-14.31050266314585,4.032366342029413,3.293891582838248,-14.32729428689131,4.026864674990981,3.2710819157353,192.35062074661255
-16.04691446746932,0.7779866001387802,3.0020138669173706,-14.018603506340932,1.9727983112602205,3.4330689876106657,-0.7052442936529695,-0.007335933226178846,-0.011261936166590741,-0.708836962317432,-0.08701912140778978,0.08607597562848854,-0.11993837484211485,0.0012321878557486343,0.00048406181463178655,-0.009763584876054665,2335,66000000,10.62,0,2,2,-14.34681895099578,4.021929453543689,3.2454374720726404,-14.34681895099578,4.021929453543689,3.2454374720726404,192.53775191307068
-16.141889952512262,0.7317440661210041,3.008051412009522,-14.031106584810022,1.9604641379782133,3.41684625022142,-0.7057281905776889,-0.007409184823314765,-0.011371459586859176,-0.7083526769279971,-0.08714437055798116,0.0871007083233127,-0.11758788679245138,0.0020877246470263344,0.0005090438435217948,-0.00985011356533505,2335,222000000,10.77,0,2,2,-14.364045099701743,4.015286466301512,3.223507478808604,-14.364045099701743,4.015286466301512,3.223507478808604,192.7212359905243
-16.141889952512262,0.7317440661210041,3.008051412009522,-14.045582332771815,1.9463655979549417,3.3987236736500983,-0.7062898982010165,-0.0074839963539231995,-0.011491855956506172,-0.7077898747117303,-0.08723267938260995,0.08810205054442857,-0.11483304552440912,0.0013993901120556984,0.0005609078641555243,-0.009983027757698437,2335,370000000,10.9,0,2,2,-14.378675112834745,4.006189156314332,3.2054206545620643,-14.378675112834745,4.006189156314332,3.2054206545620643,192.91112613677979
-16.141889952512262,0.7317440661210041,3.008051412009522,-14.0602407332065,1.932268256612454,3.3810603008264737,-0.7068651992813734,-0.007560204822891558,-0.011614429814393454,-0.7072125128757455,-0.08751149191090597,0.08931548699340625,-0.11198678146154199,0.0018367221628068364,0.0005197388759370369,-0.010393012234999333,2335,517000000,11.03,0,2,2,-14.378675112834745,4.006189156314332,3.2054206545620643,-14.394905220663462,3.9922853863156953,3.1860085011682218,193.10961055755615
-16.236208819886585,0.684023125704271,3.0181004764641304,-14.075111671416707,1.9181532183779033,3.3638664257506874,-0.7074510257597598,-0.0076289492795670304,-0.011722994416493578,-0.706623957056555,-0.08769633047283676,0.09047083924930037,-0.109127351722866,0.001352799358755874,0.0004652346376587957,-0.010301125439582393,2335,682000000,11.16,0,2,2,-14.378675112834745,4.006189156314332,3.2054206545620643,-14.410652170582802,3.975115133355764,3.167871979092409,193.29242968559265
-16.236208819886585,0.684023125704271,3.0181004764641304,-14.088272661206895,1.9058079571022364,3.349205377180328,-0.7079547732040328,-0.007665776261134754,-0.01178701738993151,-0.7061177955504239,-0.08776172767635643,0.0912891402821042,-0.10658186319440585,0.0007730813592843333,0.00036798254541281494,-0.01009264005915611,2335,837000000,11.28,0,2,2,-14.378675112834745,4.006189156314332,3.2054206545620643,-14.426022816154733,3.955146916241691,3.1509132964955993,193.4827868938446
-16.236208819886585,0.684023125704271,3.0181004764641304,-14.103477606262262,1.8917013226147368,3.332900795465078,-0.7085356762257295,-0.007700940371286396,-0.011843678094545175,-0.7055335699468444,-0.08804670394212115,0.09247425236490536,-0.10355890591683037,0.0007627102604601532,0.0003169863020957564,-0.0106157149275532,2335,991000000,11.38,0,2,2,-14.378675112834745,4.006189156314332,3.2054206545620643,-14.439259196095296,3.9357444683225014,3.1369527508383497,193.66403532028198
-16.32967452506349,0.6348186116661373,3.032140822802741,-14.118886003692047,1.8775714485964943,3.317092105478778,-0.7091438543786414,-0.007725116645061925,-0.011885216797569036,-0.7049213133332678,-0.08832745598791591,0.09355518029624021,-0.10052388410573514,0.00040649745471910137,0.00029303431858807016,-0.010855029177037068,2336,147000000,11.49,0,2,2,-14.378675112834745,4.006189156314332,3.2054206545620643,-14.454203644303634,3.9118110603507352,3.1218851746461875,193.84673953056335
-16.32967452506349,0.6348186116661373,3.032140822802741,-14.132503666283553,1.8652031259854225,3.303660441811675,-0.7096782495346305,-0.007733516513737056,-0.011902105421597892,-0.7043829318959449,-0.0884755027113422,0.09429333557116201,-0.09789110687637306,0.00010388929467808339,0.00017453112235443768,-0.010786159054987365,2336,300000000,11.6,0,2,2,-14.378675112834745,4.006189156314332,3.2054206545620643,-14.469080917266421,3.8864626119958436,3.1076792627105787,194.03571367263794
-16.42209128849096,0.5841312526123713,3.0501441756363525,-14.148219874730001,1.8510577645233839,3.2887704457956235,-0.7103102483396747,-0.007723011996711834,-0.011884892915685983,-0.7037460163366546,-0.0888980123703138,0.09545579613656677,-0.09478999078026723,-0.0005239024858383345,2.852380429629875e-05,-0.01184173079309403,2336,450000000,11.7,0,2,2,-14.378675112834745,4.006189156314332,3.2054206545620643,-14.482142731952564,3.8635972388104998,3.0958642432928247,194.21697902679443
-16.42209128849096,0.5841312526123713,3.0501441756363525,-14.162143864513828,1.8386420719372079,3.276156699734108,-0.7109141733329709,-0.007701179380993692,-0.011846665174487911,-0.7031368191999932,-0.08933534338856873,0.09647746289370072,-0.09205451011246066,-0.0007147739552237908,-9.803136968855597e-06,-0.012540583884401713,2336,604000000,11.82,0,2,2,-14.378675112834745,4.006189156314332,3.2054206545620643,-14.497385453836229,3.8382829648727745,3.0828072077470874,194.40292048454285
-16.42209128849096,0.5841312526123713,3.0501441756363525,-14.178253390094296,1.8244038091133972,3.262220402415379,-0.7116533291724906,-0.007676629487140829,-0.011795008244561707,-0.7023898392046531,-0.0900073381535874,0.09784359616556784,-0.08879443638233675,-0.0007083412015163049,-0.0001280948609405641,-0.013846199726685882,2336,756000000,12.02,0,2,2,-14.378675112834745,4.006189156314332,3.2054206545620643,-14.513151016386827,3.8147693213190297,3.070042208390685,194.5868957042694
-16.513264569718935,0.5319676626161872,3.072074278608294,-14.194603159822492,1.8100915397888724,3.248813144297724,-0.712460228800181,-0.0076474999698371935,-0.011723998262330919,-0.7015728657715817,-0.09070841797659912,0.09915328718401295,-0.0855756720858059,-0.001049518471063493,-0.00021643044618713247,-0.014705538069392787,2336,905000000,12.07,0,2,2,-14.378675112834745,4.006189156314332,3.2054206545620643,-14.527521345365203,3.796369612328396,3.058972293176315,194.7802197933197
-16.513264569718935,0.5319676626161872,3.072074278608294,-14.21324033721179,1.793924685637366,3.2343461642075617,-0.7133987708243134,-0.007592905841753654,-0.011620761046157248,-0.7006207957803886,-0.09132409458586253,0.10030692660500111,-0.08196687369202113,-0.001340209144018445,-0.00015970223188332966,-0.014933674810890807,2337,61000000,12.22,0,2,2,-14.544627371421816,3.7780551756442557,3.046358487124868,-14.544627371421816,3.7780551756442557,3.046358487124868,195.00512957572937
-16.513264569718935,0.5319676626161872,3.072074278608294,-14.23214948472081,1.7776783896703183,3.220545893421221,-0.7143967659973174,-0.0075277495171687065,-0.011507891905454547,-0.6996057190615819,-0.0922714731927837,0.10190409266043166,-0.07823678029920092,-0.0014137530115476693,-0.0001913221822746891,-0.016489890367665794,2337,256000000,12.4,0,2,2,-14.544627371421816,3.7780551756442557,3.046358487124868,-14.564770452894109,3.7606394827916754,3.032195798218177,195.20324563980103
-16.603001538847433,0.47834031194557486,3.0978869674096927,-14.249195765107563,1.7631543851007279,3.208838133235357,-0.7153304180255227,-0.007461716017386854,-0.011394341257928963,-0.6986536229268439,-0.0930303336943671,0.10296076490709243,-0.07495719246464415,-0.0016678122960911423,-0.0002374258031068166,-0.016753722593421116,2337,424000000,12.6,0,2,2,-14.544627371421816,3.7780551756442557,3.046358487124868,-14.585849927299327,3.746133982917389,3.0180639749871756,195.40452575683594
-16.603001538847433,0.47834031194557486,3.0978869674096927,-14.264248431400306,1.7504021155797076,3.19901881609553,-0.7161527393542038,-0.007390360162501722,-0.011275219937538857,-0.6978133746980624,-0.09350574241200393,0.10360873303201053,-0.0721376815304622,-0.0020916016183036845,-0.00033065576587887335,-0.016846335893205833,2337,588000000,12.78,0,2,2,-14.544627371421816,3.7780551756442557,3.046358487124868,-14.605328630826847,3.735299086286046,3.0055508053062163,195.59247851371765
-16.69111154408141,0.42326747898706985,3.127530258720526,-14.283753362773563,1.7339805086402647,3.186971409823891,-0.7171509958072045,-0.007388384243350978,-0.011234976517457454,-0.6967880856427294,-0.09398386983734555,0.10440456487924019,-0.06849656542490622,0.0007000942787271924,0.00024966859228925387,-0.014537164952344028,2337,738000000,13.04,0,2,2,-14.62544566600421,3.7261180108723124,2.9931751743323223,-14.62544566600421,3.7261180108723124,2.9931751743323223,195.79541087150574
-16.69111154408141,0.42326747898706985,3.127530258720526,-14.301229098427411,1.719374478918671,3.1768200387993115,-0.7179095794862198,-0.00740308416375949,-0.011277101840790569,-0.6960056443742793,-0.0942449310293889,0.10499765871974145,-0.06527629367981583,0.0003168339333115,0.0005251974300790607,-0.012985953890165547,2337,902000000,13.17,0,2,2,-14.645913677408945,3.718516019685708,2.9811996143145567,-14.645913677408945,3.718516019685708,2.9811996143145567,196.00548768043518
-16.69111154408141,0.42326747898706985,3.127530258720526,-14.316630942356031,1.7065790785005364,3.168377910888695,-0.7185461280741681,-0.007398311411288065,-0.011308989650456274,-0.6953479945832652,-0.09476257419461068,0.1058245826419886,-0.06220405088999572,0.0001540492490903489,0.0005478561604377319,-0.01332836654910352,2338,66000000,13.33,0,2,2,-14.645913677408945,3.718516019685708,2.9811996143145567,-14.66670653052797,3.712318758293063,2.9696729901793466,196.20001006126404
-16.777406574185214,0.36677318353002347,3.1609444548970984,-14.334394118695892,1.691903470076043,3.159262410045017,-0.7192969950220678,-0.007374655322951058,-0.011322582134299382,-0.6945712681538898,-0.09533087431927224,0.10667988168752914,-0.058764104929990436,-0.0003585922911497619,0.0004548129282966329,-0.013565553399530472,2338,216000000,13.55,0,2,2,-14.687799629457114,3.7073405432017674,2.9585649057702703,-14.687799629457114,3.7073405432017674,2.9585649057702703,196.39248704910278
-16.777406574185214,0.36677318353002347,3.1609444548970984,-14.35229446870559,1.6771954529791668,3.1506869232411985,-0.7200495271602015,-0.007329309096521668,-0.011301473125686808,-0.6937919258464508,-0.09574348297340698,0.10731621224458683,-0.055487415488313194,-0.0007984995136212092,0.0003136729247898984,-0.013482875237968983,2338,372000000,13.62,0,2,2,-14.687799629457114,3.7073405432017674,2.9585649057702703,-14.706248960511692,3.7024653686207696,2.949409536236279,196.57782745361328
-16.861701714642972,0.308887101630705,3.1980622641951597,-14.37032701601868,1.6624624186877364,3.1426516060838336,-0.72077515324298,-0.007313535069712477,-0.011309273299726601,-0.6930380877049793,-0.09625776364858996,0.10818019028885165,-0.05196819652241701,0.00021194064032670212,0.000476517811875965,-0.012601857997651678,2338,530000000,13.77,0,2,2,-14.687799629457114,3.7073405432017674,2.9585649057702703,-14.72680407692693,3.6934131519805304,2.940081617824951,196.76598620414734
-16.861701714642972,0.308887101630705,3.1980622641951597,-14.386232050038721,1.6495442162678582,3.136089827385222,-0.7213727766551115,-0.007294766901216231,-0.011323542428974192,-0.6924159738651403,-0.0965874106750833,0.10881256228388572,-0.048928775648201764,-0.00029027626169408904,0.00048586787784188346,-0.012133028576499783,2338,688000000,13.92,0,2,2,-14.687799629457114,3.7073405432017674,2.9585649057702703,-14.746732263135101,3.6804169675111673,2.93202449115641,196.95627760887146
-16.861701714642972,0.308887101630705,3.1980622641951597,-14.404539697899148,1.6347557450695034,3.129118038963679,-0.7220375108667653,-0.007275021593405286,-0.011342077244610203,-0.6917226787130221,-0.09719152957688074,0.10975507326591265,-0.045336165256031624,0.00011956672949509084,0.000531115870217036,-0.011919917778868694,2338,832000000,14.04,0,2,2,-14.687799629457114,3.7073405432017674,2.9585649057702703,-14.763736369984118,3.6660946744024914,2.925996749284399,197.14593315124512
-16.943815596347115,0.24964446233012608,3.2388089362865236,-14.423020100605159,1.6199070468546817,3.1227284492662037,-0.7226952425116633,-0.007237789042389991,-0.011348802656923201,-0.6910357483799519,-0.09775246546830436,0.11059993000242951,-0.04184064299714242,-0.0005679070909536676,0.0005316888689321786,-0.0118649330943299,2338,995000000,14.17,0,2,2,-14.78273616399286,3.6468661899057313,2.9201720239804767,-14.78273616399286,3.6468661899057313,2.9201720239804767,197.33053278923035
-16.943815596347115,0.24964446233012608,3.2388089362865236,-14.439301556088271,1.6068855758416252,3.117584086032422,-0.723269544833829,-0.007182332933748427,-0.011328226850569672,-0.6904355515802446,-0.09814977217168695,0.11120037810002223,-0.03894728484031175,-0.0009842635108725517,0.00044412719546471635,-0.011868494675582042,2339,149000000,14.3,0,2,2,-14.80164663450252,3.626106969469871,2.9152635797069535,-14.80164663450252,3.626106969469871,2.9152635797069535,197.51927256584167
-17.023570835656578,0.18908592655329434,3.283102412796265,-14.458037093589777,1.5919660178902681,3.112213536064364,-0.7239483992779436,-0.007107684222044271,-0.011283884455499521,-0.6897252133708738,-0.098817905262272,0.11208418516847277,-0.03538097124900287,-0.0011912731565644208,0.0003832114714441559,-0.012932780737173744,2339,292000000,14.41,0,2,2,-14.80164663450252,3.626106969469871,2.9152635797069535,-14.818336338283249,3.6076674895719982,2.911540943240322,197.70852661132812
-17.023570835656578,0.18908592655329434,3.283102412796265,-14.476937914241692,1.5769790089279747,3.107435702731465,-0.7246944009571186,-0.007012803831611099,-0.011209143665741718,-0.6889435397056154,-0.09949103912808657,0.11289818022052614,-0.03170435946617199,-0.0017222465658051078,0.00023847973267265843,-0.013936647337686736,2339,449000000,14.55,0,2,2,-14.80164663450252,3.626106969469871,2.9152635797069535,-14.838064210092261,3.58847509724955,2.907545713184582,197.90918469429016
-17.023570835656578,0.18908592655329434,3.283102412796265,-14.49599078382587,1.5619243018597335,3.1032604937842425,-0.7254400654279124,-0.0069525149610901935,-0.011165488819413847,-0.6881596514378662,-0.10036987735034278,0.11377544239266504,-0.027798987827430417,-0.0006185077324971644,0.00037940505990263773,-0.012903176411782624,2339,609000000,14.71,0,2,2,-14.80164663450252,3.626106969469871,2.9152635797069535,-14.858637746425053,3.571679551550456,2.9037655745106963,198.09576225280762
-17.100794464688903,0.12725744857032972,3.330853492557394,-14.512794789273523,1.5486809970288902,3.1001177801064337,-0.7260377571752304,-0.0069037655360674795,-0.011143128071513226,-0.6875298858043669,-0.10100174984497445,0.1144994846775395,-0.024526603245153707,-0.0008660997536935611,0.0004123877289430311,-0.01199088255816605,2339,766000000,14.87,0,2,2,-14.80164663450252,3.626106969469871,2.9152635797069535,-14.88006788048825,3.557212373091715,2.9001766306903636,198.28189539909363
-17.100794464688903,0.12725744857032972,3.330853492557394,-14.532129104744063,1.533498429763286,3.097065469924431,-0.7266774430325597,-0.0068231948766759795,-0.01109387086869696,-0.6868553441798967,-0.10152858205404294,0.11516384932015822,-0.021064837132899087,-0.0014375105820363387,0.0003706453043150759,-0.011330316465318901,2339,911000000,15.02,0,2,2,-14.899349350157799,3.5459929609477694,2.897278418042663,-14.899349350157799,3.5459929609477694,2.897278418042663,198.47272539138794
-17.100794464688903,0.12725744857032972,3.330853492557394,-14.551594037388655,1.5182620477593027,3.094586113796387,-0.7273322172679744,-0.0067182410221206705,-0.0110153521314655,-0.6861642463572701,-0.10233254956382129,0.11597476418726949,-0.01724521568659198,-0.001780060244982451,0.00030358353342307964,-0.01269932226932724,2340,64000000,15.17,0,2,2,-14.899349350157799,3.5459929609477694,2.897278418042663,-14.921567359101513,3.5337455720758335,2.894554172714231,198.66089940071106
-17.17531835073539,0.06421012045168248,3.3819660112501024,-14.571205611487143,1.502942078401732,3.0927193528542753,-0.7280563471961331,-0.006608717099111433,-0.010917989626399368,-0.6853984809351749,-0.10309547803258631,0.1166485113110916,-0.013542529564896742,-0.0018946908880934643,0.00012926220875897343,-0.01346620119875297,2340,222000000,15.32,0,2,2,-14.899349350157799,3.5459929609477694,2.897278418042663,-14.943799417979976,3.5213752739532125,2.8925340466223974,198.85230350494385
-17.17531835073539,0.06421012045168248,3.3819660112501024,-14.58845681640088,1.4894931111048095,3.09155039418729,-0.7287114528979867,-0.006504907052841766,-0.010807154753976152,-0.6847046881726916,-0.10356359225243698,0.11700562785781363,-0.010538552185253208,-0.0023401846874548937,-5.877887545580052e-05,-0.013760173987975577,2340,377000000,15.48,0,2,2,-14.899349350157799,3.5459929609477694,2.897278418042663,-14.965817426944929,3.5076071997203915,2.8914133439544405,199.04578638076782
-17.246979603717467,1.0099637174326102e-15,3.4363370350639393,-14.610742660422316,1.4721502040231782,3.0906773930683764,-0.729541972213895,-0.006395118507481526,-0.010680248994479242,-0.6838227442246648,-0.10438463215418683,0.11758533052382229,-0.006382708087544389,-0.0016644760421513638,3.791366971483967e-05,-0.013050914822088089,2340,536000000,15.62,0,2,2,-14.899349350157799,3.5459929609477694,2.897278418042663,-14.984890015451066,3.4942822612295186,2.891161009967035,199.2351016998291
-17.246979603717467,1.0099637174326102e-15,3.4363370350639393,-14.62817358583014,1.4586061812407498,3.0905185460497666,-0.7301493513371557,-0.006305901397095086,-0.010585815653820673,-0.683176478559123,-0.10489454816503649,0.11803496954568063,-0.0031880201466714052,-0.0019664031015054206,2.0603748396297306e-05,-0.012375680125842337,2340,699000000,15.79,0,2,2,-14.899349350157799,3.5459929609477694,2.897278418042663,-15.009222296768819,3.4757886382466343,2.891731617195122,199.42260217666626
-17.246979603717467,1.0099637174326102e-15,3.4363370350639393,-14.64820443067213,1.443074939558464,3.0908965921970295,-0.7308361632766985,-0.006202320006335033,-0.010476188343317129,-0.6824443443617428,-0.10572268006745242,0.11873869663858305,0.000774512367566279,-0.0018975171542479075,5.753897696081367e-05,-0.012963711651536869,2340,854000000,15.92,0,2,2,-15.027947388257244,3.4600660094319124,2.8929229620796026,-15.027947388257244,3.4600660094319124,2.8929229620796026,199.60865950584412
-17.315620970633162,-0.06531207730972893,3.493857067992775,-14.663322674629741,1.4313662857976868,3.0916006598804686,-0.7313779698431061,-0.006113491489613007,-0.010386014309234306,-0.6818658380918868,-0.10638013205827405,0.11926109724672602,0.00370760421143956,-0.0023794744947736035,7.247755604566919e-05,-0.013393810240813764,2341,8000000,16.07,0,2,2,-15.027947388257244,3.4600660094319124,2.8929229620796026,-15.04916639874442,3.440774572658868,2.895078246189065,199.80331087112427
-17.315620970633162,-0.06531207730972893,3.493857067992775,-14.68358999597978,1.4156906429163219,3.093059196506155,-0.7321190532317668,-0.0059785424201578875,-0.010245795132684546,-0.6810733973718622,-0.10707499305939898,0.11975795453299123,0.007295388380929979,-0.0026065963766086497,-6.812818966750456e-05,-0.013695192137674894,2341,132000000,16.19,0,2,2,-15.065216959648465,3.426592830827349,2.8970714647291,-15.065216959648465,3.426592830827349,2.8970714647291,199.9917676448822
-17.315620970633162,-0.06531207730972893,3.493857067992775,-14.703957705099457,1.3999500849450799,3.09509831584102,-0.7328387937022645,-0.0058595943515395,-0.010110417973300633,-0.6803019528470062,-0.10796274467799487,0.12024074032537017,0.011180597394767313,-0.002095583954542235,-5.4869206067564846e-05,-0.012534481720649637,2341,287000000,16.34,0,2,2,-15.086796819241462,3.4080734354225766,2.900259299560391,-15.086796819241462,3.4080734354225766,2.900259299560391,200.1778712272644
-17.381091215977307,-0.131660701802711,3.554410272345216,-14.724433045461803,1.3841209103371046,3.097761588497277,-0.7334889814617929,-0.005739476498255901,-0.009975983436025633,-0.6796038936308058,-0.10870342899426488,0.12071441109873382,0.015015969631546819,-0.0023444979433406843,-0.0001153145994692295,-0.011468328557384666,2341,445000000,16.49,0,2,2,-15.108597489447058,3.390093226493574,2.9040641346817337,-15.108597489447058,3.390093226493574,2.9040641346817337,200.37676239013672
-17.381091215977307,-0.131660701802711,3.554410272345216,-14.744993857421429,1.368233647246742,3.1009991989002526,-0.7340887441349219,-0.005604186058258418,-0.009815763187210983,-0.6789594683234706,-0.10929894413808032,0.12098503153719184,0.018423542754612093,-0.002713687740651949,-0.00028302674763835967,-0.010652041055436712,2341,604000000,16.63,0,2,2,-15.13085390585852,3.3738060496438522,2.908303805055728,-15.13085390585852,3.3738060496438522,2.908303805055728,200.5635802745819
-17.443245487155217,-0.19897610786469808,3.617874702026267,-14.765635261990978,1.3522746485137782,3.1047965420058565,-0.7346647624416646,-0.0054662231421398885,-0.00964669717673567,-0.6783396999031336,-0.11019357707350741,0.12147820093806039,0.02224778245691706,-0.002708190118028142,-0.00023602656398225008,-0.010626595030771568,2341,764000000,16.77,0,2,2,-15.13085390585852,3.3738060496438522,2.908303805055728,-15.153699120577711,3.3595373686365555,2.9129714543355587,200.75776720046997
-17.443245487155217,-0.19897610786469808,3.617874702026267,-14.786381551661021,1.336217496225499,3.1091940360179944,-0.7352402811321426,-0.005322457931398436,-0.009469335244514297,-0.6777195084489771,-0.11099796789042063,0.12188988338241331,0.02586520655089909,-0.0028713636311294977,-0.00037894460547249764,-0.010535887759033358,2341,925000000,16.9,0,2,2,-15.177165268688336,3.347203066003211,2.91810368486558,-15.177165268688336,3.347203066003211,2.91810368486558,200.95077252388
-17.443245487155217,-0.19897610786469808,3.617874702026267,-14.804611918896933,1.3220939333098878,3.113529035697885,-0.7357396465153111,-0.0052027642968787285,-0.009315944565222032,-0.6771804168506749,-0.11181793189699125,0.12230794484402441,0.029448285274819526,-0.0027077506956629804,-0.00028725329457301996,-0.010498880146769807,2342,77000000,17.04,0,2,2,-15.201117935154251,3.3361375088471856,2.923804251962743,-15.201117935154251,3.3361375088471856,2.923804251962743,201.14245176315308
-17.50194566394982,-0.2671844063214001,3.6841225481205737,-14.82554016457753,1.3058570655111292,3.1190918496195135,-0.7363057894798366,-0.005060423165945944,-0.009139006124946192,-0.6765682929778074,-0.11265069951487616,0.12269034840667144,0.033380894401534904,-0.0028927522862431942,-0.00038652297007502057,-0.010354640471632592,2342,236000000,17.16,0,2,2,-15.222094964250315,3.326251358607195,2.929342083292689,-15.222094964250315,3.326251358607195,2.929342083292689,201.33253645896912
-17.50194566394982,-0.2671844063214001,3.6841225481205737,-14.849167477195618,1.287507285037847,3.1260408225580187,-0.7369341309378985,-0.004888187890549522,-0.008915841900226916,-0.6758880824819751,-0.11329471665344182,0.12286905211032137,0.03724709557534655,-0.003166578676427889,-0.0004556847954972909,-0.010275800286763115,2342,389000000,17.29,0,2,2,-15.222094964250315,3.326251358607195,2.929342083292689,-15.246109393803774,3.3145856807809486,2.9363793142387147,201.5252721309662
-17.557060691143427,-0.3362078302261458,3.753020396282529,-14.867598324204454,1.2731714311801356,3.131941032925985,-0.7374164417497695,-0.004762804746659417,-0.008754311394720445,-0.675364841519055,-0.11413060697779198,0.12316438294447567,0.040682250875212704,-0.0027855766802531434,-0.00034551609928712423,-0.010099972223542864,2342,560000000,17.44,0,2,2,-15.222094964250315,3.326251358607195,2.929342083292689,-15.273125444356172,3.300742066833487,2.945174062753415,201.7164444923401
-17.557060691143427,-0.3362078302261458,3.753020396282529,-14.888742147172886,1.2566913713693224,3.139246170252936,-0.7379602816520601,-0.004611716747442765,-0.008566829361309786,-0.674774009730182,-0.11491424674138388,0.12348339027373063,0.04427109934532535,-0.0031178048402580316,-0.0003989623451161606,-0.01002538137981901,2342,708000000,17.56,0,2,2,-15.222094964250315,3.326251358607195,2.929342083292689,-15.293746561515764,3.2877130894116022,2.9528264543535685,201.91762590408325
-17.557060691143427,-0.3362078302261458,3.753020396282529,-14.90996781245629,1.2401223292952022,3.1471416911173686,-0.7385143471985256,-0.0044682471707155145,-0.008386281343397585,-0.6741707973758475,-0.11586399953649633,0.1238204267646807,0.048361226869264765,-0.0027344540740159573,-0.00031427352951141074,-0.010524060235184152,2342,868000000,17.69,0,2,2,-15.222094964250315,3.326251358607195,2.929342083292689,-15.316769116475692,3.2698967882227064,2.962471834703471,202.10465121269226
-17.60846689344039,-0.4059649933050725,3.8244294954150524,-14.931278606547025,1.2234420795253762,3.155675823316123,-0.739093197611637,-0.0043216889006606925,-0.00820843689285257,-0.6735393008674606,-0.11678251698567492,0.12411397880458164,0.052137940510677494,-0.0029121886882421677,-0.0003274519770002371,-0.010855883920157794,2343,29000000,17.82,0,2,2,-15.339227132580156,3.2492250653731944,2.972968979860431,-15.339227132580156,3.2492250653731944,2.972968979860431,202.29776883125305
-17.60846689344039,-0.4059649933050725,3.8244294954150524,-14.952656972203219,1.206676552299563,3.164755908194144,-0.7396840961830933,-0.004157498380607792,-0.008004016978793074,-0.6728938168635663,-0.1174587063383585,0.12421051204589055,0.05534969119572634,-0.0033773240147638717,-0.0005043514761382539,-0.011021741102013038,2343,179000000,17.96,0,2,2,-15.339227132580156,3.2492250653731944,2.972968979860431,-15.361264246470602,3.226352779323963,2.984233300675744,202.4866006374359
-17.60846689344039,-0.4059649933050725,3.8244294954150524,-14.974078739255754,1.1898375435435224,3.1743743002909484,-0.7403186077488579,-0.004019285060072883,-0.007822843885878962,-0.6721986369235924,-0.11829198167047623,0.12424077745687293,0.05914919401392471,-0.0025989175810536835,-0.0003133544794309273,-0.012521428379841382,2343,344000000,18.1,0,2,2,-15.339227132580156,3.2492250653731944,2.972968979860431,-15.383290662576606,3.202940068049416,2.9961713184507412,202.67657780647278
-17.656048271882852,-0.4763711602713219,3.8982060370957967,-14.992857867760206,1.1750309033524993,3.1832762790126337,-0.7409292344323304,-0.0038917050204092755,-0.007668455990320556,-0.6715280477971708,-0.11899215075916611,0.12423970934031763,0.0622510957014832,-0.002976206928906322,-0.0003202782551170458,-0.013270594536152203,2343,500000000,18.24,0,2,2,-15.339227132580156,3.2492250653731944,2.972968979860431,-15.405693951165881,3.1807088085779793,3.008602772135754,202.86210179328918
-17.656048271882852,-0.4763711602713219,3.8982060370957967,-15.014350797158004,1.1580479071856207,3.1939293467212813,-0.7416553065438581,-0.0037323321207426933,-0.007471870820735527,-0.6707291905968565,-0.11958814946287814,0.12409265597990118,0.0652451914025251,-0.0032498848440809525,-0.0004401554406285868,-0.01366518508802983,2343,651000000,18.38,0,2,2,-15.339227132580156,3.2492250653731944,2.972968979860431,-15.425655374176591,3.162566521316492,3.0198282883236036,203.04964780807495
-17.699696781001236,-0.5473385281843403,3.9742014451881866,-15.03586856538034,1.1410056621665992,3.205066816130547,-0.7423622405687051,-0.003580939778605428,-0.0072751864579467945,-0.669949664012242,-0.12042077161946615,0.12406068887771197,0.06866937027928646,-0.0029670483627342037,-0.000455938072718709,-0.01251490248250775,2343,806000000,18.55,0,2,2,-15.339227132580156,3.2492250653731944,2.972968979860431,-15.44877309209868,3.143143198432471,3.0330822061145573,203.2372226715088
-17.699696781001236,-0.5473385281843403,3.9742014451881866,-15.054732991801616,1.1260202321674815,3.215256732430552,-0.7429277058426,-0.003442251182227024,-0.007098757787070026,-0.6693251694327131,-0.12108519874048626,0.12402802439873548,0.0715292244731923,-0.003276627398918208,-0.00045307553193651984,-0.011701688526954968,2343,958000000,18.71,0,2,2,-15.339227132580156,3.2492250653731944,2.972968979860431,-15.47231091593758,3.1255194718117494,3.0467064039490745,203.425532579422
-17.699696781001236,-0.5473385281843403,3.9742014451881866,-15.07902213202101,1.1066533369996838,3.2289570123805285,-0.7436302960893298,-0.003288446025955735,-0.006902812004018769,-0.668547320724021,-0.12213687049231899,0.1239059969327122,0.07562120765088906,-0.002464293606863066,-0.0003230171103041357,-0.011775537132052705,2344,112000000,18.84,0,2,2,-15.339227132580156,3.2492250653731944,2.972968979860431,-15.49332035125313,3.1118203899999552,3.0588923439043945,203.61977219581604
-17.739312585991428,-0.6187765179971543,4.0522626750540045,-15.097931597389522,1.0914954877525498,3.2401127073150975,-0.7441892482260039,-0.0031653345477620177,-0.006752049719253824,-0.667927206592608,-0.12287402319683824,0.12373014338895394,0.07861112188566974,-0.002839379726538027,-0.000376349839825707,-0.01207275599881541,2344,278000000,19.01,0,2,2,-15.520982796213133,3.0965098047628117,3.0750574787765497,-15.520982796213133,3.0965098047628117,3.0750574787765497,203.80504703521729
-17.739312585991428,-0.6187765179971543,4.0522626750540045,-15.116847833889478,1.0762757286539415,3.2516514085389527,-0.7447560614517578,-0.0030378760858954666,-0.006590818355293916,-0.6672973410355835,-0.12346893726706432,0.12350412666403707,0.08121081768482041,-0.00297729868634633,-0.0004521551858260864,-0.012102746404707432,2344,426000000,19.15,0,2,2,-15.520982796213133,3.0965098047628117,3.0750574787765497,-15.54298589704761,3.086175597875806,3.088010793130199,203.9987087249756
-17.739312585991428,-0.6187765179971543,4.0522626750540045,-15.138465650678965,1.0588177155475893,3.265284450752247,-0.7454297047477707,-0.0029207038177718595,-0.006433534858584925,-0.6665467983555868,-0.12420780639545677,0.12318976766404002,0.08454449732850773,-0.0020332924350441317,-0.0003091699824153693,-0.013424484495772049,2344,574000000,19.28,0,2,2,-15.565214045590333,3.0765352589519077,3.101314539434084,-15.565214045590333,3.0765352589519077,3.101314539434084,204.1883361339569
-17.774804299263565,-0.6905920754040414,4.132232521764882,-15.160075036930227,1.0412830897825969,3.279453674654764,-0.7461737591897342,-0.0028111674056443253,-0.006297443590962997,-0.6657155253099454,-0.12488967712250384,0.12279927219988321,0.08774188694573427,-0.0022532120510732057,-0.0002563368013852596,-0.0142588532071386,2344,732000000,19.45,0,2,2,-15.565214045590333,3.0765352589519077,3.101314539434084,-15.590508405178118,3.0650732915779,3.117039746755379,204.37909173965454
-17.774804299263565,-0.6905920754040414,4.132232521764882,-15.18166283097609,1.0237010243907878,3.294077420695159,-0.7469432096267469,-0.0026847858390229252,-0.006143174212343933,-0.6648540403186919,-0.12534740190053484,0.12228848660371897,0.09036375637611861,-0.002584685739748238,-0.0003511749241624784,-0.014571789415640524,2344,889000000,19.62,0,2,2,-15.565214045590333,3.0765352589519077,3.101314539434084,-15.615714481565181,3.0531099370678145,3.1334059946311497,204.56791877746582
-17.80608919576169,-0.7626899800729106,4.2139499366921545,-15.203240211763314,1.0060683463494908,3.3091380795310843,-0.7476253817663141,-0.002521416573130136,-0.0059354556149034034,-0.6640893775418195,-0.12617223551612292,0.12210940491961444,0.09355572188764569,-0.0035691341963683954,-0.0006770470974970522,-0.010707470664783614,2345,44000000,19.8,0,2,2,-15.565214045590333,3.0765352589519077,3.101314539434084,-15.640810039038236,3.0404322578790253,3.150400178648681,204.76511454582214
-17.80608919576169,-0.7626899800729106,4.2139499366921545,-15.224848918502149,0.9883348695613311,3.324698396773372,-0.748110452828003,-0.0023392928047599733,-0.005675874426800748,-0.6635458254922147,-0.12696436113676335,0.12195365387385562,0.09654254444997344,-0.0039032858239806956,-0.0010118913564838294,-0.008015117418835871,2345,206000000,19.97,0,2,2,-15.66599214872401,3.027652579899534,3.168059624166125,-15.66599214872401,3.027652579899534,3.168059624166125,204.9658739566803
-17.80608919576169,-0.7626899800729106,4.2139499366921545,-15.246476286962519,0.9704960979444652,3.3407484320752068,-0.7485161994966995,-0.002215150023739901,-0.005461251856154899,-0.6630903158164451,-0.1278800557088251,0.12183632440410164,0.10001997217789727,-0.002489648636583297,-0.0008168034980826633,-0.007543169294876861,2345,361000000,20.11,0,2,2,-15.66599214872401,3.027652579899534,3.168059624166125,-15.690788642822106,3.013075964573831,3.186398603655954,205.152592420578
-17.833093406509576,-0.8349731623213645,4.297250351837313,-15.268111766255002,0.9525400435144782,3.357335574959409,-0.7489189172710968,-0.0021002252996935103,-0.0052747052654278405,-0.6626373230444698,-0.12867561218898838,0.1215203473097207,0.10320149656160534,-0.002639474564603006,-0.0007213285471152631,-0.007651656324014766,2345,520000000,20.22,0,2,2,-15.714676544469837,2.9947955193510865,3.2054144984754496,-15.714676544469837,2.9947955193510865,3.2054144984754496,205.3432400226593
-17.833093406509576,-0.8349731623213645,4.297250351837313,-15.289724407601167,0.9345027899854599,3.3743711070709836,-0.7493226100303442,-0.0019535626295543573,-0.005061729746950365,-0.6621828966247422,-0.12915360697434203,0.12111593148771067,0.10580346539806854,-0.003250735767323931,-0.0007687207300932641,-0.007551085718660033,2345,680000000,20.34,0,2,2,-15.737717450857268,2.9730301694043213,3.225117372758327,-15.737717450857268,2.9730301694043213,3.225117372758327,205.54124903678894
-17.85575208989549,-0.9073430262727874,4.381966011250107,-15.311307525178664,0.9163962526054755,3.391838431459208,-0.7496980123785112,-0.001820376305794454,-0.0048588295989618864,-0.6617597511489671,-0.12985092484020852,0.12069703719843942,0.10889877710947171,-0.0027568494033403113,-0.0007621384270350973,-0.006612770266656298,2345,849000000,20.46,0,2,2,-15.760018937176003,2.94825751378785,3.2453989105729524,-15.760018937176003,2.94825751378785,3.2453989105729524,205.72793292999268
-17.85575208989549,-0.9073430262727874,4.381966011250107,-15.330168313333525,0.9004760692416643,3.407512651034783,-0.7499887800095077,-0.001698494980772125,-0.0046724889339899486,-0.6614318655929816,-0.13037918095713485,0.12032079502061972,0.1113724872801384,-0.003227112256354303,-0.0008807425388113188,-0.006005612794979243,2346,12000000,20.57,0,2,2,-15.760018937176003,2.94825751378785,3.2453989105729524,-15.781782314873096,2.921369211980009,3.266127737678538,205.91512942314148
-17.85575208989549,-0.9073430262727874,4.381966011250107,-15.354384931993268,0.8799021303328763,3.42817589955217,-0.7503097551775696,-0.0015464154319573516,-0.0044333599345945714,-0.6610697581983142,-0.13129487738888967,0.11990555127882767,0.1149791128959349,-0.0028827223786720424,-0.0007709223780238972,-0.0046520082378265215,2346,155000000,20.67,0,2,2,-15.800684177946179,2.8972659189685874,3.2846118327694422,-15.800684177946179,2.8972659189685874,3.2846118327694422,206.1129789352417
-17.874009580267376,-0.9796997785089396,4.467926308866648,-15.37319703351228,0.8637931528304305,3.4446954214202203,-0.750506713120997,-0.001412736196144513,-0.004239858380665028,-0.6608477141805587,-0.13191179637940162,0.11951223821168824,0.11766406942208185,-0.003342397872074798,-0.0008345881155946699,-0.003982377438660478,2346,319000000,20.78,0,2,2,-15.82540890043323,2.8678498114468356,3.3088739150961275,-15.82540890043323,2.8678498114468356,3.3088739150961275,206.29996919631958
-17.874009580267376,-0.9796997785089396,4.467926308866648,-15.39733503130399,0.8429803742440511,3.4664134892342253,-0.7507355502751815,-0.0012419206553972789,-0.003977064865521434,-0.6605897169508178,-0.1324955967584118,0.11898103576423483,0.12042953605525127,-0.0032829691235747305,-0.0010072665190818952,-0.003801474099418556,2346,473000000,20.86,0,2,2,-15.82540890043323,2.8678498114468356,3.3088739150961275,-15.845206499391276,2.847137669483358,3.3280644489495934,206.493225812912
-17.874009580267376,-0.9796997785089396,4.467926308866648,-15.418735610266046,0.8243836920422455,3.486154818391719,-0.7509256466970899,-0.001125620364224611,-0.0037686581971984726,-0.6603750474743466,-0.13319620861311599,0.1184218319280443,0.12345828883299212,-0.0025992580958700273,-0.0009550735398988763,-0.0034085384868376423,2346,640000000,20.96,0,2,2,-15.82540890043323,2.8678498114468356,3.3088739150961275,-15.871323677686979,2.8234427765938093,3.35308991820842,206.68529987335205
-17.887819513469868,-1.051942761218574,4.554958132087373,-15.440076060717134,0.8056824624039496,3.5063518800965405,-0.751095018831276,-0.0010128830333239094,-0.0035680403401262446,-0.6601836985589215,-0.13377097813368358,0.11785978339505261,0.1261508298147757,-0.0026857617740461137,-0.0009351290145787061,-0.003035898475900467,2346,800000000,21.05,0,2,2,-15.82540890043323,2.8678498114468356,3.3088739150961275,-15.894852120820179,2.8044654221324326,3.3756431224038796,206.8719253540039
-17.887819513469868,-1.051942761218574,4.554958132087373,-15.458695978084206,0.7892600505973228,3.524326108704023,-0.7512343863703185,-0.0008913884846547075,-0.003371621351633656,-0.660026313362461,-0.13402644180973908,0.11735270427303199,0.1279372324334293,-0.0032928450309555046,-0.0009702886700324598,-0.00302646990348876,2346,959000000,21.12,0,2,2,-15.918644144896462,2.7872374877442057,3.3985394207653212,-15.918644144896462,2.7872374877442057,3.3985394207653212,207.06278824806213
-17.897144929015358,-1.1239707888274537,4.642886210402725,-15.479904572589748,0.7704440956845208,3.545175931696322,-0.7514050154128505,-0.0007970473624080955,-0.0031962691489248506,-0.6598330481200857,-0.13441219035110075,0.11666227207060623,0.13037582895351812,-0.0016961178516794462,-0.0007051171053262806,-0.003505058225528046,2347,107000000,21.19,0,2,2,-15.918644144896462,2.7872374877442057,3.3985394207653212,-15.939642146860184,2.7733929093838223,3.418860620523918,207.25679731369019
-17.897144929015358,-1.1239707888274537,4.642886210402725,-15.501020443205476,0.7515605460112516,3.5664164318646847,-0.7516042984813086,-0.0007191786227065684,-0.0030620275717023263,-0.6596067656366772,-0.13476719547313698,0.11592788918875505,0.13269485768376252,-0.001873888766112941,-0.0005514374663562194,-0.003986590354543296,2347,262000000,21.26,0,2,2,-15.918644144896462,2.7872374877442057,3.3985394207653212,-15.96377182570617,2.7586083857050196,3.4423476399239896,207.44546055793762
-17.897144929015358,-1.1239707888274537,4.642886210402725,-15.519423324662496,0.7349705683913186,3.5853285917781785,-0.7517637325787829,-0.0006325261227329479,-0.0029329827131891572,-0.6594257258420575,-0.13541304214290023,0.11529333390451964,0.13530460795057392,-0.00225081603275612,-0.0005907198328714003,-0.0027948218757956056,2347,422000000,21.34,0,2,2,-15.918644144896462,2.7872374877442057,3.3985394207653212,-15.988104238053982,2.7449501383453256,3.4662393674454046,207.6328046321869
-17.90195834864297,-1.1956824870840976,4.731533468364684,-15.540382611812065,0.7158964733474126,3.607372792859967,-0.7518767928883344,-0.0005200362104827972,-0.002763890916447898,-0.6592976405124579,-0.1360369259411078,0.11467243819853042,0.1379223294652164,-0.002555784158175811,-0.0007230539949887316,-0.0016138972682711028,2347,572000000,21.4,0,2,2,-15.918644144896462,2.7872374877442057,3.3985394207653212,-16.00960347345067,2.7339608532094806,3.4874977156430607,207.82244181632996
-17.90195834864297,-1.1956824870840976,4.731533468364684,-15.563870761191774,0.6943401435956185,3.632584226317408,-0.7519502008938181,-0.0003918669748364696,-0.002551980339827398,-0.659214858155037,-0.13642930735383835,0.1139427994066741,0.1400882148659434,-0.0025649972485553008,-0.0009187348666728212,-0.0009906535979098408,2347,736000000,21.47,0,2,2,-16.03447676156956,2.722609336774086,3.5121821576566674,-16.03447676156956,2.722609336774086,3.5121821576566674,208.0138418674469
-17.902241831081568,-1.2669766335672648,4.820721382193131,-15.584634648864292,0.6751108805908272,3.6553576486232493,-0.7520290502686149,-0.00036459130263167584,-0.0024525827063249734,-0.6591252987583891,-0.13677019863430012,0.11301068170170872,0.14276636864490272,-0.0005627155701404263,-0.0004988131138361496,-0.0020133898260610295,2347,905000000,21.54,0,2,2,-16.062811986584972,2.7110986686263447,3.540614913972742,-16.062811986584972,2.7110986686263447,3.540614913972742,208.20495057106018
-17.902241831081568,-1.2669766335672648,4.820721382193131,-15.602686385934012,0.6582352777893116,3.6756187592649323,-0.7521357417721558,-0.00034924285119603015,-0.0023995534711832994,-0.6590037527369769,-0.13694941366806263,0.11212636226141326,0.14472733760573203,-0.0007112143862286757,-0.0003873505221463347,-0.0025073488814086886,2348,65000000,21.6,0,2,2,-16.062811986584972,2.7110986686263447,3.540614913972742,-16.088297595128502,2.701722991983494,3.5664764971634155,208.3966884613037
-17.902241831081568,-1.2669766335672648,4.820721382193131,-15.623185788801441,0.6388938821777062,3.699117542196193,-0.752243192669334,-0.00029362933568086256,-0.002305442158445885,-0.658881459597183,-0.13741740588844642,0.11120467213466849,0.14738546332161656,-0.0017228048477591074,-0.0004963429546478437,-0.001216414511873154,2348,203000000,21.67,0,2,2,-16.062811986584972,2.7110986686263447,3.540614913972742,-16.110059285910346,2.6915431379834787,3.589468572916939,208.5868947505951
-17.897987002895686,-1.3377524985761562,4.9102703392989655,-15.641025232412694,0.6218891384046916,3.7200299174062,-0.7522704039854325,-0.00021006662274646384,-0.0021754815427095764,-0.6588508650974555,-0.13782934007417114,0.11045536898323031,0.14954542930255768,-0.002274119742651237,-0.0007108023964974564,-0.00013313887237131894,2348,361000000,21.74,0,2,2,-16.062811986584972,2.7110986686263447,3.540614913972742,-16.133740524351783,2.675698873676649,3.616037889621366,208.77307748794556
-17.897987002895686,-1.3377524985761562,4.9102703392989655,-15.661305333132848,0.6023807347678145,3.7442493566214248,-0.7522554693253539,-0.00010535235879562132,-0.0019977124713165596,-0.658868505026499,-0.13815048530074545,0.10964612979537916,0.15151504195991863,-0.0025250326871173456,-0.0008865083884757041,0.0006098994504100119,2348,516000000,21.79,0,2,2,-16.062811986584972,2.7110986686263447,3.540614913972742,-16.15344870681504,2.6583094282633146,3.639503211725278,208.96272659301758
-17.897987002895686,-1.3377524985761562,4.9102703392989655,-15.681457227284016,0.5828039191233996,3.768786237748421,-0.7522227232653329,-5.83414493620395e-05,-0.001873285673059257,-0.658906261922247,-0.13845904689156133,0.108638049399298,0.15383949613661016,-0.0008221879966185952,-0.0006251721117678244,0.0004991477737803507,2348,664000000,21.84,0,2,2,-16.062811986584972,2.7110986686263447,3.540614913972742,-16.17492587139099,2.634876876592919,3.6666122737793554,209.15118145942688
-17.88919506535624,-1.4079101853620766,4.999999999999998,-15.701454981298056,0.563153111092246,3.7936824938365032,-0.7522009123144902,-2.7652752134416678e-05,-0.0017841995218326576,-0.6589314102246455,-0.1387577199501801,0.10767431500617923,0.15586190266031366,-0.0010756893402685819,-0.0005865912157787534,0.00036225896735686547,2348,819000000,21.88,0,2,2,-16.19545045832828,2.6083418217482577,3.6939876196478245,-16.19545045832828,2.6083418217482577,3.6939876196478245,209.3399477005005
-17.88919506535624,-1.4079101853620766,4.999999999999998,-15.721307857822577,0.5434454096220778,3.8188465863788537,-0.7521831081903113,1.4094984870245122e-05,-0.0016786904494888101,-0.6589520115705457,-0.13888263476834567,0.10669251496575498,0.15731114837401,-0.0012730924254356069,-0.0007038847684270877,0.00032684998529930454,2348,983000000,21.93,0,2,2,-16.19545045832828,2.6083418217482577,3.6939876196478245,-16.21546059095528,2.5803404053475476,3.72172750971758,209.52704882621765
-17.875876777341105,-1.4773509686611925,5.089729660701025,-15.74098855682265,0.5236972888001096,3.8442655921517703,-0.752191789452341,-1.6899561103802976e-05,-0.0016525500843624966,-0.658942167927587,-0.1389773776842332,0.10542228061383925,0.15925726365956414,0.0006270001733810204,-0.00027874893646639975,-0.0006895880687807221,2349,140000000,21.98,0,2,2,-16.235017438926203,2.551318015538735,3.7497315808899248,-16.235017438926203,2.551318015538735,3.7497315808899248,209.72279167175293
-17.875876777341105,-1.4773509686611925,5.089729660701025,-15.760464514121278,0.5039117398752805,3.8699868599806035,-0.752250197454145,-5.431345549564094e-05,-0.001665512217476617,-0.6588754537462308,-0.1390157727967181,0.10415858538010596,0.16093533207981814,0.0003802393223395484,-0.00014279425926133626,-0.0014067286997487827,2349,298000000,22.03,0,2,2,-16.235017438926203,2.551318015538735,3.7497315808899248,-16.254167304777525,2.5215143933500035,3.777924694405752,209.91795945167542
-17.875876777341105,-1.4773509686611925,5.089729660701025,-15.777350852466817,0.48655993254791047,3.892747958562503,-0.7522696816840777,-2.3939660144275347e-05,-0.0016184091423677206,-0.6588533267713512,-0.1393122912273868,0.10310667469258991,0.16306457623838355,-0.0012474255868255568,-0.00031562893809677917,0.0006963402540804964,2349,459000000,22.09,0,2,2,-16.273383279328353,2.4926282227068066,3.8064309279645347,-16.273383279328353,2.4926282227068066,3.8064309279645347,210.10848212242126
-17.85805241433367,-1.5459776304919082,5.179278617806865,-15.796493052185188,0.4666507960020871,3.9191099574081925,-0.75218599789711,4.896626603241095e-05,-0.0015064233857501825,-0.6589491276710336,-0.1396462442730928,0.102074711086794,0.1651019111297249,-0.001796802575881884,-0.0005805467367281381,0.002176476914428349,2349,613000000,22.14,0,2,2,-16.273383279328353,2.4926282227068066,3.8064309279645347,-16.290354587859976,2.468540520316605,3.831587852910363,210.30085468292236
-17.85805241433367,-1.5459776304919082,5.179278617806865,-15.815491674631252,0.4466750342433631,3.945733216838548,-0.752043632471733,0.00012594130375969878,-0.0013637138946003798,-0.659111901942244,-0.13979310886562504,0.1012131489425224,0.16651302431083825,-0.0018950405205941934,-0.0008160286029124109,0.0031335656785813626,2349,765000000,22.18,0,2,2,-16.309956254560397,2.4425916095550755,3.8604581817305808,-16.309956254560397,2.4425916095550755,3.8604581817305808,210.4999601840973
-17.85805241433367,-1.5459776304919082,5.179278617806865,-15.834344326909278,0.4266319178823298,3.972602912534948,-0.7518417739889383,0.00019460504717522568,-0.0012140094936590193,-0.6593424263574967,-0.1401818394035305,0.100145885629401,0.16847376040861223,-0.0018056892940876423,-0.0008497150702169165,0.004472864520721487,2349,931000000,22.2,0,2,2,-16.309956254560397,2.4425916095550755,3.8604581817305808,-16.32984927384303,2.418720244661363,3.889536819861528,210.6861515045166
-17.83575170365043,-1.6136947921872915,5.268466531635306,-15.850701210738569,0.40900974948003066,3.99636342775385,-0.751614342016818,0.00026524878524716595,-0.0010691424673250974,-0.6596019007341414,-0.1404843807416686,0.09922312148170367,0.16996844941709166,-0.0022810576410847716,-0.0009456947793751169,0.0052744853292097105,2350,85000000,22.21,0,2,2,-16.309956254560397,2.4425916095550755,3.8604581817305808,-16.3500568726503,2.3970166978815586,3.918809193117605,210.87393641471863
-17.83575170365043,-1.6136947921872915,5.268466531635306,-15.869244740337862,0.3888027968713528,4.023720667807137,-0.7513212231339,0.0003584430923946958,-0.0008819842166258886,-0.6599359918135784,-0.1405373132425439,0.09829709303516927,0.1711134813136262,-0.0024737362309679156,-0.001024764264911937,0.005740816095567425,2350,231000000,22.21,0,2,2,-16.309956254560397,2.4425916095550755,3.8604581817305808,-16.36799560997209,2.3797346847874294,3.944533583823032,211.06984281539917
-17.809013736091135,-1.6804092416428786,5.357113789597272,-15.88761916997911,0.3685540976062178,4.051266522737269,-0.7510111732047654,0.0004046468074113752,-0.0007438035870269604,-0.660288952458533,-0.14060550275170955,0.09713004497343877,0.1726723037553431,-0.0010665728041203693,-0.000786648746498031,0.005964005958958296,2350,388000000,22.2,0,2,2,-16.309956254560397,2.4425916095550755,3.8604581817305808,-16.38883938210923,2.3620095995986663,3.9742147546854945,211.25785040855408
-17.809013736091135,-1.6804092416428786,5.357113789597272,-15.90579045843539,0.3482490099818857,4.079053004831006,-0.7506963362882022,0.0004262120280420005,-0.0006508247615111949,-0.6606469597704263,-0.14064536721249854,0.09596951651255578,0.17398368267695516,-0.0008804088452052383,-0.000632291579449884,0.005923266689933371,2350,548000000,22.18,0,2,2,-16.309956254560397,2.4425916095550755,3.8604581817305808,-16.409922175802894,2.3459886368912284,4.004135005344897,211.45312905311584
-17.809013736091135,-1.6804092416428786,5.357113789597272,-15.923742815284198,0.3278905253623938,4.1070739634369655,-0.7503962394296017,0.0003702020928678659,-0.0006517132279546906,-0.6609878380652633,-0.14073831333498638,0.09451413861537851,0.17583357156456775,0.001181134018679586,-0.00028117673878114147,0.00540914502380474,2350,704000000,22.17,0,2,2,-16.309956254560397,2.4425916095550755,3.8604581817305808,-16.431047915469406,2.3309665572129696,4.03422862526038,211.64418053627014
-17.77788685426699,-1.746030254773022,5.445041867912624,-15.939243702414117,0.31003062797987924,4.131833913047508,-0.7501593636382131,0.0003147578990097557,-0.0006825114898385309,-0.6612566553551216,-0.140728992977825,0.09330572985805036,0.17722392205614876,0.0007268864976595069,-0.0001425886878791971,0.004861766637986875,2350,866000000,22.15,0,2,2,-16.452017661601495,2.3161689342173126,4.064582385733599,-16.452017661601495,2.3161689342173126,4.064582385733599,211.82644367218018
-17.77788685426699,-1.746030254773022,5.445041867912624,-15.95674791906575,0.2895934326363515,4.160321508522482,-0.7499057244489975,0.000282285112559925,-0.0006924938741966495,-0.6615442881666909,-0.14058335962366114,0.09209155042833536,0.17816346967663568,0.00015038227729746723,-0.00025081878334276553,0.004859804948864621,2351,16000000,22.15,0,2,2,-16.452017661601495,2.3161689342173126,4.064582385733599,-16.470057818973412,2.3027100571817765,4.09141753712935,212.01345539093018
-17.742428517923543,-1.8104699101848654,5.532073691133348,-15.974019010073476,0.26915182553361366,4.1889644468139435,-0.7496666506752534,0.00019923654724502592,-0.0007543738209048398,-0.6618151585528123,-0.1402948398702344,0.09055024192930326,0.17945178780673116,0.0019313563370815245,0.00010180889802313686,0.004033124241686892,2351,171000000,22.14,0,2,2,-16.490391549534962,2.2868750590648093,4.122369196740577,-16.490391549534962,2.2868750590648093,4.122369196740577,212.20476531982422
-17.742428517923543,-1.8104699101848654,5.532073691133348,-15.99101133819324,0.248713892066399,4.21782121211445,-0.7494699071749695,0.00010139584529489593,-0.0008646941189151135,-0.6620378389957071,-0.14002513243442788,0.0890572263830059,0.18055380466852483,0.0017426121985408827,0.0002892769458640032,0.0035174330150766764,2351,327000000,22.14,0,2,2,-16.490391549534962,2.2868750590648093,4.122369196740577,-16.510578341140672,2.271007904489734,4.153601281258585,212.3926203250885
-17.742428517923543,-1.8104699101848654,5.532073691133348,-16.007753330589605,0.22824327698728283,4.246888627546171,-0.7492144880112789,0.00010337510209588487,-0.000875028650796956,-0.6623268638613758,-0.1402770224835001,0.0876015520248709,0.1822459004853458,-0.0006941399021798134,-0.00011500045147272431,0.006381135199262644,2351,486000000,22.16,0,2,2,-16.530811010601468,2.255736033826265,4.185152678275582,-16.530811010601468,2.255736033826265,4.185152678275582,212.58492946624756
-17.702705146635417,-1.8736433960974619,5.618033988749897,-16.024261192493853,0.207679351439164,4.276228644607214,-0.7488159744614421,0.00015871086417787417,-0.0007879498327780892,-0.6627774817669073,-0.14051969717802784,0.08626632925330356,0.18377749891609904,-0.0014197816767591576,-0.0005583243307683006,0.00830847538964008,2351,645000000,22.16,0,2,2,-16.551220604509567,2.2415542857961213,4.217200101702826,-16.551220604509567,2.2415542857961213,4.217200101702826,212.77087211608887
-17.702705146635417,-1.8736433960974619,5.618033988749897,-16.03852930208062,0.18962814444293835,4.30205579316259,-0.7484087761489406,0.00021161387573361663,-0.0006727693900723406,-0.6632373680547261,-0.1405594307590321,0.08525896492453365,0.1845211934182435,-0.0017182824876726954,-0.0008755505859880941,0.00908901602088008,2351,799000000,22.15,0,2,2,-16.571857972471246,2.228488644044358,4.2497254411513925,-16.571857972471246,2.228488644044358,4.2497254411513925,212.97164869308472
-17.702705146635417,-1.8736433960974619,5.618033988749897,-16.056636819271713,0.16634932936283447,4.335423141342315,-0.7478265520371608,0.00026766757973372703,-0.0005108552485536214,-0.6638939037596243,-0.14074543908938017,0.08380487730990963,0.18589432639110443,-0.00155602539280153,-0.0009439333325644839,0.010424691572552547,2351,956000000,22.2,0,2,2,-16.59178530651717,2.2134888321317763,4.282438200803812,-16.59178530651717,2.2134888321317763,4.282438200803812,213.16309309005737
-17.65879194030898,-1.9354693085554475,5.702749648162684,-16.070518268063218,0.14817121945456302,4.361540707298449,-0.7473286010327869,0.0003098742630422945,-0.0003812804481213092,-0.6644544534289305,-0.14085560800110913,0.08269919860546199,0.1867685631914568,-0.0016533527855244756,-0.0010193109915235254,0.010877802833419992,2352,118000000,22.08,0,2,2,-16.59178530651717,2.2134888321317763,4.282438200803812,-16.61031613828871,2.194295582013977,4.3150541550815324,213.35383486747742
-17.65879194030898,-1.9354693085554475,5.702749648162684,-16.086182676413372,0.1273383764725989,4.3914995147021125,-0.746742795386252,0.0003558690561386366,-0.00022654556438041174,-0.6651127871068547,-0.14083355106542889,0.08160485906967081,0.18735561997584094,-0.001702895906419144,-0.0011023018032574328,0.011110765080957208,2352,269000000,22.04,0,2,2,-16.59178530651717,2.2134888321317763,4.282438200803812,-16.625431481236227,2.174253335875643,4.343483412338397,213.54197096824646
-17.61077267798752,-1.99586994001061,5.786050063307849,-16.101631207977515,0.10645366563018059,4.421562005978442,-0.7461392368733795,0.0003780606142669396,-9.493338658131417e-05,-0.6657898221329572,-0.14089302805896878,0.08027720362946486,0.18832925243249232,-0.0010447212048347865,-0.0009621562753636681,0.011575144799280679,2352,425000000,21.99,0,2,2,-16.641552780223233,2.148086547742831,4.375907104723751,-16.641552780223233,2.148086547742831,4.375907104723751,213.7303159236908
-17.61077267798752,-1.99586994001061,5.786050063307849,-16.11494902129173,0.08812774753777518,4.4479884905926665,-0.745592193498109,0.0003950467274942235,9.140816386789345e-06,-0.6664023745825091,-0.14086287807437173,0.07918807076261049,0.18899476387406866,-0.0011960441156588786,-0.0009460944852435205,0.0118430901238753,2352,585000000,21.93,0,2,2,-16.641552780223233,2.148086547742831,4.375907104723751,-16.65664404675433,2.1191194720965902,4.408198050620924,213.9210319519043
-17.61077267798752,-1.99586994001061,5.786050063307849,-16.133630155614373,0.06189134688112435,4.4859210254087705,-0.7448001764509198,0.0003352612588061843,5.6129646411050396e-05,-0.6672874804820106,-0.1407147234859102,0.07719493194173224,0.19037396113953542,0.0008193990765903436,-0.0005070823760888743,0.011854243894049432,2352,729000000,21.88,0,2,2,-16.641552780223233,2.148086547742831,4.375907104723751,-16.669514549401264,2.093277393532317,4.436543835706183,214.15957498550415
-17.558739495509858,-2.054771557371984,5.867767478235115,-16.148233434114587,0.04087028753495442,4.516450544186539,-0.7441790041970483,0.00026602928438046686,3.603654630573286e-05,-0.6679801925522019,-0.1404566416653128,0.07569159042757344,0.19116495000804887,0.0008059182334818615,-0.00030799222656696656,0.011493189504108159,2352,929000000,21.81,0,2,2,-16.641552780223233,2.148086547742831,4.375907104723751,-16.68801390120449,2.057820117754789,4.477442525814799,214.34923148155212
-17.558739495509858,-2.054771557371984,5.867767478235115,-16.162569618633768,0.019834086829172478,4.547071397651353,-0.7435682019637361,0.0002307497169244022,3.753121634008379e-05,-0.6686600589046666,-0.14023964351351487,0.07438718104754984,0.19145893053659113,9.856507006134052e-05,-0.0003253764475630305,0.011387397535145283,2353,90000000,21.76,0,2,2,-16.641552780223233,2.148086547742831,4.375907104723751,-16.70340095429356,2.032213754187571,4.5106074656817725,214.5390214920044
-17.502792642628673,-2.1121046686545992,5.947737324945999,-16.17664371939979,-0.0012211208591984225,4.577754766811449,-0.7429510559152894,0.0001933672391991133,3.381060532957981e-05,-0.6693457178322051,-0.14005343203053713,0.07286349930224142,0.19215155256775876,0.0005336611309303407,-0.0002151515232640122,0.011718339555955026,2353,239000000,21.71,0,2,2,-16.641552780223233,2.148086547742831,4.375907104723751,-16.719379449065578,2.0092849083796565,4.54430800806872,214.73037672042847
-17.502792642628673,-2.1121046686545992,5.947737324945999,-16.190421001356306,-0.022293118693280416,4.608546040293116,-0.7423154165148376,0.0001631637444080734,3.200671606388507e-05,-0.6700505911926096,-0.13975981141703323,0.07129856683797858,0.19263880041460063,0.00023168894642822124,-0.00026331817934988067,0.011970185278187273,2353,400000000,21.66,0,2,2,-16.641552780223233,2.148086547742831,4.375907104723751,-16.73591215148488,1.988868836214992,4.578605239988666,214.92247772216797
-17.502792642628673,-2.1121046686545992,5.947737324945999,-16.202218048212874,-0.04073352287133373,4.6355685931595305,-0.741753518491525,7.458529362781014e-05,-3.88981811998224e-05,-0.6706725808689423,-0.1394612148077689,0.0696959471456432,0.1934022192001442,0.0022333949118547025,8.798134984999706e-05,0.011955560694332235,2353,557000000,21.62,0,2,2,-16.641552780223233,2.148086547742831,4.375907104723751,-16.752879094056883,1.9704741027249044,4.61342606438536,215.1160216331482
-17.443040220248328,-2.1678042773892896,6.025798554811811,-16.21537656248706,-0.061808038323331684,4.666575453607007,-0.7411150644349055,-2.2858484367087025e-05,-0.0001475523002471096,-0.6713780149613585,-0.13910318912769287,0.06794210345992387,0.19398199873526534,0.0015416752034980163,0.00023195259188923956,0.011817460472229868,2353,711000000,21.58,0,2,2,-16.641552780223233,2.148086547742831,4.375907104723751,-16.767465596891782,1.9546483196796347,4.643909438776519,215.30386328697205
-17.443040220248328,-2.1678042773892896,6.025798554811811,-16.226629395821035,-0.08023805017515692,4.69374457565134,-0.7405667497120891,-8.611875659735881e-05,-0.00022240507482368545,-0.6719827619369518,-0.13871160111157202,0.06658086520273453,0.19393712218866116,0.0012889921777059499,0.00011058280904308049,0.011482720765343402,2353,865000000,21.53,0,2,2,-16.641552780223233,2.148086547742831,4.375907104723751,-16.783675248584412,1.9364928656470846,4.678703154371415,215.48724913597107
-17.443040220248328,-2.1678042773892896,6.025798554811811,-16.239195728446592,-0.10127194544206576,4.724795643877948,-0.7399626143828901,-0.000209317802476197,-0.0003590757080834618,-0.6726478696660918,-0.13817504876840744,0.06477247855053983,0.19420106379769378,0.0029988839060024475,0.0004363219261449558,0.010978623595292447,2354,8000000,21.49,0,2,2,-16.641552780223233,2.148086547742831,4.375907104723751,-16.79736697646842,1.9201364639925709,4.709103561132207,215.67393469810486
-17.379597898493536,-2.221810123990574,6.101793962904207,-16.249895782129215,-0.1196445285335534,4.752011706817756,-0.7394550655314631,-0.00032725718509361287,-0.0005174660378394535,-0.6732056381162399,-0.13768337700556704,0.06316357765618708,0.19430726240881543,0.002601686242087453,0.0005789951785573066,0.010607668991724495,2354,162000000,21.44,0,2,2,-16.641552780223233,2.148086547742831,4.375907104723751,-16.81207878297252,1.8994126104509648,4.743625589126941,215.86807203292847
-17.379597898493536,-2.221810123990574,6.101793962904207,-16.263280124493235,-0.14321147844915003,4.786991327270296,-0.7388190945875488,-0.00044285324224406714,-0.0006900970687969751,-0.6739033114029607,-0.13698805523880084,0.06134367994603231,0.19401839729947204,0.002009900026678224,0.00048502122922400304,0.010427713004901307,2354,316000000,21.4,0,2,2,-16.824330873261566,1.8802445439610518,4.773755800550172,-16.824330873261566,1.8802445439610518,4.773755800550172,216.0713450908661
-17.31258861637016,-2.2740669133166804,6.175570504584945,-16.27339620484476,-0.16149791857316825,4.814180733975586,-0.7383385069022727,-0.0005774951611111854,-0.0008767325694550957,-0.6744294974752091,-0.13654757956797042,0.05956924815737365,0.19411738257349898,0.0036455658801060054,0.0008474742571706884,0.009943008353729965,2354,487000000,21.36,0,2,2,-16.824330873261566,1.8802445439610518,4.773755800550172,-16.839577532456598,1.8551868685007662,4.812467671881837,216.2549500465393
-17.31258861637016,-2.2740669133166804,6.175570504584945,-16.284600830689616,-0.18236289012799203,4.8452763103752625,-0.7378135481394161,-0.0007204341647076101,-0.001107650965490495,-0.6750032757445539,-0.13597606415809363,0.05762343086415561,0.19406850299432546,0.0029605513418573537,0.0009054762017512985,0.009538503945805132,2354,634000000,21.33,0,2,2,-16.824330873261566,1.8802445439610518,4.773755800550172,-16.851287607910145,1.836143637185146,4.842666449219476,216.4474322795868
-17.31258861637016,-2.2740669133166804,6.175570504584945,-16.29546435127337,-0.20322156178125692,4.876392448668061,-0.7372004934152547,-0.0006565609129607184,-0.0010935301437432555,-0.6756728539965899,-0.1361440860604103,0.055876012157711895,0.19453263577360452,-0.002704905637074262,-0.00023575334324732466,0.013738620236836141,2354,790000000,21.3,0,2,2,-16.864721614882715,1.8156437020772358,4.877440515496778,-16.864721614882715,1.8156437020772358,4.877440515496778,216.6379578113556
-17.242142263826878,-2.32452452769512,6.2469796037174685,-16.306052439848003,-0.22418285943373906,4.90758968634075,-0.7363592594310402,-0.0005085014079908919,-0.0008788193642750557,-0.6765899867371767,-0.1364794702916537,0.05454484648738957,0.19491164533700805,-0.0032850598927325336,-0.0011082592436650884,0.01683145783317741,2354,942000000,21.26,0,2,2,-16.864721614882715,1.8156437020772358,4.877440515496778,-16.877601161678868,1.7945080287286634,4.912074806842787,216.8318772315979
-17.242142263826878,-2.32452452769512,6.2469796037174685,-16.313844086911104,-0.2399593156079208,4.9309969880730415,-0.7356509063721139,-0.00041586765654717795,-0.0006888759466603217,-0.6773603889052779,-0.1365400703057033,0.05368842231925407,0.19480939296858554,-0.0032123321943799965,-0.001432257261058112,0.017822968402469996,2355,105000000,21.17,0,2,2,-16.864721614882715,1.8156437020772358,4.877440515496778,-16.8897833873406,1.7722611034339295,4.946480998969365,217.02700543403625
-17.168395347072096,-2.3731382247284643,6.315877451879424,-16.32402939926803,-0.26104289600961134,4.962180013923016,-0.7346578203519919,-0.000328540264591489,-0.0004484664937385316,-0.6784376006198055,-0.13658755031327377,0.05235774946952846,0.19490310211991133,-0.0024831733526298194,-0.0014625019844061171,0.018820437435351778,2355,228000000,21.09,0,2,2,-16.898484790190587,1.7549423493962863,4.972153295514119,-16.898484790190587,1.7549423493962863,4.972153295514119,217.21686792373657
-17.168395347072096,-2.3731382247284643,6.315877451879424,-16.33271328959957,-0.2795453932054668,4.98948550140424,-0.7337464246225501,-0.00026943153961296693,-0.00025670293078973385,-0.6794233186047377,-0.13665335338105694,0.05114890475464804,0.19498105557430911,-0.0024185904976548045,-0.0014411543588721543,0.01942249364219606,2355,378000000,20.97,0,2,2,-16.898484790190587,1.7549423493962863,4.972153295514119,-16.909727328801647,1.7316079712597108,5.006240477308188,217.40426111221313
-17.168395347072096,-2.3731382247284643,6.315877451879424,-16.34236343143158,-0.3007497438150113,5.02070804506421,-0.7326825113518305,-0.00028678035406611913,-0.00013690595604595583,-0.6805705228504701,-0.13667008125796118,0.04945068670599429,0.1953445058568108,0.00014243342292274974,-0.0010142119663214544,0.01961000780283939,2355,530000000,20.86,0,2,2,-16.898484790190587,1.7549423493962863,4.972153295514119,-16.9190856692458,1.7106174754371815,5.035915712108061,217.59511399269104
-17.091490638043396,-2.4198688192387743,6.382125297973731,-16.351665696335747,-0.32199824783942094,5.051974505614133,-0.7316154113181313,-0.0003309297806975188,-8.800842190648839e-05,-0.6817175167632111,-0.1364981049887443,0.04775182855585726,0.19539431141235747,-6.599217812208735e-05,-0.0006950923307158519,0.019534955390554387,2355,689000000,20.72,0,2,2,-16.898484790190587,1.7549423493962863,4.972153295514119,-16.929345681608403,1.6863572669853506,5.069687115414149,217.7883758544922
-17.091490638043396,-2.4198688192387743,6.382125297973731,-16.36064633402262,-0.3432558520022365,5.083208369893791,-0.7305583668180714,-0.00035227925266767735,-3.881547181403802e-05,-0.6828501644319928,-0.13618461680026334,0.04627254316368946,0.19503953594158707,-0.0002696451417705248,-0.0006092261969570245,0.019184529628546443,2355,846000000,20.59,0,2,2,-16.898484790190587,1.7549423493962863,4.972153295514119,-16.939482509420344,1.6629009474412324,5.103398708768766,217.97732996940613
-17.091490638043396,-2.4198688192387743,6.382125297973731,-16.368244570434594,-0.36185580264419126,5.1104994323488375,-0.7296355662891493,-0.00037476974780291915,-8.038042861153652e-06,-0.6838360913910132,-0.1359744900287732,0.04473685223331964,0.1949874682488794,6.703000039465223e-05,-0.0004830141222100792,0.01948389308381593,2356,2000000,20.45,0,2,2,-16.898484790190587,1.7549423493962863,4.972153295514119,-16.94971036469076,1.641007736487752,5.137250544937044,218.16454005241394
-17.01157680896766,-2.4646828487541175,6.445589727654782,-16.376605564842507,-0.3831232036657119,5.141675266233029,-0.7285623820094711,-0.0004010409498560638,1.4856848010264353e-05,-0.6849793387147642,-0.13573377425523958,0.043156119798442576,0.19472787645114303,2.7276912284435184e-05,-0.00041567859057067835,0.019636309298221022,2356,151000000,20.33,0,2,2,-16.958843222331613,1.6233761721584339,5.1670430113576025,-16.958843222331613,1.6233761721584339,5.1670430113576025,218.35097432136536
-17.01157680896766,-2.4646828487541175,6.445589727654782,-16.384663957754842,-0.4043817675856125,5.172772402544518,-0.7274878434557551,-0.0004164630398705189,4.691644876537662e-05,-0.686120442766048,-0.1353216663686139,0.041760431828652536,0.1940877643360807,-0.0001935137390773889,-0.00044899439330947644,0.019530871577444486,2356,300000000,20.2,0,2,2,-16.958843222331613,1.6233761721584339,5.1670430113576025,-16.969582222537635,1.605149864607383,5.201348595723305,218.5440435409546
-16.928808052987947,-2.5075527219881533,6.506142932007219,-16.393335764234827,-0.4282593312496564,5.20765305584051,-0.7262881200022392,-0.0005261354155921786,-3.7346199578852364e-05,-0.6873902010724321,-0.13480319009378913,0.03971011108175467,0.19368255527770983,0.0020410306660778588,0.00010539006964904729,0.019316395446367096,2356,464000000,20.07,0,2,2,-16.958843222331613,1.6233761721584339,5.1670430113576025,-16.98051683176578,1.5886882200335657,5.236061838697297,218.7488136291504
-16.928808052987947,-2.5075527219881533,6.506142932007219,-16.400659306061783,-0.4494410170125075,5.23857030249817,-0.7252381158738199,-0.0006308771729194335,-0.0001569647031499319,-0.6884978232644359,-0.13426667704648204,0.03807146144858726,0.1929100045938711,0.0019107447315036552,0.00021468369624244588,0.018901856856246013,2356,645000000,19.92,0,2,2,-16.993012132202722,1.5718781867675002,5.275605898218823,-16.993012132202722,1.5718781867675002,5.275605898218823,218.95013999938965
-16.928808052987947,-2.5075527219881533,6.506142932007219,-16.407643490135086,-0.470603201825065,5.269401325751425,-0.7241567675128912,-0.0006421899211278117,-0.00017408442581683535,-0.6896350725941934,-0.13416888845467692,0.03632675492878044,0.19268729671837764,-0.0004547626645035052,-0.00014943601485128966,0.020463640794332605,2356,814000000,19.8,0,2,2,-16.993012132202722,1.5718781867675002,5.275605898218823,-17.003487929833902,1.5561543223767147,5.310704079845143,219.14063167572021
-16.84334369186872,-2.5484568498122657,6.563662964936059,-16.413470972267483,-0.4891435792344806,5.296348367034617,-0.7231425988392467,-0.0006166737439731213,-0.0001224664416448889,-0.6906984772384287,-0.13406476185005328,0.03482891795309253,0.19229786820823486,-0.0009767594178811123,-0.0004085616239990486,0.02135329705197364,2356,972000000,19.67,0,2,2,-16.993012132202722,1.5718781867675002,5.275605898218823,-17.012649797030974,1.5375119048008843,5.345293365593429,219.32711148262024
-16.84334369186872,-2.5484568498122657,6.563662964936059,-16.419826029714784,-0.5103395321713988,5.327039402616565,-0.7219486225106335,-0.0005853966595878134,-3.787139545530845e-05,-0.6919464157949711,-0.1338574685249544,0.03336696365777771,0.19140603333083553,-0.0010609976925479714,-0.0005841413781126903,0.021696331350540277,2357,114000000,19.54,0,2,2,-16.993012132202722,1.5718781867675002,5.275605898218823,-17.019398371945037,1.5180164887536343,5.3750051548948985,219.51876544952393
-16.75534777182382,-2.5873797582702727,6.618033988749891,-16.42587071602801,-0.5315386209619755,5.357587372249559,-0.7207306028330639,-0.0005715439897070369,3.836499383818654e-05,-0.6932150243650835,-0.13370850462638345,0.031697338690599555,0.19074637655184895,-0.0005966509149857302,-0.0005412316625097446,0.022312878172670025,2357,269000000,19.38,0,2,2,-17.02574014349767,1.4923919250314759,5.408358808776047,-17.02574014349767,1.4923919250314759,5.408358808776047,219.70880460739136
-16.75534777182382,-2.5873797582702727,6.618033988749891,-16.430879615044955,-0.5500941021045083,5.384232666627042,-0.7196426767966755,-0.0005621433944522154,9.916488764263342e-05,-0.6943443611739384,-0.13351024729327116,0.030318411948480988,0.19008810742927199,-0.0007449362442457641,-0.0005525559629404597,0.022390084268408827,2357,434000000,19.22,0,2,2,-17.02574014349767,1.4923919250314759,5.408358808776047,-17.030806659322735,1.4637310962674364,5.441053225497046,219.89526391029358
-16.75534777182382,-2.5873797582702727,6.618033988749891,-16.436285935296393,-0.5712876998913444,5.414568814026349,-0.7183978902811623,-0.0006060602041079986,0.00010695077502347858,-0.6956321531471468,-0.13317955320566222,0.028432785822814062,0.1894274843512599,0.001271509404432436,-0.0003089506748210624,0.022398664077627473,2357,576000000,19.08,0,2,2,-17.02574014349767,1.4923919250314759,5.408358808776047,-17.034443990300474,1.4370858237445818,5.469217386438748,220.08039665222168
-16.664988648541065,-2.6243121832372855,6.669146507442605,-16.441290853161895,-0.5924558693917537,5.444796613874828,-0.7171484238887508,-0.0006904902948907487,4.443746756881232e-05,-0.6969201240905191,-0.13285002223999262,0.026540228645235087,0.18863416678856654,0.001285274322526675,-9.426724218997151e-05,0.022461695516540203,2357,727000000,18.91,0,2,2,-17.02574014349767,1.4923919250314759,5.408358808776047,-17.037975773165993,1.4058190348892297,5.501019846965891,220.2700433731079
-16.664988648541065,-2.6243121832372855,6.669146507442605,-16.445371659677956,-0.6109535299559165,5.471115174320018,-0.7160564602195287,-0.0007353181373646542,7.2383596785333365e-06,-0.6980419794200929,-0.13249948628312486,0.025098505542886656,0.18756966475244005,0.0005590571959146473,-8.204319286164719e-05,0.022230377544474322,2357,878000000,18.74,0,2,2,-17.02574014349767,1.4923919250314759,5.408358808776047,-17.04152152226019,1.37581375264605,5.532612511650231,220.46444082260132
-16.664988648541065,-2.6243121832372855,6.669146507442605,-16.44970607860704,-0.6320616664267534,5.501018591014016,-0.7148039420407011,-0.0007630122067949238,-8.351909248568502e-06,-0.6993244899084341,-0.13222914584775242,0.02326748714374444,0.18660189848756742,0.0002827315000786257,-0.00015794326770901534,0.02272105193696916,2358,31000000,18.6,0,2,2,-17.02574014349767,1.4923919250314759,5.408358808776047,-17.04472242862869,1.3508237889670427,5.560129692357272,220.6562557220459
-16.572438562504846,-2.659251146377299,6.7168975872037295,-16.45367114203738,-0.6531582134272866,5.530767017685889,-0.7135179974392921,-0.0007733194161892065,1.8876947806385704e-06,-0.7006364744314552,-0.13203816984268546,0.021561548963273457,0.18549268438740682,-0.0001270999149483032,-0.0002190810775459795,0.0231322957915836,2358,186000000,18.44,0,2,2,-17.02574014349767,1.4923919250314759,5.408358808776047,-17.04849118313359,1.3239742757943929,5.591461454890302,220.8495650291443
-16.572438562504846,-2.659251146377299,6.7168975872037295,-16.457312294712334,-0.6742328852950543,5.560307215663787,-0.7122177588043334,-0.000776865489577675,2.337746310973577e-05,-0.7019581611301614,-0.13168566326891312,0.02017995923741792,0.18404534881740503,-0.00015602900447220236,-0.00024134446050538827,0.02317367270734394,2358,352000000,18.26,0,2,2,-17.02574014349767,1.4923919250314759,5.408358808776047,-17.052489564325885,1.2992420064074064,5.622715657873141,221.04415321350098
-16.47787320574139,-2.692200012108084,6.761191063713476,-16.46062556919243,-0.6952613274341491,5.589622724264666,-0.7109185215285342,-0.0008563227113953701,-4.9434027864151526e-05,-0.7032738584757531,-0.13128107292084254,0.01831798082124544,0.1827872916791675,0.002102589246533171,0.00014375358574625352,0.02304299869138049,2358,507000000,18.09,0,2,2,-17.02574014349767,1.4923919250314759,5.408358808776047,-17.056904832772123,1.2771233896391865,5.653947089925999,221.2333300113678
-16.47787320574139,-2.692200012108084,6.761191063713476,-16.463546254001887,-0.7162340030440852,5.618731102272743,-0.7096310340035279,-0.000950637843200943,-0.00017377414040169127,-0.7045728221194194,-0.1308037331281076,0.016520669280543812,0.18134674250503047,0.0018027946339316259,0.00032234894433713634,0.022673838793707546,2358,659000000,17.91,0,2,2,-17.06147961754036,1.2570273617853929,5.685042177306731,-17.06147961754036,1.2570273617853929,5.685042177306731,221.43352270126343
-16.47787320574139,-2.692200012108084,6.761191063713476,-16.46577243051351,-0.7345245435868396,5.644018944046898,-0.7085163522980639,-0.0010765934195309155,-0.0003471356837632432,-0.7056934879745397,-0.13030545232850657,0.01454411517213633,0.1802508485195638,0.0034824990507331677,0.0006012910262143123,0.022527119472215418,2358,821000000,17.74,0,2,2,-17.06147961754036,1.2570273617853929,5.685042177306731,-17.06616576009648,1.2388316061071467,5.716072484964293,221.62475538253784
-16.38147128113288,-2.7231685253367455,6.801937735804836,-16.46789683770014,-0.7553450871154768,5.672733216118296,-0.7072512773561928,-0.0012130142072823281,-0.0005644452623794415,-0.7069609895009146,-0.12968053615191544,0.012439362461254383,0.17890069270045045,0.0028338138235994847,0.0007483263743779389,0.022204252309165895,2358,970000000,17.58,0,2,2,-17.06147961754036,1.2570273617853929,5.685042177306731,-17.070366954309673,1.2244717240516867,5.74326214693287,221.82029485702515
-16.38147128113288,-2.7231685253367455,6.801937735804836,-16.46943375007426,-0.7734784804919561,5.697660302598087,-0.706156388617437,-0.00129922955744071,-0.0007260076829646346,-0.708054333882775,-0.12906333553748592,0.010944663269521879,0.17739793331560177,0.00225933163164882,0.0006903393909851729,0.022044645993446466,2359,129000000,17.42,0,2,2,-17.06147961754036,1.2570273617853929,5.685042177306731,-17.0752732233347,1.209643766913789,5.774410395277736,222.00942182540894
-16.283414055463837,-2.7521728297852173,6.839055545102901,-16.470870417380656,-0.794126137968674,5.725900134875079,-0.7048733771697766,-0.0012748067694963931,-0.0007533450739243029,-0.709331607568825,-0.12886567341964095,0.009259556154930373,0.1759465908301016,-0.0017839262227425934,3.435178665966987e-05,0.023613601297256537,2359,277000000,17.32,0,2,2,-17.06147961754036,1.2570273617853929,5.685042177306731,-17.080168030399417,1.196200689365163,5.805732869401342,222.20620441436768
-16.283414055463837,-2.7521728297852173,6.839055545102901,-16.47197334667487,-0.814776740457834,5.753917953091608,-0.7034932910610129,-0.0011800564176520035,-0.0006284615170738656,-0.7107006415750007,-0.12885933469778701,0.007761138085630483,0.17445714168801568,-0.001974310771402088,-0.0005264285277917224,0.02471024799888255,2359,436000000,17.15,0,2,2,-17.06147961754036,1.2570273617853929,5.685042177306731,-17.08500804708453,1.183860993758234,5.837258622663702,222.39561796188354
-16.283414055463837,-2.7521728297852173,6.839055545102901,-16.472810240392842,-0.8380013618856258,5.785157889560302,-0.7018871528341819,-0.001159257502759902,-0.0005511745513321253,-0.7122870046652416,-0.12876042757161485,0.0055875227934217035,0.17298745376456376,-0.00013246284282786291,-0.00032057747034741624,0.02538335229473887,2359,596000000,16.97,0,2,2,-17.06147961754036,1.2570273617853929,5.685042177306731,-17.089717669213456,1.1723608730888004,5.869048607372921,222.59421515464783
-16.183884907378264,-2.7792354667809693,6.872469741279472,-16.47313956016907,-0.8586239537190751,5.81269386722919,-0.7004337923091877,-0.0011657251392253303,-0.0005266748366000835,-0.7137162365323391,-0.12861069394054536,0.003842269326393115,0.1714851007567346,-0.00014268663335315068,-0.00030482539443710266,0.025523087970213965,2359,768000000,16.71,0,2,2,-17.094245125975647,1.1615015166941203,5.901134572066198,-17.094245125975647,1.1615015166941203,5.901134572066198,222.78540658950806
-16.183884907378264,-2.7792354667809693,6.872469741279472,-16.473150363766397,-0.8766406471629336,5.836573972248538,-0.6991622662796176,-0.0011706324228934924,-0.000504492959361142,-0.7149618874578795,-0.12838436022778568,0.0025401449941208176,0.16994693714091574,-0.00019763098038083626,-0.0002982770467951923,0.02529477442294592,2359,930000000,16.52,0,2,2,-17.094245125975647,1.1615015166941203,5.901134572066198,-17.098567783778034,1.1511387779657531,5.93350633954826,222.98093843460083
-16.183884907378264,-2.7792354667809693,6.872469741279472,-16.472844864050984,-0.8971761390284947,5.863599182917029,-0.697722523809502,-0.0012338269722771927,-0.0005598998207728094,-0.7163668361615381,-0.12797569686059534,0.0006507469881774609,0.1682497002382128,0.002069099787149753,0.00016757707896886131,0.025004859708133154,2360,77000000,16.4,0,2,2,-17.094245125975647,1.1615015166941203,5.901134572066198,-17.102597980260303,1.141121768289162,5.966215456044889,223.17359471321106
-16.08306887143714,-2.804385354445228,6.902113032590306,-16.47213346254189,-0.9176258666374993,5.890342770539299,-0.6962962099737556,-0.001326100167255188,-0.0006962260148939941,-0.7177529830685944,-0.12750074844046844,-0.001206606356306911,0.166335599049734,0.0019439603192950017,0.0004022390555746824,0.024730140285100788,2360,233000000,16.18,0,2,2,-17.094245125975647,1.1615015166941203,5.901134572066198,-17.10590173933887,1.1325663413811273,5.995099239475168,223.36897706985474
-16.08306887143714,-2.804385354445228,6.902113032590306,-16.471065921430498,-0.9379809604064047,5.916758691993738,-0.6948870859429391,-0.0013921719348964346,-0.0008151262597341847,-0.7191170525138549,-0.12695524069362468,-0.0027868597997829513,0.16420762436949832,0.0014393541732715676,0.0003834060038343523,0.024294506874866784,2360,389000000,16.01,0,2,2,-17.094245125975647,1.1615015166941203,5.901134572066198,-17.10929475396599,1.1227519902075387,6.0283853194241175,223.56189966201782
-15.981152179474375,-2.8276577472677515,6.927925721391707,-16.469666667647864,-0.9582549982803193,5.942845140942656,-0.6934647834041993,-0.001346171537879912,-0.0007882404116880931,-0.7204888345265393,-0.1267503321061019,-0.004422148676644201,0.16228560332543712,-0.0015964860040185158,-0.00012114728349388315,0.025251745682908222,2360,549000000,15.85,0,2,2,-17.111127934940505,1.1093782568884012,6.060860183228131,-17.111127934940505,1.1093782568884012,6.060860183228131,223.75152230262756
-15.981152179474375,-2.8276577472677515,6.927925721391707,-16.46817316946966,-0.9759671796336006,5.965420380553421,-0.6921724908030508,-0.0012783970125025807,-0.0006919607982834386,-0.7217306491114482,-0.12666152365159516,-0.00571775626619514,0.16055708993256207,-0.0016710729596525198,-0.00041343184875586303,0.025844346782832872,2360,704000000,15.67,0,2,2,-17.111127934940505,1.1093782568884012,6.060860183228131,-17.11104835919569,1.0913440916896526,6.092074224800143,223.9418179988861
-15.981152179474375,-2.8276577472677515,6.927925721391707,-16.46615933494333,-0.9961765405796601,5.9909263244476625,-0.690663928302039,-0.0012620511619721927,-0.0006349130062775262,-0.7231744894938805,-0.12652051441102755,-0.007503557268317723,0.1586877740885975,7.494726901313697e-05,-0.00027214792339691485,0.026332534980610944,2360,856000000,15.51,0,2,2,-17.111127934940505,1.1093782568884012,6.060860183228131,-17.109560173838133,1.0721199523622904,6.118354255959678,224.13786721229553
-15.878321800454078,-2.849094176114604,6.949855824363647,-16.46376799330639,-1.0163330849633485,6.016127485495947,-0.6891368086475474,-0.0012736603810436784,-0.0006291455954214322,-0.7246298647807216,-0.12626914546709028,-0.009243667013231704,0.1566855593456259,1.928912300996899e-05,-0.00013683647779316743,0.026310876091883983,2361,15000000,15.32,0,2,2,-17.106466997774472,1.046779854448513,6.14724931069294,-17.106466997774472,1.046779854448513,6.14724931069294,224.32716631889343
-15.878321800454078,-2.849094176114604,6.949855824363647,-16.461039487866145,-1.0364157442103268,6.04099032553565,-0.6876201405447663,-0.0012806293229429401,-0.0006317092536934805,-0.7260692138144625,-0.1258990966842893,-0.010728701510482556,0.15450715934156495,0.00011071222942860004,-2.0845876846919964e-05,0.025941349849745166,2361,168000000,15.12,0,2,2,-17.106466997774472,1.046779854448513,6.14724931069294,-17.102058409170176,1.0184251830520963,6.175020126281549,224.51822662353516
-15.774764980033865,-2.8687423687722617,6.967859177197259,-16.457982079859608,-1.0564294116718205,6.065509812193194,-0.6860914632984418,-0.00122852942119889,-0.0005662455511318916,-0.7275140370263928,-0.1257926402540435,-0.012454510699011271,0.1524645565588602,-0.0015329859593293804,-0.00025237662271138106,0.026764815265778452,2361,322000000,14.93,0,2,2,-17.106466997774472,1.046779854448513,6.14724931069294,-17.096470041436373,0.9875900858330431,6.201760651773272,224.71314358711243
-15.774764980033865,-2.8687423687722617,6.967859177197259,-16.455025805953145,-1.0739137294968544,6.086694394136819,-0.6847193118302353,-0.0011670199992673237,-0.0004685893792987992,-0.7288057920290176,-0.1257695973637476,-0.013728063257259527,0.1506054669373579,-0.0016206058830903203,-0.00041705364424160507,0.026966360564983916,2361,477000000,14.72,0,2,2,-17.106466997774472,1.046779854448513,6.14724931069294,-17.08993961401816,0.9549328038570236,6.227550125641533,224.8998875617981
-15.774764980033865,-2.8687423687722617,6.967859177197259,-16.451343969383206,-1.093872466358517,6.110584182878313,-0.6831352739001866,-0.0010903251499291967,-0.00033466502193971523,-0.7302909671793205,-0.12586405869384634,-0.01547253872318367,0.14848917859755106,-0.001995771799556678,-0.0005207104436522059,0.027361004140402656,2361,633000000,14.54,0,2,2,-17.083940219750904,0.9265975816704085,6.2496307474339705,-17.083940219750904,0.9265975816704085,6.2496307474339705,225.0969569683075
-15.670668781037511,-2.8866561511884625,6.981899523535869,-16.44730155150496,-1.1138146615035636,6.1341284715761315,-0.6815296171457814,-0.0010118340169024455,-0.00018819310885774624,-0.7317898070678495,-0.12593380301231102,-0.01707662717278158,0.14627899018960602,-0.0019758679627557285,-0.0005845865416631568,0.02748458518908592,2361,790000000,14.33,0,2,2,-17.083940219750904,0.9265975816704085,6.2496307474339705,-17.077078778780233,0.895472221910933,6.274510491641688,225.28557443618774
-15.670668781037511,-2.8866561511884625,6.981899523535869,-16.442953208004777,-1.1337198643132218,6.157301280457386,-0.6799219648985108,-0.0009416499091898765,-4.698091645408787e-05,-0.733283869137178,-0.12579440107893816,-0.018343597710443575,0.14386692702964818,-0.001808212800824549,-0.000562099091894197,0.027367984694137704,2361,941000000,14.11,0,2,2,-17.083940219750904,0.9265975816704085,6.2496307474339705,-17.07067427625348,0.8670405960374629,6.299260463014643,225.47773480415344
-15.670668781037511,-2.8866561511884625,6.981899523535869,-16.4389057654793,-1.1510959580336442,6.177260101116976,-0.6785063458271845,-0.000864420261613801,9.513713473008827e-05,-0.7345940255670325,-0.12581307550177448,-0.01973047350990521,0.14181269418931677,-0.0023918874830997083,-0.0006150888054889947,0.027788273655460216,2362,99000000,13.89,0,2,2,-17.083940219750904,0.9265975816704085,6.2496307474339705,-17.0647798100524,0.8415626682156572,6.324039292153522,225.66247057914734
-15.566219626035252,-2.9028953296266673,6.991948587990478,-16.43460277940504,-1.1684457280316594,6.196931634725114,-0.6770725017886743,-0.0007910988100237161,0.00023499016121905728,-0.73591585542365,-0.12578130996534473,-0.021036310389224787,0.1397190421154237,-0.0020368835066619795,-0.0005629250722449797,0.02782401043077698,2362,240000000,13.7,0,2,2,-17.060004962676132,0.8216212708851516,6.345763839706319,-17.060004962676132,0.8216212708851516,6.345763839706319,225.8575794696808
-15.566219626035252,-2.9028953296266673,6.991948587990478,-16.42941354648538,-1.188226930718055,6.219041709993279,-0.675442588417235,-0.0007115127463847756,0.0003841225881539332,-0.7374121343941082,-0.12570477246360096,-0.02218744964721247,0.13719191897213598,-0.0020493083184192074,-0.0005236579738721048,0.02745996662270045,2362,395000000,13.51,0,2,2,-17.060004962676132,0.8216212708851516,6.345763839706319,-17.055322620379226,0.802937533429562,6.367172128981182,226.04373836517334
-15.461602843222426,-2.9175255540069984,6.997986133082629,-16.424643462084404,-1.2054862505899575,6.238052203017564,-0.674021282362339,-0.000696009297323869,0.0004401506186634869,-0.7387114678689635,-0.12550558715388221,-0.0235892052114039,0.13494650068792935,0.00019130362005626012,-0.00019591385154171803,0.027687870715453755,2362,541000000,13.29,0,2,2,-17.060004962676132,0.8216212708851516,6.345763839706319,-17.050058288272005,0.7831674530250136,6.391275827902874,226.2329330444336
-15.461602843222426,-2.9175255540069984,6.997986133082629,-16.41885592601142,-1.2251239413535375,6.259390931474759,-0.672372722212984,-0.0007069699602260166,0.00043264773509724076,-0.7402122907877942,-0.1252512602156814,-0.025229476338645595,0.13235980199350533,9.023489866422096e-05,5.270158496273325e-05,0.02799413268803619,2362,696000000,13.09,0,2,2,-17.060004962676132,0.8216212708851516,6.345763839706319,-17.045430672510037,0.7670396266458226,6.41204501294091,226.4185507297516
-15.461602843222426,-2.9175255540069984,6.997986133082629,-16.412717100957067,-1.2446866772685745,6.280319040399526,-0.6706994276316989,-0.0006763787744858925,0.0004616569386017578,-0.7417287962315713,-0.12527309767888906,-0.027035608671840537,0.12983024581149255,-0.0008956980536822812,-2.4209549387421703e-05,0.028483532696554903,2362,847000000,12.86,0,2,2,-17.039834611102282,0.7491333917239444,6.4352829860986125,-17.039834611102282,0.7491333917239444,6.4352829860986125,226.60632610321045
-15.357002216775566,-2.9306181627619963,7.0,-16.406205196804105,-1.264199134365472,6.300839503379383,-0.6690056382890053,-0.0006273902766205494,0.0005267276580850229,-0.743256876777427,-0.1252545029532633,-0.028720692783020918,0.12723764059476791,-0.0010558032613516843,-0.00014342346332796296,0.02846900333679514,2363,4000000,12.63,0,2,2,-17.034080586704704,0.7322054154699541,6.458118127623004,-17.034080586704704,0.7322054154699541,6.458118127623004,226.7952446937561
-15.357002216775566,-2.9306181627619963,7.0,-16.40024291837947,-1.281214212066014,6.318448230551754,-0.6675242499855121,-0.0005908326567628527,0.0005822872303500379,-0.7445875956122507,-0.1251036754092205,-0.029859317163369353,0.12487883522104234,-0.0008891425977708423,-0.00012538893514602023,0.028439125708246138,2363,162000000,12.39,0,2,2,-17.034080586704704,0.7322054154699541,6.458118127623004,-17.028257687500062,0.7165489642501023,6.480659115944646,226.98653483390808
-15.357002216775566,-2.9306181627619963,7.0,-16.3940590846661,-1.2981690903689893,6.335726959796848,-0.6660404990333244,-0.0005392955640634676,0.0006546461445137066,-0.745915098550874,-0.1250365609053813,-0.031134934682439403,0.12251742504518762,-0.001621616684133187,-0.00018101554957183907,0.02845110448106425,2363,307000000,12.19,0,2,2,-17.034080586704704,0.7322054154699541,6.458118127623004,-17.02313905056373,0.704018136379936,6.500206364678104,227.17494249343872
-15.25259954285125,-2.9422500095898476,6.997986133082629,-16.386687317375454,-1.3174869229655735,6.355065337398131,-0.6643398328080405,-0.0004620337562034366,0.0007643715993816877,-0.7474301230251901,-0.12502853749606155,-0.03258315451953539,0.11975057697312486,-0.0017197537317770184,-0.00016809112537430337,0.028492794444900937,2363,453000000,11.98,0,2,2,-17.034080586704704,0.7322054154699541,6.458118127623004,-17.0180486005319,0.6926351627862238,6.519645035859004,227.36593079566956
-15.25259954285125,-2.9422500095898476,6.997986133082629,-16.37902744477914,-1.3367339477951654,6.373956887803213,-0.6626460020963796,-0.0003949441130826253,0.000858514783219116,-0.7489321617324225,-0.1248458703105699,-0.03374263880982897,0.11695386880633969,-0.0012840402064284717,-0.00012290552575677793,0.028050461696693674,2363,614000000,11.75,0,2,2,-17.034080586704704,0.7322054154699541,6.458118127623004,-17.012196867168154,0.6808928553849274,6.541762735878054,227.56196975708008
-15.148574192374907,-2.9525032725414264,6.991948587990478,-16.37108387910799,-1.355889264373707,6.392395931188537,-0.6609519699202844,-0.00036799833548430063,0.0008965110172141948,-0.7504275809854781,-0.12469594167372378,-0.035295028831374045,0.11405478775207996,-0.00020122476200867823,2.7104775845998574e-05,0.028605215811694507,2363,772000000,11.52,0,2,2,-17.00623703374105,0.6702800184768899,6.5638066475204315,-17.00623703374105,0.6702800184768899,6.5638066475204315,227.76002740859985
-15.148574192374907,-2.9525032725414264,6.991948587990478,-16.36385738011428,-1.3725751107043538,6.408146627478898,-0.6594447254926408,-0.0003532863807613437,0.0009068145370881154,-0.7517524239376046,-0.12455701493800879,-0.03656767645483334,0.11149771481681967,-0.0003203272683549585,0.00010056952461923174,0.028589794783329125,2363,924000000,11.29,0,2,2,-17.000080216128975,0.6605846854903242,6.58579662088142,-17.000080216128975,0.6605846854903242,6.58579662088142,227.95890283584595
-15.148574192374907,-2.9525032725414264,6.991948587990478,-16.355290524089813,-1.3915560021741682,6.425708342088336,-0.6577163462354523,-0.0003620583764162218,0.0008757210922842822,-0.7532650993647503,-0.12445875053749085,-0.03834217568270602,0.10854271190656864,0.0008065293854997435,0.00028561389626702294,0.028950554769835435,2364,74000000,11.09,0,2,2,-17.000080216128975,0.6605846854903242,6.58579662088142,-16.99405908709025,0.6512511340935087,6.604650925032961,228.14580249786377
-15.045102681746993,-2.961465245929668,6.981899523535869,-16.3474815148152,-1.4080832358769293,6.440682535785034,-0.6561852493143338,-0.00038065644050198336,0.0008174010339545139,-0.7545993013106423,-0.12431574220052541,-0.03987959925794039,0.10589221240371342,0.0007462127484814118,0.0004125647024011414,0.028972597647225484,2364,227000000,10.86,0,2,2,-17.000080216128975,0.6605846854903242,6.58579662088142,-16.985624284392987,0.6365512895329426,6.625027474892023,228.33842372894287
-15.045102681746993,-2.961465245929668,6.981899523535869,-16.338243959344453,-1.4268625803375803,6.4573454224900555,-0.6544362530885655,-0.00038063734454714805,0.0007618176940591443,-0.7561167009082739,-0.1240275694351108,-0.041277965904391346,0.10293468844742164,0.00030679171061365196,0.0005064928529918689,0.02893050987040624,2364,376000000,10.67,0,2,2,-16.976967514062217,0.6202958668084044,6.6418039431989175,-16.976967514062217,0.6202958668084044,6.6418039431989175,228.53204011917114
-14.942358252569695,-2.969228115601023,6.96785917719726,-16.328710608016173,-1.445530922469809,6.473533567276649,-0.6526842855838169,-0.00030986548592489113,0.0007989690129707591,-0.7576295196095777,-0.12396311141020917,-0.04270924693811666,0.09989304814932656,-0.0016454030287604837,0.00019821939218900297,0.028944064433744643,2364,530000000,10.44,0,2,2,-16.976967514062217,0.6202958668084044,6.6418039431989175,-16.965756739725578,0.5983721673310342,6.65982338336701,228.7173159122467
-14.942358252569695,-2.969228115601023,6.96785917719726,-16.32011676843735,-1.4617970746242186,6.487297915304352,-0.6511538063587675,-0.00023118177328980985,0.0008817942805480156,-0.7589452479977216,-0.12388166769458717,-0.043881188990890566,0.09721918348857456,-0.0016252738987532211,2.7068209185188152e-05,0.0286840080661932,2364,681000000,10.21,0,2,2,-16.976967514062217,0.6202958668084044,6.6418039431989175,-16.953655165664678,0.5745015316892934,6.6768842435970175,228.91081953048706
-14.942358252569695,-2.969228115601023,6.96785917719726,-16.310012527944636,-1.480307002439723,6.50256405804236,-0.6494095729759627,-0.00013489725783282104,0.0010003926628194709,-0.7604381549767395,-0.12398562298712715,-0.04542502514329573,0.09401502129678149,-0.0020947222992617753,-8.387197567572002e-05,0.028815919176850002,2364,837000000,10.04,0,2,2,-16.976967514062217,0.6202958668084044,6.6418039431989175,-16.941111110598094,0.5502374447763828,6.693271407045272,229.10313248634338
-14.840510461471446,-2.975888718158154,6.949855824363648,-16.299577063182166,-1.4987524828984136,6.51731381064467,-0.6476567886777909,-3.726804718809796e-05,0.0011303646651429338,-0.7619313649971287,-0.12405661229451537,-0.046890607344222,0.09079620940264047,-0.001982268759093131,-0.00010969044836883768,0.02867749735742109,2364,992000000,9.8,0,2,2,-16.93018389385555,0.5302301778059364,6.707336696560302,-16.93018389385555,0.5302301778059364,6.707336696560302,229.2959430217743
-14.840510461471446,-2.975888718158154,6.949855824363648,-16.28885679654451,-1.5171207116712089,6.531560196730326,-0.6459202121021762,5.0584193372636916e-05,0.0012465229174791592,-0.7634039056880276,-0.1240787186515496,-0.04799896660973085,0.08770508315836581,-0.001721644935059885,-3.437110329684856e-05,0.028242527514521498,2365,142000000,9.58,0,2,2,-16.918004126251024,0.5094589116186492,6.723295605682745,-16.918004126251024,0.5094589116186492,6.723295605682745,229.48757410049438
-14.840510461471446,-2.975888718158154,6.949855824363648,-16.279248986022008,-1.533124769951899,6.543611228806686,-0.6443967947850866,9.586253224452899e-05,0.0012986290913278816,-0.7646901825207153,-0.12404523812300934,-0.04935371682512972,0.08479428435851342,-0.0006468370202128426,0.00011730015785360592,0.028818039572797716,2365,301000000,9.37,0,2,2,-16.918004126251024,0.5094589116186492,6.723295605682745,-16.906211408931025,0.49115798438432606,6.739233461390931,229.67639207839966
-14.739724781076784,-2.9815482847712667,6.927925721391708,-16.267963367857398,-1.551316600290517,6.556879993711099,-0.642626556267886,0.0001357836973407509,0.0013254341572920929,-0.7661783956536229,-0.12394951765620905,-0.0507642634414035,0.08141782294202565,-0.0005679500702626683,0.0002626621323997824,0.028829442635469604,2365,454000000,9.19,0,2,2,-16.918004126251024,0.5094589116186492,6.723295605682745,-16.89605776754826,0.4769387371679271,6.753151516646878,229.8704857826233
-14.739724781076784,-2.9815482847712667,6.927925721391708,-16.256406963887,-1.569396056445147,6.569616717982824,-0.6408614768179626,0.00019226720870087763,0.0013563243534926554,-0.7676553204064103,-0.12372992485783865,-0.05180716705620782,0.07815137859345449,-0.0008689863818744925,0.00037871753022500343,0.02873389112210134,2365,611000000,8.99,0,2,2,-16.884434359700617,0.4621835728844865,6.768947015860272,-16.884434359700617,0.4621835728844865,6.768947015860272,230.05768752098083
-14.640162213137074,-2.986312170261556,6.902113032590307,-16.246093491583615,-1.5851198837503404,6.580332570945403,-0.6393167305353279,0.0002740648872033947,0.0014211559313348728,-0.7689421455882589,-0.12363234756508537,-0.052912863843178934,0.0751898401335831,-0.0018457943724570214,0.0002687853225324943,0.02871926080842968,2365,762000000,8.8,0,2,2,-16.884434359700617,0.4621835728844865,6.768947015860272,-16.872091966003765,0.4463067223446136,6.783905051074113,230.24684047698975
-14.640162213137074,-2.986312170261556,6.902113032590307,-16.23404792822034,-1.6029942228193161,6.5920745769616,-0.6375555223316813,0.00037135853313652334,0.0015188585748402497,-0.7704028239212564,-0.1235786036710591,-0.05402280210140535,0.07186847902524848,-0.0016373750327147718,0.00012979733554630002,0.02843082056642743,2365,914000000,8.63,0,2,2,-16.884434359700617,0.4621835728844865,6.768947015860272,-16.860450852076333,0.4304211444384222,6.796089041851549,230.43740248680115
-14.640162213137074,-2.986312170261556,6.902113032590307,-16.221739414636907,-1.6207811123771183,6.603276495319183,-0.6358042076188822,0.00046198861263713545,0.0016248496140978106,-0.7718485317757483,-0.12371068410650547,-0.055388759058047424,0.06831171773052137,-0.0017971384181691974,2.4803132347983592e-05,0.028411400853656232,2366,74000000,8.44,0,2,2,-16.884434359700617,0.4621835728844865,6.768947015860272,-16.846195664398387,0.4099595660037464,6.8089564339331945,230.6314878463745
-14.541978914802943,-2.9902895681847994,6.872469741279476,-16.209130588678107,-1.6384934401460818,6.613908997587819,-0.6340503889271207,0.0005573180444015247,0.0017426236982870753,-0.7732895686355858,-0.12383037184390341,-0.056640167827175666,0.06481188188823309,-0.001941060781973647,5.602165735751896e-05,0.028313493385212496,2366,233000000,8.25,0,2,2,-16.884434359700617,0.4621835728844865,6.768947015860272,-16.83112757461638,0.3877489014442392,6.820782339077888,230.82103538513184
-14.541978914802943,-2.9902895681847994,6.872469741279476,-16.19627000079784,-1.6561161739383687,6.624000945045205,-0.6323036621625912,0.0006638071717453267,0.0018658560705755698,-0.7747181143854441,-0.12373723314100069,-0.05761637867416619,0.06149513760972911,-0.0020705699625978014,0.00015381146880599772,0.02809993748087436,2366,395000000,8.06,0,2,2,-16.884434359700617,0.4621835728844865,6.768947015860272,-16.815747168478225,0.36540582559623225,6.83185055420545,231.01637959480286
-14.445325838981478,-2.993593212685567,6.839055545102902,-16.184824209452415,-1.6714480218936543,6.632392596824602,-0.6307688585194059,0.0007393075475391258,0.0019416827082335236,-0.7759679957412781,-0.1237190956674169,-0.05866261203731995,0.058399000552332866,-0.001163004674253898,0.00025244586083772447,0.02857376166502945,2366,543000000,7.88,0,2,2,-16.80034370051687,0.3439929844419343,6.842370447667519,-16.80034370051687,0.3439929844419343,6.842370447667519,231.20903611183167
-14.445325838981478,-2.993593212685567,6.839055545102902,-16.17148702549794,-1.6888721420003054,6.641444210974315,-0.6289845174212394,0.000802736117081454,0.0019906201497279868,-0.7774148634355509,-0.12364451047331473,-0.05982839649715025,0.05481532577952025,-0.0008765861139181652,0.0003075388661955003,0.028714836480503436,2366,691000000,7.73,0,2,2,-16.78704918721465,0.32682542602631265,6.851278264264871,-16.78704918721465,0.32682542602631265,6.851278264264871,231.39500951766968
-14.445325838981478,-2.993593212685567,6.839055545102902,-16.159592317244677,-1.7040206212810594,6.648888830958134,-0.6274036686479998,0.0008506949849835218,0.002016604294797656,-0.7786911108984045,-0.12360317572074561,-0.0611076078232176,0.05151437003132919,-0.0006480600632130518,0.0004184153453934414,0.029440008620440494,2366,846000000,7.56,0,2,2,-16.77173487945108,0.3075791236811539,6.860862676075039,-16.77173487945108,0.3075791236811539,6.860862676075039,231.58181023597717
-14.350348389681816,-2.9963390679327606,6.801937735804841,-16.145706618487036,-1.7212183860075818,6.6568344208410535,-0.6255566408774783,0.0009050141175949671,0.0020361165846801417,-0.7801755726968039,-0.12353914280479605,-0.06245242915871461,0.047825441743224124,-0.000622809409378533,0.0004281185567833745,0.029589661971840542,2366,996000000,7.42,0,2,2,-16.77173487945108,0.3075791236811539,6.860862676075039,-16.756270461503973,0.28861678166647686,6.869773195776082,231.77258586883545
-14.350348389681816,-2.9963390679327606,6.801937735804841,-16.131562229257753,-1.7382882670514437,6.664213873354129,-0.6237188888006744,0.000965191821631141,0.0020606124772783014,-0.7816454247510296,-0.12334425685388975,-0.06343957409875636,0.044397827050258645,-0.0007810816043729574,0.0005066015660304402,0.0292134036499192,2367,154000000,7.25,0,2,2,-16.77173487945108,0.3075791236811539,6.860862676075039,-16.742729306934443,0.2727598797143959,6.8770769193258126,231.96330976486206
-14.350348389681816,-2.9963390679327606,6.801937735804841,-16.117183721432404,-1.7552386893319847,6.671037382882325,-0.6219117024627152,0.0010845996925839345,0.0021697466130177452,-0.7830836163418751,-0.12342796743523363,-0.06459208776744264,0.04070101968353467,-0.002663771761035605,0.0002167932876773193,0.028517897953861393,2367,307000000,7.1,0,2,2,-16.77173487945108,0.3075791236811539,6.860862676075039,-16.726896403030793,0.2544658701770457,6.884670017576758,232.1525993347168
-14.257186093209897,-2.998646005985418,6.7611910637134764,-16.102547777976113,-1.7721081670387901,6.67726809949272,-0.6201474112406696,0.0012255674127073474,0.0023381607859758137,-0.7844808597538576,-0.12359635692016127,-0.06556087466826443,0.03704421390121138,-0.0027311290068610106,0.00011722902328870077,0.02780778941087192,2367,465000000,6.95,0,2,2,-16.77173487945108,0.3075791236811539,6.860862676075039,-16.710849165406593,0.23651379626850302,6.891568289982522,232.3406481742859
-14.257186093209897,-2.998646005985418,6.7611910637134764,-16.089577803496244,-1.7868014140429542,6.682257715945138,-0.618633009126066,0.0013507162575039327,0.0024899814590357023,-0.7856749808779416,-0.12355979670609693,-0.06607766704361667,0.03400359089430265,-0.0028207428613313823,0.00015985647223715205,0.02734710942604579,2367,624000000,6.81,0,2,2,-16.77173487945108,0.3075791236811539,6.860862676075039,-16.694822245789627,0.21969667084723707,6.897927067140788,232.52814316749573
-14.165972286029167,-3.000635473973351,6.716897587203735,-16.074591246142713,-1.8034982902269097,6.687437322473332,-0.616910341765595,0.001469126629837755,0.0026237291784900647,-0.7870276919745582,-0.1235265080307593,-0.06696175145676886,0.030341821949626403,-0.00181915728489912,0.0002587184496860573,0.027556782151805237,2367,774000000,6.7,0,2,2,-16.77173487945108,0.3075791236811539,6.860862676075039,-16.68090375138184,0.20635121988452024,6.903120690360095,232.7142939567566
-14.165972286029167,-3.000635473973351,6.716897587203735,-16.05938761427964,-1.8200836584657745,6.6920286532194675,-0.6151642101519296,0.0015794671113787064,0.0027347014826471605,-0.7883926821321957,-0.12340891262798578,-0.06775826823235738,0.026708652751663037,-0.0019998457446490647,0.0003668508497867151,0.027804970704892185,2367,932000000,6.57,0,2,2,-16.66481741486441,0.19137879950408931,6.908453132056913,-16.66481741486441,0.19137879950408931,6.908453132056913,232.90432929992676
-14.165972286029167,-3.000635473973351,6.716897587203735,-16.047849884896927,-1.8324477320377213,6.6950916159521325,-0.6138360484523192,0.0016564610156177145,0.0028055441305113752,-0.7894268114774653,-0.12346871953995373,-0.06860794907099656,0.02383863760450331,-0.0015115791029529646,0.00036269531165089575,0.02838725831679767,2368,77000000,6.46,0,2,2,-16.66481741486441,0.19137879950408931,6.908453132056913,-16.64848751303991,0.17650292661714473,6.913112085557558,233.10435152053833
-14.076833820056732,-3.0024311515106303,6.669146507442607,-16.032228689307946,-1.8488472637842794,6.698636747763646,-0.6120185363797369,0.0017524412948285418,0.0028935745945242804,-0.7908361823432072,-0.12355705167290845,-0.06969852680717917,0.020024197623710112,-0.0017430529169359943,0.0003853573161904933,0.028991660292376764,2368,213000000,6.38,0,2,2,-16.63615912967068,0.16575810358120785,6.916210118645793,-16.63615912967068,0.16575810358120785,6.916210118645793,233.29311442375183
-14.076833820056732,-3.0024311515106303,6.669146507442607,-16.016393612534888,-1.8651345559435475,6.701592562239102,-0.6101903497858379,0.0018650485015428197,0.0029976134734143326,-0.7922469772336069,-0.1234554065382473,-0.07041491414388011,0.016399741629727276,-0.0019541091887731454,0.00045151358278872067,0.028610682966245804,2368,371000000,6.28,0,2,2,-16.63615912967068,0.16575810358120785,6.916210118645793,-16.619801278727643,0.15254493624087745,6.919938798168188,233.47805404663086
-14.076833820056732,-3.0024311515106303,6.669146507442607,-16.000365174192844,-1.8813073931566324,6.703959849812271,-0.6084001155737566,0.002000757514531357,0.0031393895035211907,-0.7936217238538474,-0.12350679442682162,-0.07133919088791381,0.012495573376571919,-0.0026598197564453585,0.0002589322917856407,0.027832984233100433,2368,521000000,6.2,0,2,2,-16.63615912967068,0.16575810358120785,6.916210118645793,-16.603598972943455,0.14092829357220357,6.923255592496095,233.66587686538696
-13.989890786116403,-3.0041585992905784,6.6180339887498985,-15.984126017972333,-1.897382058081255,6.705705201778345,-0.6066520459600482,0.00214298844230848,0.0033095508020554434,-0.7949577030298607,-0.12353751836498925,-0.07201846372005048,0.008662362399775064,-0.002749750319708255,0.00022245847617341497,0.027254233646090142,2368,680000000,6.14,0,2,2,-16.63615912967068,0.16575810358120785,6.916210118645793,-16.58754120052821,0.1309450069125962,6.926187485709175,233.8559286594391
-13.989890786116403,-3.0041585992905784,6.6180339887498985,-15.969786660717068,-1.9113669650904763,6.7067528817606785,-0.6051542174246805,0.002268132455635401,0.0034546911532145714,-0.7960975403914536,-0.1234885870881203,-0.07243142929723316,0.005546116442114619,-0.002680063153093215,0.0003301069796179945,0.02655176376720192,2368,839000000,6.09,0,2,2,-16.63615912967068,0.16575810358120785,6.916210118645793,-16.571486105426885,0.12205281976948439,6.928710076312466,234.0487084388733
-13.905256256218784,-3.005944899839202,6.563662964936061,-15.949087907889412,-1.9312088429286098,6.707474538034656,-0.6030398960498659,0.0024382823126361695,0.003639436131155047,-0.7976989990317013,-0.12348460102679941,-0.07334671021670842,0.0007103403625296257,-0.0023687948669248726,0.0003575203919581327,0.026654386419977527,2368,995000000,6.05,0,2,2,-16.556736586049873,0.11257514485103791,6.930130866666491,-16.556736586049873,0.11257514485103791,6.930130866666491,234.27631044387817
-13.905256256218784,-3.005944899839202,6.563662964936061,-15.932330056111793,-1.946970358254978,6.707371975201915,-0.6013467521900429,0.0025733952004017655,0.003793315540425969,-0.7989750133920586,-0.12350128661829902,-0.07387320891773255,-0.0029021522486750097,-0.0024839559500833275,0.00029091845306083997,0.02639585654833354,2369,182000000,6.02,0,2,2,-16.556736586049873,0.11257514485103791,6.930130866666491,-16.53409694512146,0.09440272011169974,6.930631057928395,234.46248245239258
-13.905256256218784,-3.005944899839202,6.563662964936061,-15.917521977983661,-1.9606862778826684,6.706792647058953,-0.5998556582812196,0.002683391014942077,0.003918131864675966,-0.8000941425128398,-0.12362866707468616,-0.07464405274987349,-0.006499925573423179,-0.002289997200932703,0.00033605974181227793,0.026928408442472573,2369,339000000,6.0,0,2,2,-16.556736586049873,0.11257514485103791,6.930130866666491,-16.514698183217916,0.07621993306044872,6.929711161690925,234.64465260505676
-13.823036045287,-3.0079182914293168,6.50614293200722,-15.900400980561711,-1.9762728149322961,6.705526028693309,-0.5981142291433796,0.0028181627602425303,0.004067643056169729,-0.8013955834260911,-0.12368216088820483,-0.07536386792823258,-0.01036331197423252,-0.0026204821097053355,0.00037521108140481374,0.027339269217918627,2369,495000000,6.0,0,2,2,-16.556736586049873,0.11257514485103791,6.930130866666491,-16.497128975557125,0.058810827985173855,6.928110149502707,234.83497071266174
-13.823036045287,-3.0079182914293168,6.50614293200722,-15.883125649449367,-1.991756248212147,6.703682545270198,-0.5963657821396664,0.0029608600532272217,0.004220286586477596,-0.8026962541222034,-0.12362733554952117,-0.07571973622933667,-0.01386590763533505,-0.0025456420644331956,0.000488325974856707,0.027038245025323704,2369,651000000,6.0,0,2,2,-16.556736586049873,0.11257514485103791,6.930130866666491,-16.47665731920522,0.03812172443440064,6.925515436666455,235.02283430099487
-13.743328492892093,-3.010207796180322,6.445589727654784,-15.867900764790814,-2.0052254601878152,6.7016048876719285,-0.5948554072116103,0.003088725061436392,0.004355963681746146,-0.803814984849752,-0.1237180174371234,-0.07622189384998976,-0.017220050250263432,-0.0026917523882730165,0.0003854878343645396,0.02668462420842843,2369,804000000,6.02,0,2,2,-16.4556477769946,0.01618090377390266,6.922021966930456,-16.4556477769946,0.01618090377390266,6.922021966930456,235.21377730369568
-13.743328492892093,-3.010207796180322,6.445589727654784,-15.850334902773538,-2.0205346158659734,6.698659805438267,-0.5931533010301212,0.003236564808165224,0.004521812771817926,-0.8050703319180065,-0.12376102685053536,-0.07684035692762425,-0.020920033119039914,-0.0027949107106906013,0.0004557788884085312,0.026173970036325045,2369,954000000,6.04,0,2,2,-16.4370295152021,-0.003350561902526229,6.918354570031884,-16.4370295152021,-0.003350561902526229,6.918354570031884,235.4110324382782
-13.743328492892093,-3.010207796180322,6.445589727654784,-15.832599498388431,-2.0357441195020027,6.695112637169507,-0.5914583336497873,0.0033800976561836225,0.004679871326691732,-0.8063148971093222,-0.12386856078545216,-0.07750185716376419,-0.025027764159804067,-0.0025442441256018355,0.0003611728345731535,0.026536655423115008,2370,112000000,6.08,0,2,2,-16.4370295152021,-0.003350561902526229,6.918354570031884,-16.415923779276365,-0.02455460813295321,6.913696800906173,235.5942621231079
-13.666224265507282,-3.0129428433883514,6.382125297973728,-15.814691546096714,-2.050863679434039,6.690921174359745,-0.589737046473783,0.003518106116705939,0.0048424298069078145,-0.8075731482777864,-0.12394723930408731,-0.07802861077555559,-0.028842288374230928,-0.0026699511408878607,0.00035558519755340967,0.02668540255399421,2370,266000000,6.13,0,2,2,-16.4370295152021,-0.003350561902526229,6.918354570031884,-16.395213583805887,-0.043696967277750576,6.908631345488341,235.78216576576233
-13.666224265507282,-3.0129428433883514,6.382125297973728,-15.798910936171607,-2.0640130540305583,6.686783192658582,-0.5882333201168815,0.0036452022383384876,0.004990793064279502,-0.8086676484128084,-0.12388347064763847,-0.07828084923811907,-0.03193691756470628,-0.002798945774884487,0.00040618560319671815,0.026416691434860695,2370,425000000,6.19,0,2,2,-16.37487277213822,-0.06083794723311751,6.903128318456047,-16.37487277213822,-0.06083794723311751,6.903128318456047,235.97552967071533
-13.666224265507282,-3.0129428433883514,6.382125297973728,-15.78075973645431,-2.0789449335991415,6.681517335555416,-0.5865416846857912,0.00378559394058739,0.00515161229375946,-0.8098938092708485,-0.12394311633036217,-0.07880576582520253,-0.03577488112066753,-0.002542377660574857,0.0003806080627555275,0.025765260579646565,2370,574000000,6.25,0,2,2,-16.357148480542687,-0.07502311820958407,6.897817079049493,-16.357148480542687,-0.07502311820958407,6.897817079049493,236.15949296951294
-13.591806179733467,-3.016252889148348,6.315877451879427,-15.764746380532815,-2.0919363899883936,6.676408505159835,-0.5851016168813025,0.003909915748308098,0.005299457059588784,-0.8109332440075446,-0.12399976843520932,-0.07916393413795247,-0.03899569060147197,-0.0028722851538987015,0.00035314886872583884,0.024976763052109163,2370,723000000,6.34,0,2,2,-16.33706032948776,-0.09007192238774127,6.8912645082370245,-16.33706032948776,-0.09007192238774127,6.8912645082370245,236.35310435295105
-13.591806179733467,-3.016252889148348,6.315877451879427,-15.746342004358759,-2.106694183102464,6.67005442556836,-0.5835038544758975,0.004056833595483842,0.005472971031867927,-0.8120817942184355,-0.12385824666853022,-0.07938663552443675,-0.042353441274659086,-0.002769478214759147,0.0004379865032433372,0.02429476080578752,2370,873000000,6.42,0,2,2,-16.33706032948776,-0.09007192238774127,6.8912645082370245,-16.319702032827966,-0.10201353649949754,6.885167051983552,236.53970050811768
-13.520149046890582,-3.0202670333435666,6.246979603717466,-15.730156231817084,-2.1195182802353263,6.664048704909715,-0.5821345727833193,0.004180434709885085,0.005612148840528443,-0.8130623388900818,-0.12383499628593686,-0.0797132825377725,-0.045589391003608946,-0.0025411207161596394,0.00042578078307542455,0.02385723291808972,2371,27000000,6.51,0,2,2,-16.299858633943522,-0.11505962948411312,6.877640846124639,-16.299858633943522,-0.11505962948411312,6.877640846124639,236.7228569984436
-13.520149046890582,-3.0202670333435666,6.246979603717466,-15.711538967510156,-2.134088208520402,6.656636280822444,-0.5806022220578215,0.004313749813219805,0.005764997315732395,-0.8141555232939335,-0.12381974290311429,-0.0800567101303997,-0.04911251538438236,-0.002489281087036943,0.00039623357963591843,0.023154093105404172,2371,172000000,6.6,0,2,2,-16.299858633943522,-0.11505962948411312,6.877640846124639,-16.28246872468251,-0.12612471823355637,6.870581530944474,236.9174234867096
-13.520149046890582,-3.0202670333435666,6.246979603717466,-15.692792013953758,-2.148573298023707,6.648655017696675,-0.5790899616961938,0.0044404159076333475,0.005919695215767577,-0.8152300633427476,-0.12401984330732814,-0.08059880945796008,-0.05297753337798896,-0.0024567276113884873,0.0002762157379265773,0.02338363010494504,2371,324000000,6.71,0,2,2,-16.299858633943522,-0.11505962948411312,6.877640846124639,-16.262599555614187,-0.1383245940911265,6.8620075653158406,237.10902452468872
-13.451319539310912,-3.0251136350888155,6.175570504584948,-15.67388763854004,-2.162982779245522,6.640056907844098,-0.5775584616792802,0.004562943090304644,0.006075883954214727,-0.81631396320729,-0.12408243654341786,-0.08106346750359211,-0.05674755535950018,-0.0024292714670082205,0.00033630989548782964,0.023461503769794945,2371,481000000,6.83,0,2,2,-16.299858633943522,-0.11505962948411312,6.877640846124639,-16.24283028681681,-0.14953424321406708,6.852887932024071,237.2924919128418
-13.451319539310912,-3.0251136350888155,6.175570504584948,-15.657253510383736,-2.175514438515557,6.632075827770229,-0.5762284228719258,0.0046783281725963875,0.006215138915527402,-0.8172516686849304,-0.12403194415031257,-0.08120479076310311,-0.059613623686278164,-0.0025851658392639365,0.00041138233086712717,0.023003987917036284,2371,639000000,6.95,0,2,2,-16.299858633943522,-0.11505962948411312,6.877640846124639,-16.223285221256674,-0.15932094312339157,6.843319327633791,237.47883129119873
-13.451319539310912,-3.0251136350888155,6.175570504584948,-15.638154175700217,-2.1897534927879225,6.622457681795807,-0.5747258787674866,0.004810326406266589,0.006373874759344317,-0.8183070320823093,-0.12407788414589156,-0.0815569319913465,-0.06323757747051553,-0.0025306414272563416,0.0003405348621754456,0.023009442702459637,2371,794000000,7.07,0,2,2,-16.299858633943522,-0.11505962948411312,6.877640846124639,-16.206385881428393,-0.16661938391654924,6.834598720305053,237.66320776939392
-13.385376078610724,-3.030919927721646,6.101793962904203,-15.62134151497777,-2.2021407822324663,6.613570245250234,-0.5734031830449486,0.004924909272117694,0.006519365192438532,-0.8192325877429865,-0.12405404655520084,-0.08178900294517141,-0.06622683729689388,-0.002684596302060527,0.00033863941268919007,0.02309393839823315,2371,945000000,7.2,0,2,2,-16.187231612105247,-0.17355788176573472,6.824133471549707,-16.187231612105247,-0.17355788176573472,6.824133471549707,237.84727692604065
-13.385376078610724,-3.030919927721646,6.101793962904203,-15.602049842169778,-2.2162108275557406,6.602946028820696,-0.5718936466824627,0.005059101773008307,0.006684672177766333,-0.8202849367941365,-0.123984432213284,-0.0818403398112565,-0.06919640579481204,-0.0025949260816560127,0.00043473426387663494,0.02283373960381141,2372,93000000,7.32,0,2,2,-16.187231612105247,-0.17355788176573472,6.824133471549707,-16.170527530182188,-0.1785760791392242,6.81444945270033,238.03640294075012
-13.322368746156728,-3.0378116344403696,6.025798554811814,-15.585112659106247,-2.2284561722713256,6.5932488850050355,-0.5705729130050614,0.005181785127190262,0.006838380668227295,-0.8212021289534328,-0.1240319674931644,-0.08194147293075464,-0.07224868086508215,-0.0029069869242448476,0.00028376559839671245,0.023226107623486314,2372,242000000,7.47,0,2,2,-16.187231612105247,-0.17355788176573472,6.824133471549707,-16.150943711084878,-0.18550319562935455,6.802654998079816,238.225971698761
-13.322368746156728,-3.0378116344403696,6.025798554811814,-15.565673208961691,-2.2423833926782386,6.581640939414133,-0.5690341205363969,0.0053195936079626655,0.00703276036823762,-0.8222666306441107,-0.12407503304185956,-0.08201197043176967,-0.07559343607644457,-0.002977429221573402,0.00021760001374104831,0.023442065503331833,2372,393000000,7.6,0,2,2,-16.187231612105247,-0.17355788176573472,6.824133471549707,-16.133125449597852,-0.19362802116844116,6.791608050273367,238.40646290779114
-13.322368746156728,-3.0378116344403696,6.025798554811814,-15.546140499745523,-2.2562346926121957,6.569490347144159,-0.5675169908591298,0.005428994055714025,0.007187546935233033,-0.8233124135337662,-0.12420609845046038,-0.0823333127162792,-0.07933723482838392,-0.00200612864773575,0.00025356580692914577,0.02250637953693513,2372,548000000,7.76,0,2,2,-16.187231612105247,-0.17355788176573472,6.824133471549707,-16.112109709193348,-0.20476258871798525,6.778171319583147,238.5896339416504
-13.262339215882946,-3.045912585689532,5.9477373249459955,-15.526488289124947,-2.2700069619303838,6.556746727463071,-0.5660662749318093,0.0055269166765937105,0.007319802935081324,-0.8243087079861928,-0.12422282230877206,-0.08257502831668906,-0.08287819580219398,-0.0020322060663602315,0.00028286613655836845,0.02158312618121272,2372,704000000,7.93,0,2,2,-16.090420838603194,-0.21795993815281228,6.763970489978321,-16.090420838603194,-0.21795993815281228,6.763970489978321,238.77825617790222
-13.262339215882946,-3.045912585689532,5.9477373249459955,-15.509224889363805,-2.2819850053593913,6.5451737992051555,-0.5648374000118082,0.0056198859445678135,0.0074325497512402585,-0.8251496140907211,-0.12414233805878117,-0.08267134134554106,-0.08547313517147362,-0.0020555878336381284,0.0004864901939072297,0.021023253066232428,2372,859000000,8.09,0,2,2,-16.090420838603194,-0.21795993815281228,6.763970489978321,-16.06783739461117,-0.23416534391076635,6.749003656270819,238.9684293270111
-13.262339215882946,-3.045912585689532,5.9477373249459955,-15.491907535557829,-2.2939024757755626,6.53323452795627,-0.5636186868989355,0.005726721287535678,0.007560843816479498,-0.8259806378374721,-0.12424224710430398,-0.08273553512136252,-0.08841199636935475,-0.002608953491289867,0.0002681499410073229,0.021285893126332667,2373,4000000,8.23,0,2,2,-16.090420838603194,-0.21795993815281228,6.763970489978321,-16.047390463032905,-0.25057372288070806,6.735250709233413,239.1472988128662
-13.205320709553007,-3.0553443393919357,5.867767478235118,-15.472046308141836,-2.307472476831964,6.519079068452773,-0.5622005902605672,0.005845732581270427,0.007741639667940411,-0.8269440070140842,-0.12428923755750816,-0.08271864268938853,-0.09166808513615243,-0.002722502358665224,0.00011169145253120405,0.021469625971803907,2373,149000000,8.38,0,2,2,-16.090420838603194,-0.21795993815281228,6.763970489978321,-16.026448929349776,-0.2686685553207722,6.720964593568152,239.33210802078247
-13.205320709553007,-3.0553443393919357,5.867767478235118,-15.454628341461673,-2.319284113930793,6.506312818786603,-0.5609588321352745,0.005953253611768498,0.007907225545578295,-0.8277845270389113,-0.12420910136564725,-0.0826181515889424,-0.09395749829311884,-0.0028194599281050614,0.00021384600330520698,0.021344731067074463,2373,299000000,8.55,0,2,2,-16.090420838603194,-0.21795993815281228,6.763970489978321,-16.00224004151272,-0.2900994749748014,6.704038520625537,239.51500701904297
-13.151337974501477,-3.0662258051218463,5.786050063307852,-15.43467843561662,-2.332710578993259,6.491314477668147,-0.5595651594828964,0.006054744568044222,0.008054388164904332,-0.8287251047195235,-0.12421749916896516,-0.0826452613653377,-0.09711798697142279,-0.001837926276948565,0.0002186981447493963,0.02060992756014457,2373,447000000,8.7,0,2,2,-16.090420838603194,-0.21795993815281228,6.763970489978321,-15.98107503555248,-0.30849501010122465,6.688757320020578,239.7047073841095
-13.151337974501477,-3.0662258051218463,5.786050063307852,-15.417163882882713,-2.3443961766619714,6.477770901742398,-0.5583907706921877,0.006131564710422445,0.008162247356440604,-0.8295152372549154,-0.12414774056104076,-0.08272873965547675,-0.09973674222801553,-0.0018812628809428134,0.0002965292281942311,0.019881287698808592,2373,602000000,8.88,0,2,2,-16.090420838603194,-0.21795993815281228,6.763970489978321,-15.957308320059564,-0.3277439424531076,6.670937832989518,239.88463854789734
-13.151337974501477,-3.0662258051218463,5.786050063307852,-15.399597142471482,-2.35602064958987,6.463857164024081,-0.5572369374117967,0.006209567968438858,0.008271355881231237,-0.8302891192358555,-0.12423230578287903,-0.08280652754340942,-0.10272094451132033,-0.0019322915704833576,0.00016771234498946797,0.020013662287965417,2373,742000000,9.03,0,2,2,-15.936855826614783,-0.3431942859142694,6.655031985757169,-15.936855826614783,-0.3431942859142694,6.655031985757169,240.06328320503235
-13.100407283827145,-3.0786728733062683,5.702749648162687,-15.379447250032475,-2.369256617201039,6.4474301508560465,-0.5559026591756985,0.006296122254147625,0.008413782184760504,-0.8311809674404819,-0.12432063456744662,-0.08287204524540352,-0.1060754838007701,-0.002139776734111365,0.00010036193245355207,0.01999186733883107,2373,887000000,9.17,0,2,2,-15.936855826614783,-0.3431942859142694,6.655031985757169,-15.916627040780517,-0.35774550064393024,6.638795006105713,240.24777102470398
-13.100407283827145,-3.0786728733062683,5.702749648162687,-15.361775728951923,-2.3807822741286855,6.432663463224503,-0.554748877656266,0.006382154391598257,0.008548768066989476,-0.83194943921429,-0.12423705801326013,-0.08267578732889076,-0.10843945175533443,-0.0023086595774657326,0.0002326634117366666,0.019598621292971075,2374,42000000,9.34,0,2,2,-15.936855826614783,-0.3431942859142694,6.655031985757169,-15.893829199415535,-0.37321048227457465,6.619930460721631,240.43025135993958
-13.100407283827145,-3.0786728733062683,5.702749648162687,-15.34155682117915,-2.393888938311537,6.415375620062136,-0.5534791737529958,0.006448574197615575,0.008635140533318807,-0.8327932843512178,-0.12421462759954949,-0.08268839640134405,-0.11152834244432874,-0.0006951154489343025,0.00034359277947260125,0.0183988946446334,2374,190000000,9.5,0,2,2,-15.936855826614783,-0.3431942859142694,6.655031985757169,-15.874190602089646,-0.3855316445502551,6.603141190669788,240.61794996261597
-13.052536458950115,-3.0927980505305666,5.6180339887499,-15.321268481720029,-2.4069182572416024,6.397582885645019,-0.5522929086585608,0.006499930075361358,0.008680371596076545,-0.8335795973411513,-0.12410399881443708,-0.0828444871231113,-0.11454804724337746,-0.0008786845683061983,0.00047948132078090566,0.017303417189395986,2374,345000000,9.66,0,2,2,-15.936855826614783,-0.3431942859142694,6.655031985757169,-15.852130579922195,-0.3979924584584432,6.583594840421646,240.8103587627411
-13.052536458950115,-3.0927980505305666,5.6180339887499,-15.300931884651153,-2.4198534272137473,6.379355790195953,-0.5511583869615458,0.006568784006617682,0.008730743765935065,-0.8343291063314972,-0.12383260014668429,-0.08284350585693422,-0.11702217826151565,-0.0010215208135377907,0.0006160139776056894,0.016785220395831857,2374,500000000,9.82,0,2,2,-15.936855826614783,-0.3431942859142694,6.655031985757169,-15.830557914623625,-0.4084416097113518,6.563726717099424,240.99775004386902
-13.052536458950115,-3.0927980505305666,5.6180339887499,-15.280563971067995,-2.4327085606825634,6.360709915770013,-0.5500220976749008,0.006659420249550902,0.00882856724184861,-0.8350768830423327,-0.12383003502996785,-0.08279156539496955,-0.11999481572501358,-0.0018399114424028085,0.00029199329674156616,0.017271553588216193,2374,657000000,9.98,0,2,2,-15.809404683309133,-0.417007935003893,6.5434518207896595,-15.809404683309133,-0.417007935003893,6.5434518207896595,241.19272708892822
-13.007724914384157,-3.108710102010856,5.532073691133352,-15.262712886253684,-2.4439087143717555,6.344018760164433,-0.5490060196501864,0.0067353883797191825,0.008937832393884352,-0.8357434654745034,-0.12371250385743864,-0.08267290797553321,-0.12229918244718807,-0.0018685714053390257,0.00022619887118935367,0.017382545047439635,2374,818000000,10.14,0,2,2,-15.809404683309133,-0.417007935003893,6.5434518207896595,-15.788512461146158,-0.4243264743574796,6.522720882309531,241.38267064094543
-13.007724914384157,-3.108710102010856,5.532073691133352,-15.239759345535308,-2.458224909956575,6.322147673802637,-0.547713445757174,0.006840587927208678,0.009083841214328916,-0.8365887110895092,-0.12346226276244103,-0.0822953823569701,-0.12459987429194748,-0.0019855368918797467,0.00034945213371884165,0.016866344412846956,2374,970000000,10.27,0,2,2,-15.770266703762353,-0.43064423886454944,6.504284363161669,-15.770266703762353,-0.43064423886454944,6.504284363161669,241.5759494304657
-12.965963724516012,-3.126513702278765,5.445041867912634,-15.221909185442646,-2.4692964302409184,6.304826203778521,-0.5467592513545244,0.006883608609597794,0.009124589352069867,-0.8372118482558079,-0.12332578209630307,-0.08224234999176303,-0.126939555597738,-0.0004276727082697107,0.0004046985111472168,0.01577223065396538,2375,137000000,10.45,0,2,2,-15.770266703762353,-0.43064423886454944,6.504284363161669,-15.746858883910535,-0.438379017082747,6.480077839266513,241.7633512020111
-12.965963724516012,-3.126513702278765,5.445041867912634,-15.20403542240969,-2.480305923984614,6.287187445796585,-0.5458612563129209,0.0069205202300951,0.00914649348957331,-0.8377970738269916,-0.12310741691679401,-0.08225028174989052,-0.12902124208749058,-0.0006223768878044211,0.0004877974220107717,0.014906097203493118,2375,286000000,10.59,0,2,2,-15.770266703762353,-0.43064423886454944,6.504284363161669,-15.72874776701482,-0.44376233206555715,6.460769165486672,241.9561049938202
-12.965963724516012,-3.126513702278765,5.445041867912634,-15.183584461967953,-2.492810351483324,6.26666340939113,-0.5448867494657086,0.006958028224049942,0.009163768622144441,-0.8384307016352437,-0.12299080699967621,-0.0822166498432674,-0.13179852625913005,-0.0002827242354896953,0.0003466863546464083,0.014223699690774083,2375,433000000,10.71,0,2,2,-15.710765103680426,-0.44839146017107867,6.441007846836231,-15.710765103680426,-0.44839146017107867,6.441007846836231,242.1458384990692
-12.927235712123782,-3.1463090951045274,5.357113789597275,-15.163106569844883,-2.505255363786739,6.2456851529787425,-0.5439552478831896,0.0069878323528253265,0.00918633377656358,-0.8390348441936676,-0.12284186823056105,-0.08217248836655026,-0.13443283204381135,-0.0005089326009510842,0.0003209497521083904,0.013559415128838737,2375,589000000,10.85,0,2,2,-15.710765103680426,-0.44839146017107867,6.441007846836231,-15.690441296778134,-0.4525281738575858,6.417919992818502,242.33732438087463
-12.927235712123782,-3.1463090951045274,5.357113789597275,-15.142620815147605,-2.5176258898086092,6.224339167816164,-0.5430582922626972,0.0070364377416029964,0.00922729812787778,-0.8396148144940574,-0.12254321809888664,-0.08199612409484265,-0.13645622435297614,-0.0008512226941093104,0.0004550790180246622,0.013205944742367137,2375,751000000,10.98,0,2,2,-15.710765103680426,-0.44839146017107867,6.441007846836231,-15.670310260836242,-0.45549098948872374,6.3941820314576345,242.52962398529053
-12.891515558308496,-3.168191763661482,5.268466531635316,-15.12469989853863,-2.528391990485793,6.205380119811678,-0.5422898340383571,0.0070723628611542065,0.009246997007407907,-0.8401108323480635,-0.12243320260211785,-0.08189920447463336,-0.13872139979604894,-0.0002910398279709625,0.00037432228339184803,0.012923947087983834,2375,903000000,11.11,0,2,2,-15.650319484287726,-0.4574132505042882,6.369770150194088,-15.650319484287726,-0.4574132505042882,6.369770150194088,242.71208381652832
-12.891515558308496,-3.168191763661482,5.268466531635316,-15.104203165386304,-2.5406490561664086,6.183321741363965,-0.5414322459323362,0.0071052468012174986,0.009266412591903734,-0.840663292959932,-0.12232860218308436,-0.08177303748820512,-0.14106028881720742,-0.0004987770239495148,0.0003751865989443104,0.012581003284140024,2376,47000000,11.22,0,2,2,-15.650319484287726,-0.4574132505042882,6.369770150194088,-15.632885560730873,-0.45835828691611197,6.347789232716334,242.90580487251282
-12.891515558308496,-3.168191763661482,5.268466531635316,-15.08369595423644,-2.5528616458266367,6.160864830014637,-0.5405821077047989,0.007154816244588762,0.009329972881416385,-0.8412090970977283,-0.12234062278489666,-0.08162354474852453,-0.1440025680076811,-0.001213167297464679,8.80162140504126e-05,0.012731852348224493,2376,201000000,11.35,0,2,2,-15.612992730107498,-0.4587075715096336,6.32193237082577,-15.612992730107498,-0.4587075715096336,6.32193237082577,243.09846591949463
-12.858769933455328,-3.1922521119096685,5.179278617806869,-15.065745032392726,-2.5635199863249865,6.140833031908126,-0.539827786279577,0.007192445146278979,0.00940462498979089,-0.8416922138894422,-0.12227304139775799,-0.08137325244371148,-0.14630404791213292,-0.0011364255897206021,-2.4244773411119525e-06,0.012837167287216289,2376,360000000,11.48,0,2,2,-15.612992730107498,-0.4587075715096336,6.32193237082577,-15.5931306583022,-0.4583752346436084,6.295356372742146,243.2907521724701
-12.858769933455328,-3.1922521119096685,5.179278617806869,-15.045247188236928,-2.575660379956312,6.117593732255162,-0.5389650273651008,0.007241657553590194,0.009497550257764775,-0.8422434649270447,-0.12211712702357516,-0.08102328221259866,-0.14835441327681337,-0.001378708054744493,0.00011251291383018724,0.01271983628612361,2376,516000000,11.59,0,2,2,-15.612992730107498,-0.4587075715096336,6.32193237082577,-15.575761169741341,-0.457599004357288,6.271498207457018,243.4775354862213
-12.858769933455328,-3.1922521119096685,5.179278617806869,-15.027327752796912,-2.586245096133945,6.096986021359637,-0.5382414748545431,0.007258767518724625,0.009520396924348588,-0.8427056348944856,-0.12201732865863127,-0.08082898266154011,-0.1504743082365107,0.0003122100196151223,0.0002333844932422835,0.01164867235274869,2376,669000000,11.72,0,2,2,-15.555895943453367,-0.45623319259172657,6.2434620824306695,-15.555895943453367,-0.45623319259172657,6.2434620824306695,243.66276240348816
-12.828957648784899,-3.2185751581476683,5.089729660701035,-15.006853466002077,-2.598298121095804,6.073059436249282,-0.5374913145128829,0.007255459314025067,0.009488856804118958,-0.8431846812708984,-0.12182096430300764,-0.08059462610767285,-0.1527818181412896,0.0003961664788221242,0.0003810057137343392,0.010776544695545454,2376,816000000,11.84,0,2,2,-15.555895943453367,-0.45623319259172657,6.2434620824306695,-15.538492432470969,-0.45467362878713385,6.218265123610112,243.85000228881836
-12.828957648784899,-3.2185751581476683,5.089729660701035,-14.988962950314308,-2.6087963934331126,6.051858220010338,-0.5368736170439194,0.007270371678654621,0.009468506057594743,-0.8435782171268236,-0.12151330721973594,-0.08037060894397197,-0.15430830310676383,-4.499273842384355e-05,0.0005379958167850418,0.01015570651361486,2376,962000000,11.96,0,2,2,-15.518536770507879,-0.4525400081750281,6.188619677188712,-15.518536770507879,-0.4525400081750281,6.188619677188712,244.0371696949005
-12.802029828000155,-3.2472402416509176,5.000000000000002,-14.971095762840964,-2.6192431491982293,6.030440796046745,-0.536292842793307,0.00728467085435587,0.009434670118407703,-0.8439478107910309,-0.12128214222911941,-0.08019260082649575,-0.15610738022241893,0.000609572765597477,0.0005192206060655735,0.009513770328339888,2377,114000000,12.07,0,2,2,-15.518536770507879,-0.4525400081750281,6.188619677188712,-15.500953312366356,-0.4507987810012729,6.162043826594651,244.2237753868103
-12.802029828000155,-3.2472402416509176,5.000000000000002,-14.948150141864842,-2.632617278971401,6.0025182583763375,-0.5355916827584255,0.007294801287455287,0.009383244503406352,-0.8443934449986947,-0.12095868990832068,-0.0798816714416514,-0.15832512741590027,0.0002933146276973275,0.0005227653446127078,0.009038042117026635,2377,253000000,12.17,0,2,2,-15.518536770507879,-0.4525400081750281,6.188619677188712,-15.482774347157315,-0.45202557894583645,6.135399493831041,244.421288728714
-12.802029828000155,-3.2472402416509176,5.000000000000002,-14.930324885290672,-2.6429817756493073,5.980502481235651,-0.5350725911683811,0.007291415851666193,0.00933372367992451,-0.8447230546383229,-0.12093094695032339,-0.07977565041220401,-0.16052448808826245,0.0007117819052382401,0.0003664793240432118,0.008556616921850946,2377,420000000,12.31,0,2,2,-15.518536770507879,-0.4525400081750281,6.188619677188712,-15.4583389270748,-0.4586375512519924,6.101175498814538,244.60692024230957
-12.77793009848097,-3.2783207432808092,4.910270339298968,-14.909951247957972,-2.6548044975792755,5.954970799632369,-0.534506128133929,0.007283655227820369,0.009281005028703842,-0.845082250612007,-0.1208330389616554,-0.07957667463616436,-0.162808022763761,0.0005441577002329723,0.0004073423014006039,0.008264119787781965,2377,573000000,12.41,0,2,2,-15.438595161280423,-0.4673155616442193,6.074620524391088,-15.438595161280423,-0.4673155616442193,6.074620524391088,244.79407811164856
-12.77793009848097,-3.2783207432808092,4.910270339298968,-14.889613856217872,-2.6665862575669075,5.929131076214433,-0.5339621549387097,0.007292934721923723,0.009241532977063635,-0.8454264156415889,-0.12045726434801271,-0.07921943750133917,-0.16433938273858748,0.0002598055118596676,0.000494939507689196,0.007805821496731369,2377,731000000,12.52,0,2,2,-15.415354571501277,-0.480541177035807,6.044247976525474,-15.415354571501277,-0.480541177035807,6.044247976525474,244.98021745681763
-12.77793009848097,-3.2783207432808092,4.910270339298968,-14.869337016025366,-2.6783324821252132,5.903024366252129,-0.53342432821639,0.00733543088572141,0.009271705070020456,-0.8457651642185957,-0.12041873676631201,-0.07870208282056582,-0.16644364392734032,-0.0010239337370876456,0.00015293860968768058,0.008196151793526951,2377,884000000,12.63,0,2,2,-15.415354571501277,-0.480541177035807,6.044247976525474,-15.391519874883064,-0.4968294662246231,6.013869121569322,245.16324281692505
-12.756594801426797,-3.3118838209127652,4.820721382193135,-14.851641622249518,-2.6886227915882155,5.87990359702427,-0.5329291144803948,0.007375573982883751,0.009337406079296846,-0.8460762215635632,-0.1203891415311682,-0.07812779044241502,-0.16804146371406112,-0.0010939587241409754,5.652748420459375e-05,0.008453711052425206,2378,40000000,12.75,0,2,2,-15.367210905770904,-0.5157314711335474,5.983555066087898,-15.367210905770904,-0.5157314711335474,5.983555066087898,245.35272240638733
-12.756594801426797,-3.3118838209127652,4.820721382193135,-14.831499509329687,-2.7003781051387246,5.853258704037365,-0.5323603069730467,0.007427725870036498,0.009421411371162283,-0.8464328499389293,-0.12009654407807983,-0.07738803487288984,-0.16920974326239696,-0.0012790749224222964,0.00014675724600010653,0.008247040386777371,2378,191000000,12.85,0,2,2,-15.345616188928895,-0.5341403510450735,5.957033190486409,-15.345616188928895,-0.5341403510450735,5.957033190486409,245.54450702667236
-12.737953220297717,-3.347990160492629,4.731533468364687,-14.81144887666958,-2.712104917318848,5.8264097347040575,-0.5318296725374756,0.007430874657034509,0.009409848553325948,-0.8467664591023409,-0.119865136612664,-0.07690726448772064,-0.17084686604894123,0.0007925036811684549,0.0002536785842721656,0.007393614350803546,2378,346000000,12.97,0,2,2,-15.320636454007921,-0.5570297521837644,5.926690174755569,-15.320636454007921,-0.5570297521837644,5.926690174755569,245.7319507598877
-12.737953220297717,-3.347990160492629,4.731533468364687,-14.793947331797463,-2.7223397346021527,5.8026944153825415,-0.5314156937362698,0.007412859400893544,0.009351918059808142,-0.8470271256547243,-0.11960131913401864,-0.07662260628150251,-0.17215450233477606,0.0008523522126324679,0.000348903287772373,0.006637668820985709,2378,503000000,13.09,0,2,2,-15.295391786603915,-0.5816171423494009,5.896303594293553,-15.295391786603915,-0.5816171423494009,5.896303594293553,245.92006468772888
-12.737953220297717,-3.347990160492629,4.731533468364687,-14.773990050277101,-2.7340036735718907,5.7753450283825885,-0.5309979854031024,0.007368375800154008,0.009238687728714366,-0.8472906780939853,-0.11945529779306571,-0.07632176066788617,-0.17411521610489697,0.0019149222680425737,0.00033956490597120137,0.005715227553082514,2378,650000000,13.18,0,2,2,-15.273103153917981,-0.604351010431421,5.86963005802073,-15.273103153917981,-0.604351010431421,5.86963005802073,246.1022596359253
-12.721927826856154,-3.3866937434896096,4.642886210402729,-14.756559827596604,-2.7442024443623434,5.751145341449097,-0.5306803372450012,0.007329623487718907,0.009135348482838205,-0.8474911218940037,-0.11934620026087858,-0.07603118674395079,-0.175694087396605,0.0012998499869354418,0.00042909276487534953,0.005086314877189579,2378,799000000,13.28,0,2,2,-15.273103153917981,-0.604351010431421,5.86963005802073,-15.247460699999658,-0.6314852668982416,5.839097082625541,246.2968029975891
-12.721927826856154,-3.3866937434896096,4.642886210402729,-14.73669031753819,-2.7558350153907987,5.7232669784331,-0.5303506714664022,0.0073103954781529815,0.009036286194194347,-0.8476986899393592,-0.11897638179961074,-0.07571921649772921,-0.17684856112615394,0.0010942401104330202,0.0005844301995239221,0.004718055924968212,2378,951000000,13.37,0,2,2,-15.273103153917981,-0.604351010431421,5.86963005802073,-15.22501608783307,-0.6556042715040015,5.8122290666250445,246.48316311836243
-12.721927826856154,-3.3866937434896096,4.642886210402729,-14.719355980405254,-2.7659826517583257,5.698710294459159,-0.5300836088159466,0.007290193411643884,0.00893877422637304,-0.8478669229661062,-0.11881691522714868,-0.07537941142011002,-0.1782600996938628,0.0014647295074610156,0.0004751313156248216,0.0042802432744792895,2379,102000000,13.46,0,2,2,-15.273103153917981,-0.604351010431421,5.86963005802073,-15.199380955672963,-0.6835727722841408,5.781384425479099,246.6711928844452
-12.708434544065298,-3.4280416314708004,4.5549581320873695,-14.699603861204496,-2.7775761026637613,5.670388741921456,-0.5298106210226259,0.007264457831525688,0.008838414489771308,-0.8480388056765682,-0.11857234369566935,-0.07494276759804624,-0.1797885057730866,0.00106944339677284,0.0004278924137679496,0.003811573947132274,2379,255000000,13.54,0,2,2,-15.176994811580816,-0.7082949484991078,5.754312353387699,-15.176994811580816,-0.7082949484991078,5.754312353387699,246.86198711395264
-12.708434544065298,-3.4280416314708004,4.5549581320873695,-14.67993730535752,-2.7891445203368397,5.6418705314731685,-0.5295720652587383,0.007251421978400733,0.008754057729973432,-0.8481887826717269,-0.11816432951507368,-0.0744116964441893,-0.1806854487988346,0.0009239238409008976,0.0005011666416976368,0.0032322132483386667,2379,407000000,13.62,0,2,2,-15.176994811580816,-0.7082949484991078,5.754312353387699,-15.151699185957519,-0.7358154043116437,5.7231805179331285,247.05428314208984
-12.697383025056535,-3.4720737684766467,4.467926308866652,-14.660373916258479,-2.8007082537608174,5.613186505395403,-0.5293388198415436,0.007264241215570897,0.008734277363003784,-0.8483344605798291,-0.11808811555776691,-0.07366772734304969,-0.1820589147581016,-0.00022673260531291817,8.459995939347209e-05,0.0037534969806074514,2379,561000000,13.69,0,2,2,-15.176994811580816,-0.7082949484991078,5.754312353387699,-15.1268220454187,-0.7622266087332291,5.691905527723055,247.24637389183044
-12.697383025056535,-3.4720737684766467,4.467926308866652,-14.640916796483669,-2.812304465004387,5.584285923814253,-0.5290756183070717,0.007282001920210504,0.008766925413543498,-0.8484981458906184,-0.11791921117360953,-0.07287272349527674,-0.18317807383231627,-0.0005169030828255927,-1.6701225069581938e-06,0.003914894432455185,2379,722000000,13.77,0,2,2,-15.176994811580816,-0.7082949484991078,5.754312353387699,-15.102479892122357,-0.7870669998847553,5.66053646322769,247.44527745246887
-12.697383025056535,-3.4720737684766467,4.467926308866652,-14.621564807168802,-2.8239249096615593,5.555172370902522,-0.5288377717242996,0.007245462761075117,0.008715481266718415,-0.8486472499533271,-0.11792457339027404,-0.0721635096886718,-0.18483687626304254,0.0012850476423409418,-4.972999656516208e-06,0.003069968101954146,2379,879000000,13.85,0,2,2,-15.078892767338292,-0.8094249280673103,5.629101933319888,-15.078892767338292,-0.8094249280673103,5.629101933319888,247.64989018440247
-12.688676947336305,-3.518822801829515,4.381966011250103,-14.602299981535259,-2.8355790567728567,5.52581115331924,-0.5286619941672457,0.007197848903438356,0.008633061418841072,-0.8487580085894995,-0.11782701558266954,-0.07158052578846782,-0.18603744583764498,0.0011146451470267493,0.00013897289505848676,0.0022224676058613113,2380,57000000,13.97,0,2,2,-15.078892767338292,-0.8094249280673103,5.629101933319888,-15.05325524837202,-0.8318205858929143,5.593630507227831,247.84044671058655
-12.688676947336305,-3.518822801829515,4.381966011250103,-14.583128130849984,-2.847245047248274,5.496299075686078,-0.5285281791234635,0.007171191894400399,0.008562460113649745,-0.8488422834402465,-0.11758850508310267,-0.07095440761510252,-0.1867041537494225,0.0008088738979949994,0.00025991118945967173,0.001810533808566106,2380,208000000,13.98,0,2,2,-15.033946709131884,-0.8472010538860187,5.565879080977922,-15.033946709131884,-0.8472010538860187,5.565879080977922,248.04607558250427
-12.682214321363698,-3.5683139219579116,4.297250351837317,-14.564056762909866,-2.8589205510962117,5.466658220551123,-0.5284239420186791,0.007123689756890302,0.00844182586789726,-0.8489087855133219,-0.11745550492602312,-0.07041046985943715,-0.18780418359025888,0.0019189399608876556,0.0003522814722600742,0.0012880738040621509,2380,360000000,14.03,0,2,2,-15.012538076486562,-0.8624875398358297,5.533881843032966,-15.012538076486562,-0.8624875398358297,5.533881843032966,248.252623796463
-12.682214321363698,-3.5683139219579116,4.297250351837317,-14.54507372690685,-2.8706062606145846,5.436841845480178,-0.528366821165554,0.0070727693256175325,0.008305821450396152,-0.8489461063904516,-0.11716575271747307,-0.06989543002602058,-0.18866694314886828,0.001664551632529765,0.0003694700183132227,0.00046747250053158496,2380,524000000,14.07,0,2,2,-14.99180845180844,-0.8753507743763359,5.501573853022022,-14.99180845180844,-0.8753507743763359,5.501573853022022,248.44870233535767
-12.682214321363698,-3.5683139219579116,4.297250351837317,-14.526178699416425,-2.8823062500643633,5.406855386276062,-0.5283586078589197,0.007014585912752206,0.008161863057648443,-0.848953097100944,-0.11718963363431727,-0.06939072169133773,-0.19002431953043059,0.0019484985386952758,0.0003019341278331922,-0.0001251772346222424,2380,691000000,14.11,0,2,2,-14.99180845180844,-0.8753507743763359,5.501573853022022,-14.971682963644918,-0.8860201866599116,5.468813635648646,248.64592599868774
-12.67788781259312,-3.6205647217681536,4.213949936692151,-14.507360334613951,-2.8940546656171384,5.376657865662956,-0.5283795277825982,0.00695467360817756,0.008018136783812115,-0.8489419394857096,-0.11716148310262206,-0.06881653864385581,-0.19105641387444983,0.0018607456240715692,0.0003285551713361201,-0.0004109766734927689,2380,847000000,14.14,0,2,2,-14.952134848139487,-0.8948255604495584,5.435683301450896,-14.952134848139487,-0.8948255604495584,5.435683301450896,248.85215544700623
-12.67788781259312,-3.6205647217681536,4.213949936692151,-14.488650612260798,-2.905828837454077,5.346339993136335,-0.528424121093573,0.006921357334289335,0.00790964667242713,-0.8489154731471522,-0.11684235170055354,-0.06812810595034045,-0.19152813519114398,0.0011186726055711915,0.000377220959535407,-0.0008861723472364247,2381,12000000,14.16,0,2,2,-14.952134848139487,-0.8948255604495584,5.435683301450896,-14.933184925548815,-0.9021157623094633,5.402475010296988,249.05261063575745
-12.6755850760423,-3.675585076042296,4.132232521764886,-14.474702713061564,-2.914669129794151,5.323542661296224,-0.5284713690939531,0.006901670830878706,0.007839522268948572,-0.8488868716609415,-0.11674318230858731,-0.06755691376590972,-0.19218881037646715,0.0012019895734738384,0.0002568674716485475,-0.0008678012648033473,2381,174000000,14.18,0,2,2,-14.952134848139487,-0.8948255604495584,5.435683301450896,-14.91470443584292,-0.9082366113750375,5.369145097318107,249.25131273269653
-12.6755850760423,-3.675585076042296,4.132232521764886,-14.456210263700934,-2.9265033706180663,5.293003881155997,-0.5285264619669605,0.006872674975446343,0.007763650078478203,-0.8488535038961833,-0.11665637229267951,-0.06673799575688491,-0.1929851592063821,0.0007302159417577059,0.0001399686780700904,-0.0007688236507874535,2381,295000000,14.19,0,2,2,-14.952134848139487,-0.8948255604495584,5.435683301450896,-14.901119162160345,-0.9122347101661025,5.344107731714292,249.4370448589325
-12.6755850760423,-3.675585076042296,4.132232521764886,-14.437845114305265,-2.938399042070829,5.262340935950385,-0.5285927328341341,0.0068323968676438935,0.007680744958470192,-0.8488133171109343,-0.11679983490619636,-0.06589412538861461,-0.1939585019764918,0.0013558384580392158,9.503531899213158e-05,-0.0012354981890894123,2381,444000000,14.2,0,2,2,-14.952134848139487,-0.8948255604495584,5.435683301450896,-14.88336621905937,-0.9167550202491197,5.310614797268589,249.6277940273285
-12.675189102414187,-3.7333770412873593,4.052262675054001,-14.419591819447346,-2.9503783960774967,5.231514642824021,-0.5286959968514962,0.00678233722303709,0.007579547253753451,-0.8487503126823717,-0.11682537231983839,-0.06510325384940548,-0.19479388030977168,0.0013816423802381905,0.00015290078465568513,-0.0017307903021901438,2381,598000000,14.21,0,2,2,-14.952134848139487,-0.8948255604495584,5.435683301450896,-14.865840148405082,-0.9209989694352624,5.276981010499454,249.81753396987915
-12.675189102414187,-3.7333770412873593,4.052262675054001,-14.403726053368018,-2.960904527402269,5.204464744681108,-0.5288072488371822,0.006757145780656998,0.00750731761239911,-0.8486818454170064,-0.11668423077290749,-0.0643568528567327,-0.19502500755708574,0.0009150844732630503,0.0002818248731273343,-0.001960920440069458,2381,757000000,14.21,0,2,2,-14.952134848139487,-0.8948255604495584,5.435683301450896,-14.84815168932049,-0.9264301401144197,5.243375669946048,250.00415802001953
-12.676578574772654,-3.7939347764051536,3.9742014451881893,-14.385727926359086,-2.9729998178196433,5.173490637258306,-0.5289362452936706,0.0067673482424583835,0.007500679734264898,-0.8486014324851938,-0.11686524726006493,-0.06328546669286121,-0.19569217497952174,-0.0005366654193039722,-8.267442268561354e-05,-0.0017731812704369077,2381,909000000,14.22,0,2,2,-14.832551543494075,-0.9320706681293948,5.213901531857019,-14.832551543494075,-0.9320706681293948,5.213901531857019,250.20131254196167
-12.676578574772654,-3.7939347764051536,3.9742014451881893,-14.367878615672886,-2.9852152932452904,5.14240745916833,-0.5290509061941685,0.006780521802205924,0.00754669773086118,-0.8485294399916704,-0.11704063663341704,-0.062106598344780536,-0.19613640438206903,-0.0005550255195885256,-0.00022250729330153263,-0.0016443314166281198,2382,67000000,14.22,0,2,2,-14.832551543494075,-0.9320706681293948,5.213901531857019,-14.814655562938855,-0.9392089825938168,5.180127596386135,250.38796138763428
-12.676578574772654,-3.7939347764051536,3.9742014451881893,-14.350193307373015,-2.99756079597083,5.111230478900828,-0.5291555791432782,0.006798886458345453,0.0076240255375863665,-0.8484633300497261,-0.11747911794831922,-0.06069026187285379,-0.19699679758927213,-0.0010699166409722238,-0.00043721996689782827,-0.0014484933444691706,2382,218000000,14.24,0,2,2,-14.832551543494075,-0.9320706681293948,5.213901531857019,-14.796303351803106,-0.9486061348481971,5.146397298424334,250.5764615535736
-12.679628234745822,-3.8572444844957245,3.8982060370957994,-14.334864036273517,-3.0084993730382075,5.0838453972253905,-0.5292385019541641,0.006816111876278251,0.007711760372470891,-0.8484106773374318,-0.1177799738380169,-0.05939959468950916,-0.19742431739121596,-0.0011877950896632683,-0.00047757128527337045,-0.0013738553889197647,2382,379000000,14.25,0,2,2,-14.832551543494075,-0.9320706681293948,5.213901531857019,-14.77733113645618,-0.9609435154948647,5.11280531863774,250.76112914085388
-12.679628234745822,-3.8572444844957245,3.8982060370957994,-14.317519424554169,-3.021122860497626,5.052509479294006,-0.5293354709653444,0.006835704680973354,0.007807221560303985,-0.8483491495904971,-0.11787975927750334,-0.058036634157506026,-0.19744808392224894,-0.0010788189001686987,-0.0003892605718647246,-0.0015257373206623015,2382,528000000,14.28,0,2,2,-14.832551543494075,-0.9320706681293948,5.213901531857019,-14.760437180221532,-0.9734035095357686,5.083519638979576,250.95097398757935
-12.679628234745822,-3.8572444844957245,3.8982060370957994,-14.300331124645762,-3.0338379100713984,5.0211424533964415,-0.5294768197459538,0.006759512148158877,0.007706893991830625,-0.8482624653562294,-0.1180101716224609,-0.0572628098902388,-0.19795786593673803,0.002770261357909476,7.446909222608156e-05,-0.002665691181391594,2382,682000000,14.3,0,2,2,-14.832551543494075,-0.9320706681293948,5.213901531857019,-14.741058838812533,-0.9884898459797629,5.049997636450639,251.14153933525085
-12.684209257207828,-3.9232843760496774,3.824429495415055,-14.285373945065697,-3.045021331811616,4.993629014093281,-0.5296579363042194,0.006679639382317686,0.007540445169927011,-0.8481515163072674,-0.11800844219565929,-0.05668318239311447,-0.19814288000497815,0.002482040281392983,0.0004004901910548142,-0.0032799291375340545,2382,838000000,14.33,0,2,2,-14.832551543494075,-0.9320706681293948,5.213901531857019,-14.721782123988238,-1.0037240392888913,5.016331300284434,251.3299741744995
-12.684209257207828,-3.9232843760496774,3.824429495415055,-14.266284760018708,-3.0594586588904975,4.958264915786892,-0.5299250446326714,0.0066201393232332125,0.007356644217382471,-0.8479867337477992,-0.11782230654644846,-0.05584080037774271,-0.19779003485835317,0.001824628407121054,0.0005226971040883654,-0.003626917214205605,2382,992000000,14.34,0,2,2,-14.705315860717803,-1.015843818005109,4.986625879476222,-14.705315860717803,-1.015843818005109,4.986625879476222,251.52225160598755
-12.690189632369744,-3.9920246537263036,3.753020396282537,-14.251570455085668,-3.070756788257042,4.93078786605731,-0.5301446934731966,0.0066171115444679796,0.00730130129970165,-0.8478499329576841,-0.11802721053299767,-0.0547861127629122,-0.19783738105279433,0.0002940291636832626,0.00018024685743966984,-0.003751563053810969,2383,157000000,14.34,0,2,2,-14.705315860717803,-1.015843818005109,4.986625879476222,-14.68449713542955,-1.0308954338181762,4.94830620212933,251.71284103393555
-12.690189632369744,-3.9920246537263036,3.753020396282537,-14.234908675786377,-3.08379159912695,4.89937547550035,-0.5303934777540038,0.006616251482840709,0.007281388808541439,-0.8476945000112643,-0.11819339586680119,-0.05365388034350871,-0.19776669222616228,0.00017330877568610958,4.5761426648027737e-05,-0.003525140527926851,2383,316000000,14.35,0,2,2,-14.668443884463857,-1.0429142164464467,4.918563741821095,-14.668443884463857,-1.0429142164464467,4.918563741821095,251.90543961524963
-12.690189632369744,-3.9920246537263036,3.753020396282537,-14.218381767885647,-3.0969230715958043,4.867956014362862,-0.5306705472790706,0.0065001702223147035,0.007059105232404955,-0.847523856343248,-0.11834711709025454,-0.05302292901265669,-0.1980103071613528,0.0047246086523955455,0.0004226839564580587,-0.004827149177799583,2383,466000000,14.35,0,2,2,-14.650308894999368,-1.0567364836861677,4.8847074279882206,-14.650308894999368,-1.0567364836861677,4.8847074279882206,252.0938205718994
-12.697434554193253,-4.063427518855471,3.684122548120576,-14.20399198610266,-3.108474268889024,4.840429389972698,-0.5309914924171812,0.006369650113584086,0.006763709170097975,-0.8473262150885379,-0.11840742206245772,-0.052630989114308815,-0.19802501090331937,0.00436615405305929,0.0007596848945468082,-0.005791875582872308,2383,628000000,14.35,0,2,2,-14.650308894999368,-1.0567364836861677,4.8847074279882206,-14.632441500070152,-1.070258109322188,4.850880198931577,252.28253865242004
-12.697434554193253,-4.063427518855471,3.684122548120576,-14.187637124968226,-3.121724507472837,4.808998263294823,-0.5314068890428053,0.0062658711514227685,0.006463706699356412,-0.8470688741963465,-0.11822291426441223,-0.052211336994817836,-0.1975874689756369,0.003442825482125045,0.0008664373865485686,-0.006318404666671995,2383,771000000,14.33,0,2,2,-14.650308894999368,-1.0567364836861677,4.8847074279882206,-14.617086483482298,-1.0815010358260895,4.8212002369761695,252.4706003665924
-12.697434554193253,-4.063427518855471,3.684122548120576,-14.17139233811067,-3.1350216037634255,4.777627407757216,-0.5318556656965852,0.006160176909149213,0.006160232254423584,-0.8467902069730504,-0.11831849604725242,-0.051590018057935394,-0.1974241598445878,0.004047118090966251,0.0008081752014277299,-0.006877059013277176,2383,921000000,14.31,0,2,2,-14.600012751723515,-1.093022990016986,4.7870032961440945,-14.600012751723515,-1.093022990016986,4.7870032961440945,252.66081833839417
-12.705806814026612,-4.137447199741401,3.6178747020262745,-14.15727489034328,-3.146728907067229,4.750193919746707,-0.5322745242629014,0.0060669154197307605,0.005903264026295481,-0.8465294884596919,-0.1182661863501246,-0.051055344061049036,-0.19715671550878464,0.0035981436894871877,0.0007259481719756877,-0.007163585269154282,2384,78000000,14.28,0,2,2,-14.600012751723515,-1.093022990016986,4.7870032961440945,-14.583466974864024,-1.1029216346689354,4.752484254772707,252.84347128868103
-12.705806814026612,-4.137447199741401,3.6178747020262745,-14.14126535996476,-3.160154900361294,4.718914931407018,-0.5327671545576793,0.005975389842677107,0.005642179409644905,-0.8462219682519776,-0.11803657362084626,-0.05038541444459321,-0.19642680371917615,0.003159715720357781,0.0007136018098208297,-0.0073245796102128224,2384,223000000,14.25,0,2,2,-14.600012751723515,-1.093022990016986,4.7870032961440945,-14.569164235788355,-1.1115135187034086,4.722225988999498,253.03820133209229
-12.715167198351548,-4.214030001786824,3.5544102723452182,-14.127376935661996,-3.171949589412474,4.691636296429075,-0.5332130077517301,0.005890006810331549,0.005408881172507949,-0.8459432251567414,-0.11804160435999533,-0.04972108502870252,-0.19596431384315474,0.003530882690938597,0.0006548708881837229,-0.007706822816544445,2384,380000000,14.21,0,2,2,-14.600012751723515,-1.093022990016986,4.7870032961440945,-14.55272922305217,-1.1225641742141723,4.687826661896471,253.22234344482422
-12.715167198351548,-4.214030001786824,3.5544102723452182,-14.11163411825835,-3.1855131864027793,4.660531993742155,-0.5337422435544732,0.005799444479686017,0.00516190202241348,-0.8456115767045029,-0.11805888439620912,-0.04896288631299937,-0.195376494945583,0.002939527735179581,0.0006167651577015931,-0.007825097600289155,2384,533000000,14.17,0,2,2,-14.600012751723515,-1.093022990016986,4.7870032961440945,-14.538165287797854,-1.1336689490195957,4.657967295705859,253.4145429134369
-12.715167198351548,-4.214030001786824,3.5544102723452182,-14.09603610961895,-3.199190408409216,4.62949718842848,-0.5342779916435823,0.005737333548121072,0.004982207796601992,-0.8452746821326953,-0.11847817965661608,-0.04791420087057684,-0.19517844640639243,0.0019189260001439834,0.0003372303865489812,-0.008012486250663642,2384,690000000,14.13,0,2,2,-14.600012751723515,-1.093022990016986,4.7870032961440945,-14.521298325528761,-1.14789527139309,4.624054054818209,253.60403275489807
-12.725374889521806,-4.293114379395578,3.4938570679927814,-14.080593887521605,-3.2130338394274967,4.598487184834595,-0.5348207059473421,0.0056789340765178616,0.004845050026482946,-0.844932593576542,-0.11880134561393166,-0.0468284281289237,-0.19485640460236378,0.001743848110891122,0.00017877461573334585,-0.007984113290149253,2384,856000000,14.09,0,2,2,-14.600012751723515,-1.093022990016986,4.7870032961440945,-14.50440790572017,-1.1628916063577555,4.59028156908031,253.7946798801422
-12.725374889521806,-4.293114379395578,3.4938570679927814,-14.063412530362392,-3.228753865712752,4.563708470350472,-0.5354271801922331,0.005620324231894556,0.004716630048632732,-0.8445495249349836,-0.11892351898846217,-0.045763458240852636,-0.19391207654242903,0.0014073233955969044,0.00015101875874279358,-0.007963680309330812,2385,11000000,14.05,0,2,2,-14.600012751723515,-1.093022990016986,4.7870032961440945,-14.487653575078241,-1.1781098152928196,4.5566082466588425,254.0004916191101
-12.725374889521806,-4.293114379395578,3.4938570679927814,-14.05019662073625,-3.241101421065667,4.536763241296217,-0.535893261465094,0.005616472279304909,0.0047037012328475175,-0.8442539563129996,-0.1194050278696589,-0.04452443064977927,-0.1934677600014823,-0.00021894409343303778,-0.00013890712438069386,-0.007812560124875745,2385,177000000,14.0,0,2,2,-14.468728843276448,-1.1966768151901068,4.519011058329599,-14.468728843276448,-1.1966768151901068,4.519011058329599,254.19064950942993
-12.736287868369429,-4.3746310295518915,3.4363370350639415,-14.035274078894211,-3.2553972932100765,4.50604893887362,-0.536417817972374,0.0056255588797665,0.00474018201397371,-0.8439204988169926,-0.11985502466678274,-0.04306411095098681,-0.19274918829920593,-0.0005805308262551989,-0.00022325617550222887,-0.007748914958938258,2385,336000000,13.97,0,2,2,-14.468728843276448,-1.1966768151901068,4.519011058329599,-14.454047452157251,-1.2118146789756687,4.489999090387656,254.38715291023254
-12.736287868369429,-4.3746310295518915,3.4363370350639415,-14.020554049785549,-3.2698507943263886,4.475483293349962,-0.5369361591786466,0.0056362321557000454,0.004775811980383369,-0.8435905318775798,-0.12002879780768132,-0.04170498396625353,-0.1915912942585749,-0.00036370161069498863,-0.00012366219834802905,-0.007596552813993185,2385,487000000,13.93,0,2,2,-14.437370397314547,-1.229576218367932,4.457073157486299,-14.437370397314547,-1.229576218367932,4.457073157486299,254.58714270591736
-12.74776331755322,-4.4585030069142375,3.381966011250108,-14.006006213564293,-3.2844200742230827,4.445091752118585,-0.5374892127073081,0.005513583705054132,0.004557593304235807,-0.8432402830517993,-0.12022993937134585,-0.04096696975495623,-0.19068074203602314,0.004614898853105842,0.0003650656395848273,-0.00887077958395821,2385,649000000,13.9,0,2,2,-14.437370397314547,-1.229576218367932,4.457073157486299,-14.420837106475231,-1.2476257306934593,4.424345801449215,254.78043127059937
-12.74776331755322,-4.4585030069142375,3.381966011250108,-13.993365235831957,-3.297242715801462,4.41861244009984,-0.5380393473026783,0.005376020817697719,0.004264438426897997,-0.8428917924141737,-0.12029075971549534,-0.04055606789221675,-0.18979650599458062,0.004457559907677933,0.0006575371571670985,-0.009582790698914323,2385,808000000,13.86,0,2,2,-14.437370397314547,-1.229576218367932,4.457073157486299,-14.404691430836627,-1.2648679888068592,4.391730846135535,254.97832369804382
-12.74776331755322,-4.4585030069142375,3.381966011250108,-13.979020824404722,-3.311981832025307,4.3884890310103355,-0.5387095161605211,0.005231687698445644,0.003922914186895735,-0.842466199551178,-0.1206196280321511,-0.03992356897338331,-0.18903252455057618,0.004591976767187589,0.0007368309923094785,-0.010245752491755411,2385,953000000,13.81,0,2,2,-14.390981980291306,-1.278833765186356,4.363207359915601,-14.390981980291306,-1.278833765186356,4.363207359915601,255.17050290107727
-12.759658024525407,-4.544645860202418,3.3308534925573956,-13.963026209256894,-3.3287356597114797,4.354742146968455,-0.5395003089268717,0.00509165275583294,0.0035688905914907127,-0.8419624426065391,-0.12104077708669914,-0.03910791804480792,-0.18801361746449294,0.0037857877487113,0.0007498647732973041,-0.01048078893290949,2386,116000000,13.75,0,2,2,-14.390981980291306,-1.278833765186356,4.363207359915601,-14.375914823384925,-1.293000100411498,4.330440770892676,255.3685586452484
-12.759658024525407,-4.544645860202418,3.3308534925573956,-13.948946155360593,-3.3437469732641927,4.32494131542647,-0.5402096917435031,0.004997690015675635,0.003303358011220612,-0.8415091204893421,-0.12107553972695033,-0.03845259189410973,-0.1865851740855434,0.0031552069003737415,0.0007276920541698928,-0.010547951205808204,2386,278000000,13.67,0,2,2,-14.35968825734586,-1.3067477050647358,4.293329252672733,-14.35968825734586,-1.3067477050647358,4.293329252672733,255.5746715068817
-12.771828782997277,-4.632967789596851,3.283102412796267,-13.935003720903666,-3.35886605801184,4.295341038206566,-0.5409342616321257,0.004892090060839232,0.0030255004241556216,-0.8410452059161427,-0.1214625743046069,-0.037603760487106806,-0.1855876078690215,0.0036498141298579867,0.0006937148270935722,-0.010946707789116772,2386,451000000,13.6,0,2,2,-14.35968825734586,-1.3067477050647358,4.293329252672733,-14.345849347549178,-1.3172977408212383,4.260022976967692,255.77494096755981
-12.771828782997277,-4.632967789596851,3.283102412796267,-13.917769849163365,-3.3779651981705427,4.258585559595671,-0.5418526820125639,0.004776879624129756,0.0027112430765589253,-0.8404555321834865,-0.12181037697464256,-0.03663802679201751,-0.18395096858785648,0.002963824590551667,0.0006549469674155262,-0.010810356434376445,2386,615000000,13.53,0,2,2,-14.35968825734586,-1.3067477050647358,4.293329252672733,-14.332357319346052,-1.327475243193776,4.226705426190901,256.0258376598358
-12.771828782997277,-4.632967789596851,3.283102412796267,-13.904125117023346,-3.393414346827128,4.2293908621487,-0.5426087099412231,0.004673123160068951,0.0024524409119708714,-0.839969008564855,-0.12248809792425064,-0.035831674887312814,-0.18302596228586004,0.0032856799407454673,0.0005737678634432086,-0.011526601883815601,2386,806000000,13.43,0,2,2,-14.315585253582688,-1.3415938732641373,4.185556217791865,-14.315585253582688,-1.3415938732641373,4.185556217791865,256.2209506034851
-12.784132791792203,-4.7233698248109635,3.238808936286525,-13.89060221148893,-3.4090350336742756,4.200357017174438,-0.5433968591224094,0.004573882416998752,0.0022089954700758013,-0.8394605728886548,-0.12295895971378283,-0.03500414112385067,-0.18185112686063415,0.0030756320029468043,0.000548409872180855,-0.01184766069854959,2386,971000000,13.35,0,2,2,-14.302078753682338,-1.3544441596601806,4.153089351953152,-14.302078753682338,-1.3544441596601806,4.153089351953152,256.4187698364258
-12.784132791792203,-4.7233698248109635,3.238808936286525,-13.877228518293501,-3.4247895965612076,4.171539936501093,-0.544188886608305,0.0044985001301465054,0.0020019270091570316,-0.8389482769973619,-0.12309160428897134,-0.03410575740630882,-0.18029948639540277,0.0023882712639533565,0.000587689891062837,-0.011667967191897333,2387,128000000,13.26,0,2,2,-14.302078753682338,-1.3544441596601806,4.153089351953152,-14.288363349530242,-1.3690014559962873,4.121061329927434,256.617458820343
-12.796428049985627,-4.815746023439489,3.198062264195161,-13.864009517135438,-3.440664093246671,4.142964710694613,-0.5449780696993642,0.004408582374384922,0.00177335535693933,-0.8384368331359144,-0.12351196505442064,-0.0333125992084772,-0.1789256979209388,0.0031705365245215944,0.0005383551581417123,-0.011884019204444485,2387,285000000,13.18,0,2,2,-14.302078753682338,-1.3544441596601806,4.153089351953152,-14.274219742442382,-1.3861098268155057,4.089666717528306,256.8118679523468
-12.796428049985627,-4.815746023439489,3.198062264195161,-13.852549403519722,-3.454675555582056,4.118148001879956,-0.5456813451708313,0.004327757492375399,0.001572892802218073,-0.8379801107758298,-0.12381410062008716,-0.032598780459844094,-0.17751031168411244,0.0028531222596939187,0.0005664944637828739,-0.012036188763886457,2387,451000000,13.1,0,2,2,-14.259982301510753,-1.404387672524149,4.0587605134464955,-14.259982301510753,-1.404387672524149,4.0587605134464955,257.0082161426544
-12.796428049985627,-4.815746023439489,3.198062264195161,-13.839587907312543,-3.470833227174191,4.090021656083367,-0.5464923191656352,0.004251867520542543,0.0013721288730467226,-0.8374521980256,-0.12449555838329338,-0.03161056369241468,-0.17610575831648828,0.0023682332312091603,0.00048053944965431583,-0.012130608865845716,2387,595000000,13.02,0,2,2,-14.259982301510753,-1.404387672524149,4.0587605134464955,-14.247651952919602,-1.4204977552433478,4.031980781342141,257.2049124240875
-12.808573747245086,-4.909983689128907,3.1609444548970993,-13.82677426460722,-3.4872012021939365,4.0621145104139105,-0.5473028718367312,0.004190379229688802,0.0012059224997120993,-0.8369232658685637,-0.12513553791514487,-0.030561800219617092,-0.17461142530396412,0.001958916641342512,0.0004365176465626064,-0.012030307243549032,2387,756000000,12.99,0,2,2,-14.259982301510753,-1.404387672524149,4.0587605134464955,-14.23233863685007,-1.4398963078146765,3.997589580999566,257.4028820991516
-12.808573747245086,-4.909983689128907,3.1609444548970993,-13.812551177449484,-3.5058079613123065,4.031034753554969,-0.5482123768186868,0.004134088801279662,0.0010527313816956372,-0.8363282794269407,-0.12549023506194934,-0.02944984708869213,-0.1726102994362259,0.0015874260952841723,0.00029519099200570054,-0.012151902137702564,2387,913000000,12.85,0,2,2,-14.259982301510753,-1.404387672524149,4.0587605134464955,-14.220919747818401,-1.4535989607104753,3.970713244500954,257.60190653800964
-12.820430648300832,-5.005963609060587,3.127530258720525,-13.798532897544797,-3.524621859602295,4.000311565182033,-0.5491402147836897,0.004041405956238512,0.0008562111827046469,-0.8357200239599567,-0.12628816090175227,-0.028263099045813738,-0.1707222809628562,0.00245522983277624,0.000307796105403213,-0.012459875779313734,2388,89000000,12.75,0,2,2,-14.206871983400378,-1.4693343503544793,3.9358959010832475,-14.206871983400378,-1.4693343503544793,3.9358959010832475,257.8179132938385
-12.820430648300832,-5.005963609060587,3.127530258720525,-13.784702292887998,-3.5436711358977213,3.969929795518422,-0.5500845302263428,0.003960168567876331,0.0006734255422341871,-0.8350993193438829,-0.1268721849815713,-0.02724237273623188,-0.1687820082716705,0.002001103803195292,0.00032914441021603125,-0.012614217848749831,2388,271000000,12.66,0,2,2,-14.193464394639712,-1.4832334698454281,3.9007381446441904,-14.193464394639712,-1.4832334698454281,3.9007381446441904,258.01640915870667
-12.831861470496921,-5.103560310182758,3.0978869674096936,-13.77257120619001,-3.5608176664914195,3.943202923094454,-0.5509301459619216,0.003929811375603826,0.0005869149614226173,-0.8345419021138218,-0.12787189367988214,-0.025964419691887303,-0.16722820172810343,0.0008014074069251365,0.00016988944935292238,-0.012692465588770574,2388,444000000,12.56,0,2,2,-14.193464394639712,-1.4832334698454281,3.9007381446441904,-14.180612736746737,-1.4956473924785647,3.8651810752142666,258.20913457870483
-12.831861470496921,-5.103560310182758,3.0978869674096936,-13.760610271105367,-3.5782058056715496,3.9167358276154816,-0.5517741495519626,0.003910366752646729,0.0005316238615666602,-0.8339842410346481,-0.12862451323139673,-0.024729311057320513,-0.16547570354630853,0.0006247934834391344,0.00013384399721871887,-0.01258195507034543,2388,617000000,12.54,0,2,2,-14.193464394639712,-1.4832334698454281,3.9007381446441904,-14.168243891762499,-1.5068501622395052,3.8292046154838997,258.4011812210083
-12.831861470496921,-5.103560310182758,3.0978869674096936,-13.748810600481235,-3.595800588436306,3.890546073311031,-0.5526303934354705,0.00381167409945968,0.00034088782389052937,-0.8334176643120831,-0.129465262874833,-0.023736558680363964,-0.16381925261219277,0.003758383104468521,0.0004201048653840189,-0.013174855939723784,2388,772000000,12.41,0,2,2,-14.193464394639712,-1.4832334698454281,3.9007381446441904,-14.158922633092072,-1.5149117982472398,3.8009097342680693,258.5914888381958
-12.842731253395911,-5.2026423335747065,3.0720742786082926,-13.737134982081141,-3.6136009734188024,3.864623356620859,-0.5535211517888515,0.0036895482739809906,7.940997483544946e-05,-0.8328269420773639,-0.13021092920707292,-0.023008326937281363,-0.16206828139074697,0.0033165029890369624,0.0005452269476791116,-0.013426519672066206,2388,935000000,12.34,0,2,2,-14.148549006774266,-1.5235359029621776,3.7682589061037493,-14.148549006774266,-1.5235359029621776,3.7682589061037493,258.7852551937103
-12.842731253395911,-5.2026423335747065,3.0720742786082926,-13.725574540649008,-3.6315635523863787,3.8390030396273302,-0.5544240004294186,0.0035911362933336013,-0.00015661882236390296,-0.8322265959211511,-0.13066142376431858,-0.02233393263716369,-0.16002231321089289,0.002912687955358706,0.0006179576587328484,-0.013670333919435507,2389,96000000,12.27,0,2,2,-14.148549006774266,-1.5235359029621776,3.7682589061037493,-14.1384446952446,-1.5316974918190582,3.735241092282392,258.97759771347046
-12.842731253395911,-5.2026423335747065,3.0720742786082926,-13.714151346321895,-3.6496872107512837,3.8137168911779353,-0.5553310653122665,0.0035593309359294775,-0.0002844781440484764,-0.831621703741922,-0.13146070911980606,-0.021287157561926402,-0.1579884244834117,0.0006745285759279795,0.0004135456975973284,-0.013508590473065851,2389,250000000,12.21,0,2,2,-14.148549006774266,-1.5235359029621776,3.7682589061037493,-14.128580423937352,-1.5394824177001367,3.701865478842297,259.1691336631775
-12.852907719435574,-5.303072526274943,3.050144175636353,-13.702888394985708,-3.6680375792311306,3.788756233975192,-0.556219671519917,0.0035537977773165983,-0.00033753098366490013,-0.8310276370906498,-0.1322713048959173,-0.020147593802493487,-0.15593643760676015,0.0004934561616209976,0.0001831894451242988,-0.013227478302724194,2389,410000000,12.15,0,2,2,-14.148549006774266,-1.5235359029621776,3.7682589061037493,-14.118926440935677,-1.546949367185989,3.6681720532777,259.3605020046234
-12.852907719435574,-5.303072526274943,3.050144175636353,-13.69316821582186,-3.684250756157763,3.7671990199922716,-0.5569811878753734,0.0035426589489797405,-0.00037608415721980233,-0.830517467896501,-0.13272639303451922,-0.01920834353905904,-0.1539132698810199,0.0005152525261564733,0.00014938756578430912,-0.012968027931492543,2389,561000000,12.11,0,2,2,-14.109465545092043,-1.5543365661979371,3.634179729284625,-14.109465545092043,-1.5543365661979371,3.634179729284625,259.55244755744934
-12.86226162466454,-5.404708349855923,3.0321408228027407,-13.682206863455795,-3.702937313193111,3.742909992281938,-0.5578455253949924,0.0034760766737842504,-0.0005092562939723278,-0.8299373635074937,-0.13345988908565884,-0.018304449334504903,-0.15168838504739957,0.0026168203476117924,0.0003137265736086192,-0.01313318889515358,2389,716000000,12.13,0,2,2,-14.109465545092043,-1.5543365661979371,3.634179729284625,-14.099654514679287,-1.564704636878813,3.6011862850344825,259.74754333496094
-12.86226162466454,-5.404708349855923,3.0321408228027407,-13.671376347937189,-3.721814026493797,3.71897813416585,-0.5587245045874344,0.0033952016221846237,-0.0006862224440441378,-0.8293460855868483,-0.13411278600499227,-0.0174278591578716,-0.14936893386053812,0.00216266371353413,0.00041575304408070224,-0.013305869197210995,2389,872000000,12.02,0,2,2,-14.090498126007452,-1.577313689290442,3.573645439614383,-14.090498126007452,-1.577313689290442,3.573645439614383,259.93766260147095
-12.86226162466454,-5.404708349855923,3.0321408228027407,-13.66066940294481,-3.7408701288344686,3.6954144323768956,-0.5596306752281044,0.003268143386712306,-0.0009566559277867748,-0.8287351274031864,-0.1349959038231046,-0.01682478714792099,-0.14717612249445997,0.00434011976722104,0.0007180919112670381,-0.014049136734683998,2390,23000000,11.97,0,2,2,-14.090498126007452,-1.577313689290442,3.573645439614383,-14.079388538570424,-1.595451962525978,3.543679612929979,260.1297233104706
-12.870667098614804,-5.507402204979655,3.018100476464131,-13.650046918743662,-3.7601120254547022,3.672203159418467,-0.5605752668029215,0.0031411835570572186,-0.001265727070716919,-0.8280965530357415,-0.1356753533549973,-0.016310781195009838,-0.14492743988487783,0.003784719683608273,0.0009094706229006988,-0.014331761758512584,2390,185000000,11.91,0,2,2,-14.090498126007452,-1.577313689290442,3.573645439614383,-14.067704446329408,-1.6170531035985936,3.515255934067647,260.3190186023712
-12.870667098614804,-5.507402204979655,3.018100476464131,-13.63821161600029,-3.781914924940393,3.646535338744342,-0.5616415531619241,0.0030298143769297574,-0.001574580782731806,-0.8273736197644093,-0.13606310650449263,-0.0158720391195376,-0.1422753023732482,0.0032337391530745663,0.0008462185746793693,-0.014250719868869055,2390,347000000,11.84,0,2,2,-14.090498126007452,-1.577313689290442,3.573645439614383,-14.0555681069473,-1.6416985382328493,3.488235565813134,260.510324716568
-12.87800197240249,-5.61100177112331,3.0080514120095225,-13.627795409779845,-3.801444785957235,3.624128598307251,-0.5625834431609573,0.0029390897092625677,-0.001822902606269627,-0.8267332751613006,-0.1369036718567763,-0.015217722953271371,-0.1398731993179429,0.0029997617048138636,0.0007573537402549846,-0.014213778104021912,2390,518000000,11.76,0,2,2,-14.090498126007452,-1.577313689290442,3.573645439614383,-14.04149958676374,-1.6725487369922936,3.4593769835594648,260.70072865486145
-12.87800197240249,-5.61100177112331,3.0080514120095225,-13.61749379409404,-3.821159514479226,3.6021073047617658,-0.5635236268030471,0.002863938290843533,-0.0020349046045499523,-0.826092476091785,-0.1375567096619384,-0.014464173314635856,-0.137472172843497,0.0024638051399961114,0.0006741429103840346,-0.014217007083061617,2390,679000000,11.67,0,2,2,-14.028707023268348,-1.7023777000749831,3.4349674647455246,-14.028707023268348,-1.7023777000749831,3.4349674647455246,260.89479660987854
-12.87800197240249,-5.61100177112331,3.0080514120095225,-13.608589549573699,-3.8385705211128847,3.5831565186485355,-0.5643463081522202,0.0028284169990406985,-0.0021598918697972183,-0.8255304836281634,-0.13849562287545664,-0.01359152794355728,-0.13535107452275413,0.001346474437013967,0.0005093995980587351,-0.014238217499951134,2390,841000000,11.59,0,2,2,-14.028707023268348,-1.7023777000749831,3.4349674647455246,-14.015792478326945,-1.7337826380546042,3.4115284998510806,261.08599185943604
-12.884148094184555,-5.71535036061986,3.0020138669173706,-13.59854109859264,-3.8586953768859535,3.5618678547298837,-0.5652791838556133,0.002795935448242655,-0.0022663304342459513,-0.8248918055059486,-0.13944800535168123,-0.012654218541515749,-0.13286047126136064,0.0012221119504829403,0.00034516588414135185,-0.013962905632070033,2390,995000000,11.51,0,2,2,-14.028707023268348,-1.7023777000749831,3.4349674647455246,-14.004652156689593,-1.7613484215896649,3.391552913598062,261.2757227420807
-12.884148094184555,-5.71535036061986,3.0020138669173706,-13.588628095552833,-3.8790041093267424,3.540985121035113,-0.5661932717318923,0.0027651506683886305,-0.0023518673222418045,-0.8242645216842801,-0.1399976241302073,-0.01184564090485348,-0.13032680837785654,0.0009379217488003633,0.0002554867648996151,-0.013787105945084477,2391,145000000,11.42,0,2,2,-14.028707023268348,-1.7023777000749831,3.4349674647455246,-13.992282852889504,-1.7920304124115938,3.3691052298323325,261.47648096084595
-12.884148094184555,-5.71535036061986,3.0020138669173706,-13.578836605547526,-3.8994744229273883,3.520506652190799,-0.5671214977951851,0.0026794106602306303,-0.002527890961461866,-0.8236259085679289,-0.14090298583101,-0.011200628419123023,-0.12784598557483148,0.002922843805208686,0.0005028943746765435,-0.014414297129405895,2391,307000000,11.34,0,2,2,-14.028707023268348,-1.7023777000749831,3.4349674647455246,-13.98054906268684,-1.8205855342677377,3.346765027763743,261.67228507995605
-12.888991631137213,-5.8202872861178125,3.0,-13.569140404335322,-3.9201348774513347,3.500429216772242,-0.5680814589162713,0.0025810434015233735,-0.0027538943611117982,-0.8229636749677156,-0.14162174218972678,-0.010612103774644392,-0.12531167822653277,0.0029058096743028727,0.0006653539799117425,-0.014630472196586197,2391,465000000,11.25,0,2,2,-14.028707023268348,-1.7023777000749831,3.4349674647455246,-13.969535902202662,-1.8466848992891955,3.3243407600969337,261.86298966407776
-12.888991631137213,-5.8202872861178125,3.0,-13.559549762701057,-3.9409297964360923,3.4807732072841358,-0.5690421184326602,0.0025051903444060298,-0.002957694910539246,-0.8222992420717805,-0.14200305466910546,-0.01015696911299053,-0.12261025396382257,0.0023611755523234024,0.0006751066337074008,-0.014530556472891476,2391,618000000,11.17,0,2,2,-14.028707023268348,-1.7023777000749831,3.4349674647455246,-13.95920296854855,-1.8704938123460022,3.301763051736791,262.05549335479736
-12.892423357163015,-5.92564824052489,3.0020138669173706,-13.550072485871922,-3.961875377624801,3.4615521796021516,-0.5699955993401095,0.0024856513753518973,-0.0030623691197795514,-0.8216382781769137,-0.14296174346529072,-0.009291632134691112,-0.11995418180605641,0.0007057864934267855,0.00044403287802197156,-0.014481304515356896,2391,780000000,11.08,0,2,2,-14.028707023268348,-1.7023777000749831,3.4349674647455246,-13.949464972534098,-1.892352091878076,3.278991713516207,262.24855279922485
-12.892423357163015,-5.92564824052489,3.0020138669173706,-13.54188706113945,-3.980380175143142,3.4450859990974467,-0.5708197686676306,0.0024753703236156588,-0.003118010697128767,-0.8210657356444038,-0.14369878290996313,-0.008554109821493997,-0.11757929704579602,0.0006647750751653803,0.0002719171078524596,-0.014173592990118777,2391,937000000,11.01,0,2,2,-13.940237638086412,-1.9125368886514391,3.256038611067405,-13.940237638086412,-1.9125368886514391,3.256038611067405,262.4347231388092
-12.892423357163015,-5.92564824052489,3.0020138669173706,-13.532655048196638,-4.001726941554186,3.4266814675417896,-0.5717427640598998,0.002474682448082156,-0.0031427019278524844,-0.8204231902600752,-0.144874563328291,-0.007549282963105046,-0.1148009715538059,-6.48572452632834e-05,0.00011585712442752083,-0.013986661906528752,2392,87000000,10.95,0,2,2,-13.940237638086412,-1.9125368886514391,3.256038611067405,-13.932548417859453,-1.9290782219146965,3.2357870138605405,262.62700963020325
-12.894338925575825,-6.03126568846405,3.0080514120095216,-13.523560880936323,-4.023319871457775,3.4087323260895364,-0.5726582155875941,0.0024903647094448914,-0.0031321800054857963,-0.8197844568251216,-0.14582031643033877,-0.006586099874723947,-0.11193441443443383,-0.00034775330561842566,0.00010274470341187225,-0.013938449319539359,2392,248000000,10.89,0,2,2,-13.924163989425354,-1.9468365283226658,3.2124558422719316,-13.924163989425354,-1.9468365283226658,3.2124558422719316,262.819762468338
-12.894338925575825,-6.03126568846405,3.0080514120095216,-13.515717462269595,-4.042362659311124,3.393407823123144,-0.5734502453724968,0.002503816450505323,-0.003120496051115953,-0.8192306204542164,-0.14638322562573575,-0.005859932852357253,-0.10937138166582414,-0.0002598029169575966,4.691288495450863e-05,-0.013646249772136798,2392,410000000,10.84,0,2,2,-13.924163989425354,-1.9468365283226658,3.2124558422719316,-13.916146096653515,-1.9636553324145747,3.189016226447969,263.0170114040375
-12.894639126058248,-6.136969268236469,3.01810047646413,-13.506866174545575,-4.064267634985315,3.376330146108926,-0.5743580018697819,0.002434406536498708,-0.0032432143187055185,-0.8185941857317637,-0.14711289399048386,-0.005312638935024102,-0.10652550695882204,0.0033139592915176763,0.0004455309095874327,-0.014312975508801173,2392,556000000,10.8,0,2,2,-13.924163989425354,-1.9468365283226658,3.2124558422719316,-13.90919225969108,-1.97923389125097,3.169163697148399,263.2073304653168
-12.894639126058248,-6.136969268236469,3.01810047646413,-13.498090919376246,-4.086330872128872,3.359709330537303,-0.5753192043200739,0.002326190420281361,-0.0034765165438726277,-0.8179182818664501,-0.14784943636811404,-0.00496582876789003,-0.10365953787109669,0.002903243398577615,0.0006537680462770368,-0.014914861003489932,2392,710000000,10.74,0,2,2,-13.924163989425354,-1.9468365283226658,3.2124558422719316,-13.901309896285925,-1.9981274758037932,3.1474290647893617,263.4030830860138
-12.894639126058248,-6.136969268236469,3.01810047646413,-13.489386154304889,-4.108561855432781,3.3435570463865503,-0.576305299272464,0.0022245526812874686,-0.0037205150437876287,-0.8172229874175423,-0.14885680587989564,-0.004542841015907429,-0.10072469843043756,0.0032063758226286154,0.0008240542854309751,-0.015171372615441214,2392,868000000,10.67,0,2,2,-13.924163989425354,-1.9468365283226658,3.2124558422719316,-13.893593797657052,-2.01748643902399,3.1266089278656715,263.6006281375885
-12.893230125232524,-6.242586203254562,3.0321408228027398,-13.480750437586478,-4.130993510648284,3.3278782717827045,-0.5773016947066653,0.0021433281325120143,-0.003948650646283123,-0.8165185653684809,-0.14983614815507734,-0.004143341463707645,-0.09780988346707757,0.002603527332212252,0.0008384316799947555,-0.015287832320609596,2393,34000000,10.59,0,2,2,-13.924163989425354,-1.9468365283226658,3.2124558422719316,-13.885940361669487,-2.0373740325722327,3.10668856208348,263.79229497909546
-12.893230125232524,-6.242586203254562,3.0321408228027398,-13.47218440311917,-4.153583679668256,3.3126655299830756,-0.5782978651472848,0.0020811579718661216,-0.004136029225915659,-0.8158125649987447,-0.15039277744805896,-0.003861101098724948,-0.09494092113291201,0.0020777686358997016,0.0006487069413196878,-0.015185674146778183,2393,196000000,10.5,0,2,2,-13.924163989425354,-1.9468365283226658,3.2124558422719316,-13.877816910834587,-2.060184119133774,3.0881390160351487,263.979763507843
-12.893230125232524,-6.242586203254562,3.0321408228027398,-13.463692556864679,-4.176306911110481,3.297925079493333,-0.5792814181391919,0.0020527127465197635,-0.004244901536530632,-0.8151139833053853,-0.15131040440972163,-0.0034178833494248615,-0.09190594882965823,0.000761662312243061,0.00042994056173029094,-0.014958776409912389,2393,348000000,10.41,0,2,2,-13.924163989425354,-1.9468365283226658,3.2124558422719316,-13.869188720102017,-2.0860781142816855,3.0709951685102754,264.169882774353
-12.890023690234493,-6.3479417218801215,3.050144175636352,-13.455287263793617,-4.199223486199437,3.2836815572654374,-0.580251926015618,0.0020430503069703097,-0.0043021164173828895,-0.8144231210463884,-0.15217057221175254,-0.0028127661763597844,-0.08883551610572431,0.0005027968029480689,0.0002894400637387662,-0.01484586282458622,2393,507000000,10.31,0,2,2,-13.924163989425354,-1.9468365283226658,3.2124558422719316,-13.860114772964483,-2.1147337261345616,3.0551891733753327,264.3635673522949
-12.890023690234493,-6.3479417218801215,3.050144175636352,-13.446989241623887,-4.22229543627703,3.2699273151205235,-0.5812074388213653,0.002025532664786408,-0.004354582360683616,-0.813741265936905,-0.15276222313323579,-0.002256668306049393,-0.08581675760153347,0.0006319242061181285,0.00019359088838655225,-0.014481206108030165,2393,659000000,10.21,0,2,2,-13.924163989425354,-1.9468365283226658,3.2124558422719316,-13.850830215539352,-2.1450674491719735,3.04048121283746,264.55764508247375
-12.884937394730386,-6.452859484576475,3.0720742786082917,-13.43981846018466,-4.242610191386082,3.258300544509232,-0.5820215521303257,0.0020344108060360864,-0.004354301029737812,-0.8131591566790729,-0.15358703268967508,-0.0016253244320921976,-0.08300264756028604,-0.00046492531282638083,7.95159948552282e-05,-0.014147689398669172,2393,820000000,10.11,0,2,2,-13.924163989425354,-1.9468365283226658,3.2124558422719316,-13.841630212468452,-2.175724338399159,3.026569935490307,264.75079226493835
-12.884937394730386,-6.452859484576475,3.0720742786082917,-13.431728703864072,-4.266007517762275,3.2454938925665036,-0.5829344690364161,0.0020594994467785597,-0.004315454135864727,-0.8125051016005139,-0.15440625004114855,-0.0009410449812447751,-0.07987174576605859,-0.0007269115940289339,-6.0890894815202046e-05,-0.013975310866953805,2393,976000000,10.02,0,2,2,-13.924163989425354,-1.9468365283226658,3.2124558422719316,-13.83392951167564,-2.201414815350331,3.014751228807546,264.9403154850006
-12.884937394730386,-6.452859484576475,3.0720742786082917,-13.423751834414253,-4.289588246116109,3.2331985757534274,-0.5838357008794794,0.002097239675528988,-0.004250257843070914,-0.8118579994509987,-0.1554868444823549,-0.0001496873378532511,-0.0765559874573211,-0.0011191525572940009,-3.3401125065779524e-05,-0.013765698895440437,2394,123000000,9.92,0,2,2,-13.924163989425354,-1.9468365283226658,3.2124558422719316,-13.825527591635902,-2.2295515467869165,3.0016490578408184,265.13745188713074
-12.877894806867692,-6.557162017261522,3.0978869674096923,-13.416864381646736,-4.310406858001136,3.2228852865353423,-0.5846142711221428,0.002136350408636514,-0.004183990691608293,-0.8112977777790037,-0.15644261736921813,0.0005100577498685253,-0.07361094496157417,-0.0011337097248542705,-0.00011911318296142781,-0.01367292115901364,2394,287000000,9.82,0,2,2,-13.817455220879843,-2.2569556479829345,2.989105654907301,-13.817455220879843,-2.2569556479829345,2.989105654907301,265.32965660095215
-12.877894806867692,-6.557162017261522,3.0978869674096923,-13.408130432724107,-4.337382097902387,3.2102167563947446,-0.5856106567607244,0.0021746426456326117,-0.004104159102973602,-0.8105791667047051,-0.1572602667304959,0.0012285892276464123,-0.07001331848932167,-0.0009337701897038642,-0.00014617140209338686,-0.013647973537445068,2394,435000000,9.73,0,2,2,-13.810774859530724,-2.2797089815049234,2.9784500258112403,-13.810774859530724,-2.2797089815049234,2.9784500258112403,265.5251169204712
-12.868825658704356,-6.660671149728165,3.1275302587205234,-13.401432015437157,-4.358508834052699,3.2008277991969205,-0.5863757591147075,0.0022172871727241233,-0.004021208016830173,-0.8100261617048733,-0.1582038640979294,0.001843898096646116,-0.06693670031991675,-0.0014936476532056986,-0.00020638371296399782,-0.013337088785192464,2394,598000000,9.62,0,2,2,-13.802753438128612,-2.306993220087884,2.965075322773234,-13.802753438128612,-2.306993220087884,2.965075322773234,265.7188491821289
-12.868825658704356,-6.660671149728165,3.1275302587205234,-13.393875189149457,-4.382843673615212,3.1906185002214995,-0.5872277928589756,0.0022672423111758707,-0.0039164188064678375,-0.8094090687470771,-0.15907811205707503,0.0025509066067374506,-0.06358464088766437,-0.0014401478438230697,-0.0002591108909655304,-0.012997246903978521,2394,745000000,9.54,0,2,2,-13.802753438128612,-2.306993220087884,2.965075322773234,-13.796958123490466,-2.3266510125955833,2.9548778924397574,265.9256503582001
-12.868825658704356,-6.660671149728165,3.1275302587205234,-13.385465558083752,-4.410405716903987,3.179786231766266,-0.5882071509445008,0.002137014525949605,-0.004127458938243697,-0.8086969425126955,-0.15999504802828832,0.002673473160803403,-0.0596376770728686,0.004041909414809197,0.0007109823116024927,-0.013941463930677855,2394,909000000,9.45,0,2,2,-13.802753438128612,-2.306993220087884,2.965075322773234,-13.790753313120979,-2.3477609613982846,2.9434721822180423,266.13162636756897
-12.857665996714566,-6.763208457982669,3.160944454897098,-13.378000248788968,-4.435030444972875,3.170745616389604,-0.5891270219240745,0.0020089544977198647,-0.004423227005428951,-0.8080258357277665,-0.16057347914052383,0.00247446405734272,-0.05634385945981233,0.0036346920524010784,0.0010088679232467257,-0.014392715729627525,2395,85000000,9.35,0,2,2,-13.784026113423161,-2.3711310490885906,2.9313272810366233,-13.784026113423161,-2.3711310490885906,2.9313272810366233,266.322598695755
-12.857665996714566,-6.763208457982669,3.160944454897098,-13.372407765282775,-4.4535493134984305,3.164305814075535,-0.5898265419180981,0.0019297942156395677,-0.004631590314075087,-0.8075143805000538,-0.16080930702055257,0.0023808236762504725,-0.053945862343295695,0.0034105344411727856,0.001010618632335536,-0.014411958272830816,2395,238000000,9.24,0,2,2,-13.784026113423161,-2.3711310490885906,2.9313272810366233,-13.778286356082655,-2.3914174692152983,2.9211585916881857,266.5221691131592
-12.844358313024607,-6.864595709337353,3.1980622641951624,-13.364982379959322,-4.478297878770704,3.1561743402654976,-0.5907563899999855,0.001854880659533519,-0.004859972907300322,-0.8068332093780375,-0.16131498517667192,0.0024149337629908755,-0.05064857401619381,0.0022239003783397493,0.0009396479470069607,-0.014382107747223927,2395,361000000,9.15,0,2,2,-13.7740676637675,-2.40659130287571,2.913961039928508,-13.7740676637675,-2.40659130287571,2.913961039928508,266.72008657455444
-12.844358313024607,-6.864595709337353,3.1980622641951624,-13.357602442923513,-4.50315234475347,3.1485956448933474,-0.5916733181831934,0.0018076187337073353,-0.005034091352776084,-0.8061600802501044,-0.16181128913412637,0.002527219332998401,-0.04718895285543168,0.0018981833250109048,0.00075486016726245,-0.01402721773047233,2395,523000000,9.04,0,2,2,-13.7740676637675,-2.40659130287571,2.913961039928508,-13.76838604264314,-2.4275605684009105,2.905068540208697,266.9277880191803
-12.844358313024607,-6.864595709337353,3.1980622641951624,-13.351179544685984,-4.524994762649706,3.1424365075937755,-0.5924588567962932,0.0017638876997877564,-0.005181705309727497,-0.8055821135265449,-0.16261171883078634,0.0026184662211494562,-0.043908112812184236,0.002008566298172809,0.0008468505711789476,-0.013849955757905263,2395,679000000,8.93,0,2,2,-13.76279216052586,-2.448621512095658,2.896858459218184,-13.76279216052586,-2.448621512095658,2.896858459218184,267.12062072753906
-12.828851657088071,-6.964655309084123,3.238808936286523,-13.34295395440818,-4.553245409624045,3.135184529892616,-0.5934587531936156,0.0017179648883743834,-0.005360253811159886,-0.8048447207589805,-0.16338701922317217,0.00272263607250432,-0.03996266153648957,0.0016909564351408335,0.0007370583944066311,-0.013759075682173716,2395,836000000,8.83,0,2,2,-13.76279216052586,-2.448621512095658,2.896858459218184,-13.758099606515037,-2.4665046375246846,2.890097818926147,267.3124601840973
-12.828851657088071,-6.964655309084123,3.238808936286523,-13.336586516108403,-4.575298103751142,3.130024534729693,-0.5942330281962808,0.0016765785155059612,-0.005483114236298641,-0.804272486625914,-0.16372570624604832,0.002660433938980379,-0.03701598789922607,0.0016490171560690214,0.0004955967085606972,-0.013735077573073795,2395,998000000,8.7,0,2,2,-13.752206658648577,-2.4893957400124958,2.8820771818802227,-13.752206658648577,-2.4893957400124958,2.8820771818802227,267.5069386959076
-12.828851657088071,-6.964655309084123,3.238808936286523,-13.329333897340213,-4.600578340186346,3.12464292266729,-0.5951161677997394,0.0016230756690899487,-0.005612000403899607,-0.8036184529365857,-0.16438385747681805,0.0027010402965906982,-0.03348253848796997,0.0015864129977671837,0.0004979772313618014,-0.013723279607802397,2396,156000000,8.6,0,2,2,-13.752206658648577,-2.4893957400124958,2.8820771818802227,-13.74743687219321,-2.5085229901200305,2.8766431132480115,267.6995632648468
-12.81110172756657,-7.0632107475678865,3.2831024127962687,-13.322113555958014,-4.6259731920834755,3.1198320686209984,-0.5959936354842628,0.0015797215057617641,-0.0057319606400715786,-0.8029671447633686,-0.16491030374321913,0.0027203222214113266,-0.03001320988050681,0.0013598359487332345,0.0005080011760583147,-0.013558901537180645,2396,314000000,8.49,0,2,2,-13.752206658648577,-2.4893957400124958,2.8820771818802227,-13.741984672233347,-2.530845854207165,2.8711160457919815,267.89138746261597
-12.81110172756657,-7.0632107475678865,3.2831024127962687,-13.315821026709415,-4.64825301890687,3.1160682796810186,-0.5967490460179977,0.0015447505605418687,-0.0058218446736533775,-0.8024053189921606,-0.16520991476641597,0.002663203888500713,-0.027121486224042174,0.0011874932965838525,0.00030004159157215327,-0.013321455207915278,2396,463000000,8.37,0,2,2,-13.752206658648577,-2.4893957400124958,2.8820771818802227,-13.736652355413238,-2.553000467828814,2.8662030476095737,268.0838396549225
-12.791070944239198,-7.160087046474805,3.3308534925573934,-13.308656079174359,-4.673785340388341,3.112274394330229,-0.597597696772433,0.0015021005386686129,-0.005905488167655109,-0.8017729489797947,-0.16581803313024096,0.0027138359108386458,-0.023595896898377038,0.001016703095046978,0.0002526147483195018,-0.013159414447727613,2396,614000000,8.27,0,2,2,-13.752206658648577,-2.4893957400124958,2.8820771818802227,-13.732146066177629,-2.571902182660734,2.862328812068406,268.27869296073914
-12.791070944239198,-7.160087046474805,3.3308534925573934,-13.301525251898429,-4.6994257495887375,3.10905562334013,-0.5984344357757201,0.0014753309393053578,-0.005962384163233951,-0.8011482381254451,-0.1663129031519769,0.0027495077217624593,-0.020083373643956164,0.0005233232570844848,0.00014909949754837726,-0.01293339437324903,2396,779000000,8.18,0,2,2,-13.752206658648577,-2.4893957400124958,2.8820771818802227,-13.72669406763416,-2.59493385655657,2.857770128092963,268.4782991409302
-12.791070944239198,-7.160087046474805,3.3308534925573934,-13.293533127117803,-4.728394743507719,3.1061268778169486,-0.5993488264132891,0.001458656571488043,-0.00599684857125741,-0.800464174342133,-0.1672736706510002,0.0027707294282597454,-0.015829087399175136,0.0002667610147000232,0.00012627721730495978,-0.012436819270078558,2396,936000000,8.08,0,2,2,-13.7221643335208,-2.6142769750736563,2.854128448589138,-13.7221643335208,-2.6142769750736563,2.854128448589138,268.67116808891296
-12.768728499821618,-7.255111203149934,3.381966011250106,-13.286449770344937,-4.754292466806842,3.10417723095966,-0.6001418495067826,0.0014497250927513095,-0.0060071696884917095,-0.7998697223173704,-0.16794947851423653,0.0028715700277609935,-0.01205187730949998,5.349582465896674e-05,-5.704266818895576e-05,-0.01238644963450497,2397,99000000,7.95,0,2,2,-13.7221643335208,-2.6142769750736563,2.854128448589138,-13.717877237611773,-2.632710350946275,2.8508533438554395,268.8734006881714
-12.768728499821618,-7.255111203149934,3.381966011250106,-13.27940748734059,-4.780284130918994,3.1027996375414126,-0.600923075990927,0.0014356334241339961,-0.005994202220027715,-0.7992830945528746,-0.16836882181784169,0.0029746246566603107,-0.008699717834830468,-0.00012640621065429514,-0.0003052980872553235,-0.012040443289151881,2397,265000000,7.86,0,2,2,-13.7221643335208,-2.6142769750736563,2.854128448589138,-13.713791928333537,-2.650472010862661,2.847982753004517,269.0709578990936
-12.744050391633543,-7.348112631760661,3.4363370350639393,-13.27240058380714,-4.806363596824603,3.1019757965380834,-0.6016803522004535,0.0013962094975526716,-0.006008146074663579,-0.7987131566186465,-0.16902848299789652,0.002998189261888371,-0.004994630754279931,0.0005802953751299356,-0.00015262996129195017,-0.011682512467814377,2397,424000000,7.77,0,2,2,-13.7221643335208,-2.6142769750736563,2.854128448589138,-13.709879881679663,-2.6677178282393386,2.8455351766096397,269.2687780857086
-12.744050391633543,-7.348112631760661,3.4363370350639393,-13.265409417463394,-4.832541209318786,3.1017431007982066,-0.602425047121987,0.0013599038565588035,-0.006027528706056979,-0.7981515408487727,-0.16948488029811465,0.0029325430519741126,-0.0014331650070184003,0.0003237711240444696,-0.00021612823672967352,-0.01167818436442758,2397,587000000,7.68,0,2,2,-13.7221643335208,-2.6142769750736563,2.854128448589138,-13.705683450149573,-2.6865874240055603,2.8439450641622637,269.4592890739441
-12.744050391633543,-7.348112631760661,3.4363370350639393,-13.258428555717904,-4.858804792781745,3.102103248579407,-0.6031613913374969,0.0013325502063386801,-0.006029965042670938,-0.7975952606625409,-0.1702110852525036,0.002862218088266166,0.002544403794730204,0.00010243400012655002,-0.00019133868818244082,-0.0113642035103112,2397,745000000,7.59,0,2,2,-13.70066314929033,-2.709610591587902,2.84375450734346,-13.70066314929033,-2.709610591587902,2.84375450734346,269.6604723930359
-12.71701943311114,-7.4389236001286365,3.493857067992779,-13.250580660238924,-4.8884847748292515,3.103267930362475,-0.6039545205547846,0.0013092149695765145,-0.006014060840693267,-0.7969950151223081,-0.17087833168297678,0.002809503889440962,0.006841240372295864,-8.376787405950381e-05,-0.00035930574426856765,-0.010782062145153759,2397,913000000,7.5,0,2,2,-13.70066314929033,-2.709610591587902,2.84375450734346,-13.69488923315579,-2.7363720804011002,2.844932432507818,269.86424255371094
-12.71701943311114,-7.4389236001286365,3.493857067992779,-13.24449357641264,-4.9116285548748895,3.104676590531499,-0.6045483780317032,0.0012767421500532892,-0.005998384408532421,-0.7965448185339018,-0.17106556852661917,0.0027846189293556007,0.00978416211958258,9.941097260934839e-05,-0.0005493734818173834,-0.010558382382441778,2398,77000000,7.39,0,2,2,-13.687702016557857,-2.7698008043855955,2.8477648728392464,-13.687702016557857,-2.7698008043855955,2.8477648728392464,270.0525736808777
-12.687625245218829,-7.527379661061074,3.5544102723452156,-13.236684029328739,-4.941441954163075,3.107114227151228,-0.6052996690994676,0.0012231787522349706,-0.005986660336881747,-0.795974229683239,-0.17162688090251416,0.00260934745961085,0.013989081045988455,0.00025410963075955806,-0.0004304884242856133,-0.010432977524033049,2398,234000000,7.31,0,2,2,-13.687702016557857,-2.7698008043855955,2.8477648728392464,-13.681981348589435,-2.7964850396705847,2.850729005054196,270.24461126327515
-12.687625245218829,-7.527379661061074,3.5544102723452156,-13.229732771499528,-4.968023243022544,3.109920854466815,-0.6059500991477782,0.0011842299522908952,-0.005971843798860239,-0.7954793598980803,-0.17203142764180912,0.0024421674008694044,0.017625203396964967,4.8719799394802976e-05,-0.0005044430054113036,-0.010022691913036397,2398,401000000,7.2,0,2,2,-13.687702016557857,-2.7698008043855955,2.8477648728392464,-13.6747570017183,-2.830286601558042,2.8552062344667917,270.44532656669617
-12.687625245218829,-7.527379661061074,3.5544102723452156,-13.223643126882305,-4.991341255629443,3.112867371553037,-0.6064974975124837,0.0011525732298474003,-0.005955674933380173,-0.7950622535513381,-0.17260308853343426,0.0022618682498291394,0.021128666234405267,4.35469658555121e-05,-0.0004041530388576575,-0.009671697171143023,2398,562000000,7.11,0,2,2,-13.687702016557857,-2.7698008043855955,2.8477648728392464,-13.668740574982458,-2.858531238994949,2.8595293911407196,270.6409168243408
-12.655864227872215,-7.613320077025024,3.617874702026272,-13.216664189318216,-5.0180787760484264,3.116831698018924,-0.607104333365688,0.0011241395860899042,-0.005931731749735863,-0.794599194108101,-0.17314173058148621,0.0020739757175382467,0.024982130366267823,-0.00013662747022635813,-0.00047752786827004456,-0.009459141892875778,2398,716000000,7.03,0,2,2,-13.687702016557857,-2.7698008043855955,2.8477648728392464,-13.663823164137321,-2.8816857045974023,2.863572210697584,270.831218957901
-12.655864227872215,-7.613320077025024,3.617874702026272,-13.209675918780201,-5.04487216034703,3.121371603667144,-0.6076975266610737,0.0010881638932935629,-0.005895712735650536,-0.7941459390821649,-0.17338507842233078,0.0018524090523878082,0.02833249401371732,-0.00011596117843737375,-0.0007103241216555034,-0.009207575567415915,2398,872000000,6.95,0,2,2,-13.687702016557857,-2.7698008043855955,2.8477648728392464,-13.658557485189903,-2.9065206036762965,2.868556814817028,271.02082538604736
-12.62173951154128,-7.696588237022761,3.6841225481205733,-13.202673445185814,-5.071704827212204,3.12645991742725,-0.6082720493979917,0.0010441728562131966,-0.005855494221233673,-0.7937063290736935,-0.17383360550368088,0.0015809878506611794,0.03208995049977382,-9.533561140528946e-05,-0.0006601455595500738,-0.008893994981917785,2399,32000000,6.86,0,2,2,-13.687702016557857,-2.7698008043855955,2.8477648728392464,-13.653601794057826,-2.9299065327353717,2.873982568975857,271.21098351478577
-12.62173951154128,-7.696588237022761,3.6841225481205733,-13.1965288997139,-5.0952349436612145,3.131410038772354,-0.6087573288131839,0.0010077374454877308,-0.005823269280845599,-0.7933344746173335,-0.17410904956245427,0.0014234079082347877,0.03528774763416111,-7.976236560125471e-05,-0.0006692497834137612,-0.008589988283347338,2399,186000000,6.78,0,2,2,-13.687702016557857,-2.7698008043855955,2.8477648728392464,-13.648706220219754,-2.953014421269776,2.87998951785645,271.4056541919708
-12.62173951154128,-7.696588237022761,3.6841225481205733,-13.189501525385175,-5.12217280215856,3.1376216510626334,-0.6092909652547878,0.0009713122336557647,-0.005781623333601273,-0.7929250589072476,-0.17458790468947202,0.0012402886563468876,0.039240174432506415,-0.00023940328901517205,-0.0005950834236045921,-0.008239254566433374,2399,336000000,6.71,0,2,2,-13.687702016557857,-2.7698008043855955,2.8477648728392464,-13.643876900382384,-2.9757705891718693,2.886164583488792,271.59598898887634
-12.585260889259121,-7.777032064545336,3.753020396282529,-13.182450513581696,-5.149188232317386,3.1444694578587495,-0.6098013543845419,0.0009334697513731917,-0.005745171456375415,-0.7925329203445989,-0.1750733174719854,0.0009989774786428088,0.04303514481691446,-2.729192623007748e-05,-0.000670209732334115,-0.007876961899455637,2399,488000000,6.62,0,2,2,-13.687702016557857,-2.7698008043855955,2.8477648728392464,-13.637839902358962,-3.0042146645337553,2.894189954254601,271.7843940258026
-12.585260889259121,-7.777032064545336,3.753020396282529,-13.17626434896219,-5.172864855834771,3.1509249355947397,-0.6102323601633355,0.0008948368100561033,-0.005706391299262335,-0.7922014282838097,-0.1752138789508027,0.0008039517695472759,0.04595246770414785,-0.00019289877855044324,-0.0008133624191941635,-0.007700059450144181,2399,648000000,6.54,0,2,2,-13.687702016557857,-2.7698008043855955,2.8477648728392464,-13.631484992033082,-3.0341008113168475,2.903128719748492,271.9734580516815
-12.585260889259121,-7.777032064545336,3.753020396282529,-13.169180699743245,-5.19994085222491,3.1588062556816707,-0.6107093612560479,0.0008431225300253591,-0.005661881721212188,-0.7918341419224131,-0.17548688037609067,0.0005001099992080851,0.049583948581116824,1.6760325394216125e-05,-0.0007859421657485655,-0.007307215537366574,2399,795000000,6.47,0,2,2,-13.625845852188993,-3.060554789421312,2.9115796553612214,-13.625845852188993,-3.060554789421312,2.9115796553612214,272.165723323822
-12.546444729317436,-7.854504415502291,3.8244294954150524,-13.162053991571744,-5.227051563722888,3.1672795325010186,-0.6111615580709698,0.0007891950164247235,-0.005625588859526517,-0.791485489353705,-0.1757129219997112,5.963604079392569e-05,0.0531687483992313,2.826640823627713e-05,-0.0007928903130505205,-0.00702804459251638,2399,951000000,6.38,0,2,2,-13.619592684285998,-3.089836250493919,2.9217265429231483,-13.619592684285998,-3.089836250493919,2.9217265429231483,272.3618760108948
-12.546444729317436,-7.854504415502291,3.8244294954150524,-13.155785784355778,-5.250779560898427,3.1751299436331872,-0.6115470243449922,0.0007375762022228728,-0.005590989619027667,-0.7911879889325996,-0.17574574271259205,-0.00018969507039566638,0.05588394416165805,3.3357634876551856e-05,-0.000932648589468954,-0.006912643857504008,2400,106000000,6.29,0,2,2,-13.61368901071148,-3.117408098731908,2.932352952161742,-13.61368901071148,-3.117408098731908,2.932352952161742,272.5500662326813
-12.505313868984805,-7.928863465050148,3.8982060370957905,-13.147705413296624,-5.281295615486162,3.1857906799308284,-0.6120258393190409,0.0006839543540966306,-0.005519381489814741,-0.7908182096033417,-0.17598881932423677,-0.0005517793675333616,0.059741890814039,-0.000476822935979726,-0.0008894305096873723,-0.0064981858940882375,2400,256000000,6.22,0,2,2,-13.61368901071148,-3.117408098731908,2.932352952161742,-13.608837549358357,-3.1400042096186085,2.9420125520396856,272.7423574924469
-12.505313868984805,-7.928863465050148,3.8982060370957905,-13.141388923178745,-5.305052885344496,3.194563860979486,-0.6123696120049642,0.000655430677252886,-0.005449321027181263,-0.7905525495524377,-0.1761146228085693,-0.0008255913148210812,0.06260821958341675,-0.0005802569774004951,-0.0009405338346368808,-0.005962734621789423,2400,420000000,6.12,0,2,2,-13.61368901071148,-3.117408098731908,2.932352952161742,-13.602980798867568,-3.1671565976842815,2.9549295937289983,272.93490958213806
-12.505313868984805,-7.928863465050148,3.8982060370957905,-13.13413605647993,-5.332223871078244,3.205095339817617,-0.6127258422738138,0.0006226773967609759,-0.005372681864760552,-0.7902770329272419,-0.17643973084125,-0.0012056988434763474,0.06630258554628511,-0.00048213045147349476,-0.0008037238615088427,-0.005318557396094548,2400,574000000,6.05,0,2,2,-13.59856756588343,-3.187445391703629,2.9654705661490945,-13.59856756588343,-3.187445391703629,2.9654705661490945,273.1256899833679
-12.461897489637368,-7.99997308226976,3.9742014451881857,-13.126829875907823,-5.359434253159318,3.2162219537301198,-0.6130570692217269,0.0005939826909743271,-0.005296703225433109,-0.7900206465636016,-0.17669497037952558,-0.0015693963998961921,0.06985537187145943,-0.0005735485729019274,-0.0009271615738271066,-0.005277308036966133,2400,732000000,5.96,0,2,2,-13.593006010024023,-3.212891424140296,2.97828513084846,-13.593006010024023,-3.212891424140296,2.97828513084846,273.3139057159424
-12.461897489637368,-7.99997308226976,3.9742014451881857,-13.119483074454333,-5.386652415637256,3.227863940910633,-0.6133876776316014,0.0005473865794018763,-0.005221417623110259,-0.789764518129074,-0.17669170771452608,-0.0019456776126524854,0.07281542999945384,-0.0003041428982442085,-0.0010900516031142615,-0.005159842112334445,2400,888000000,5.88,0,2,2,-13.586884900284433,-3.240660712904868,2.9919607000041935,-13.586884900284433,-3.240660712904868,2.9919607000041935,273.5086991786957
-12.461897489637368,-7.99997308226976,3.9742014451881857,-13.112088603120217,-5.413865015066156,3.2400039914217054,-0.6137001405875254,0.0005050560877595599,-0.005138804290450622,-0.7895223081406021,-0.17688115049993175,-0.0024215392073486256,0.07637566856157421,-0.0005845428290740529,-0.0009528134455649706,-0.004724558993984829,2401,44000000,5.79,0,2,2,-13.580085094754937,-3.2712609972337843,3.0065376277907725,-13.580085094754937,-3.2712609972337843,3.0065376277907725,273.69831252098083
-12.416230973744334,-8.067703191672502,4.052262675053997,-13.104638269380384,-5.441087628118685,3.2527082001840832,-0.613983448222643,0.0004674713322694716,-0.0050575318501153,-0.7893025580541162,-0.1769209276524622,-0.002778281722843167,0.07969101594546402,-0.0004830784575915459,-0.001023973482006113,-0.004294351811040542,2401,207000000,5.71,0,2,2,-13.580085094754937,-3.2712609972337843,3.0065376277907725,-13.572573875436008,-3.304798027985498,3.022047295595354,273.8919711112976
-12.416230973744334,-8.067703191672502,4.052262675053997,-13.097155855328552,-5.468286501359156,3.265893260917892,-0.614251378107978,0.0004171463016463587,-0.0049755902272181265,-0.7890946166229392,-0.17672010688442624,-0.0031285017833310447,0.08249015250328005,-0.00039759425760621525,-0.001187518319056835,-0.004249582161719445,2401,368000000,5.62,0,2,2,-13.580085094754937,-3.2712609972337843,3.0065376277907725,-13.564528845767725,-3.3404664667357133,3.038387572182758,274.08686566352844
-12.3683557442016,-8.131930120548828,4.132232521764882,-13.08963851051564,-5.495450505336376,3.2795365116864263,-0.614504896059671,0.0003737801655515822,-0.004882821873817162,-0.7888978077404126,-0.1766825992700551,-0.003511016957791449,0.08565397410567328,-0.0006653946286405699,-0.001036850119362498,-0.0037432359022204764,2401,525000000,5.54,0,2,2,-13.580085094754937,-3.2712609972337843,3.0065376277907725,-13.556248862077002,-3.3769356634937626,3.0553608266630414,274.2783944606781
-12.3683557442016,-8.131930120548828,4.132232521764882,-13.082070916507279,-5.522594690994425,3.2936717362108863,-0.6147289967484709,0.00033613378956643195,-0.004793562349777574,-0.788723759836543,-0.17657439667534414,-0.003987903490620065,0.08853710768529234,-0.0005477945876464219,-0.001074245687959774,-0.0034242329547851114,2401,680000000,5.45,0,2,2,-13.547833261099317,-3.4138478296671764,3.072813088581397,-13.547833261099317,-3.4138478296671764,3.072813088581397,274.47354006767273
-12.3683557442016,-8.131930120548828,4.132232521764882,-13.075389958556592,-5.546323809938623,3.3064411621610774,-0.6149009999924602,0.0002870044677340685,-0.0047451293334972115,-0.7885899831879151,-0.17663620521670165,-0.00455187161367883,0.09160538941893928,7.494615772429825e-05,-0.0008543212175027293,-0.0028121363357058726,2401,843000000,5.37,0,2,2,-13.547833261099317,-3.4138478296671764,3.072813088581397,-13.539372100871633,-3.450772220650711,3.0906713611213705,274.66181445121765
-12.318319086556812,-8.192536931208004,4.213949936692147,-13.067672890066957,-5.573428314487472,3.3215487109411375,-0.6150666142922644,0.0002353986200053066,-0.004704406948896235,-0.7884610790177279,-0.17658029695608407,-0.005075973222116955,0.09479944243567998,-7.553632315193681e-05,-0.0008112000216442539,-0.002551162219788239,2401,991000000,5.3,0,2,2,-13.547833261099317,-3.4138478296671764,3.072813088581397,-13.532031901596202,-3.48254162623098,3.106604646977376,274.8459270000458
-12.318319086556812,-8.192536931208004,4.213949936692147,-13.059896630871174,-5.600485358256818,3.3371131120235633,-0.6152199685631627,0.00018210038746751265,-0.004657903247376569,-0.7883417159188824,-0.1762754049742261,-0.005558458660126776,0.097443580907627,-3.792656357859414e-05,-0.000943882031378962,-0.0023096371933206683,2402,148000000,5.22,0,2,2,-13.5239709823028,-3.517136478067897,3.1250181122583744,-13.5239709823028,-3.517136478067897,3.1250181122583744,275.03429985046387
-12.266173954716844,-8.249413737196672,4.297250351837313,-13.052055798830361,-5.62748795568358,3.3531219456374908,-0.6153501600420489,0.00013484928449976558,-0.00459557388253014,-0.7882404728587497,-0.17620238441709737,-0.006124605829181007,0.10060390815277949,-0.0003439308073893699,-0.0009142219482782821,-0.0018217259707853373,2402,302000000,5.14,0,2,2,-13.51638053439891,-3.5493100095006054,3.1436365744157126,-13.51638053439891,-3.5493100095006054,3.1436365744157126,275.2258744239807
-12.266173954716844,-8.249413737196672,4.297250351837313,-13.045130451163415,-5.651091719269383,3.367540642961998,-0.6154421522935334,9.453239179981875e-05,-0.004537428478330214,-0.7881689920231154,-0.17609562144353003,-0.006574729153168227,0.10317951239769116,-0.00027262289847840293,-0.0010136148716810567,-0.0015637280057489988,2402,463000000,5.07,0,2,2,-13.51638053439891,-3.5493100095006054,3.1436365744157126,-13.509296338470493,-3.5787917638026308,3.16253547883624,275.4125061035156
-12.266173954716844,-8.249413737196672,4.297250351837313,-13.037144507211197,-5.678030564152669,3.384475296384924,-0.6155232761185094,6.094801483229025e-05,-0.00445619768001137,-0.7881061065262174,-0.1760114100791564,-0.0072005966040306095,0.10660079606609892,-0.0007170825938374037,-0.0008367095972516836,-0.0009513336635791347,2402,616000000,5.0,0,2,2,-13.51638053439891,-3.5493100095006054,3.1436365744157126,-13.503457225679137,-3.602544498527213,3.1794186324033733,275.59560441970825
-12.211978760775317,-8.302458002624428,4.3819660112501,-13.02906320471497,-5.704936123892352,3.401960173446662,-0.615567661873061,4.423434750029697e-05,-0.004366731348626805,-0.7880719404704015,-0.17596446111871125,-0.007801244594275239,0.10981687162139162,-0.0007516608150126558,-0.0009132791717547661,-0.0005398983091708942,2402,768000000,4.92,0,2,2,-13.497127639580013,-3.6276890332269227,3.199121551211882,-13.497127639580013,-3.6276890332269227,3.199121551211882,275.7864558696747
-12.211978760775317,-8.302458002624428,4.3819660112501,-13.0209044165586,-5.731797479660917,3.419896652112659,-0.6155946589189386,1.5039023802871677e-06,-0.00428951865117411,-0.7880512774800602,-0.17566989327374288,-0.008296278591333214,0.11235194319548163,-0.0002651223809380099,-0.0010996087780767994,-0.00035437204815025325,2402,935000000,4.83,0,2,2,-13.491073030586328,-3.6509714430497904,3.2193605114924595,-13.491073030586328,-3.6509714430497904,3.2193605114924595,275.9730031490326
-12.211978760775317,-8.302458002624428,4.3819660112501,-13.012669718487047,-5.75859279722035,3.438250227630517,-0.6156044408050363,-6.181544141782612e-05,-0.004240675344538583,-0.7880438980872777,-0.17546648169738938,-0.008968762240808902,0.1153412659993532,0.00016652388978855015,-0.0008491585617775854,6.874519478117236e-05,2403,79000000,4.75,0,2,2,-13.485130944724334,-3.673068679133291,3.2401664630959437,-13.485130944724334,-3.673068679133291,3.2401664630959437,276.16642236709595
-12.155797149641744,-8.35157482376831,4.467926308866648,-13.00328602044456,-5.788652987422753,3.459463548675085,-0.615586890376256,-0.0001303009951785809,-0.004208014816034087,-0.7880577745507304,-0.17501558155288788,-0.009687824050994949,0.11846332582024122,0.00019398616899479748,-0.0008329244280957937,0.0003655610271380283,2403,247000000,4.66,0,2,2,-13.485130944724334,-3.673068679133291,3.2401664630959437,-13.479043011884023,-3.6953131980735328,3.2613966765696074,276.3969521522522
-12.155797149641744,-8.35157482376831,4.467926308866648,-12.99486390343671,-5.815268523098726,3.478728870683895,-0.6155722623497231,-0.00020140882254796868,-0.004172710238165782,-0.7880693736907927,-0.1744769529599851,-0.010225555072826405,0.1205844808307247,0.00020397567226382307,-0.0010766049513222242,0.00010919550490484653,2403,433000000,4.57,0,2,2,-13.485130944724334,-3.673068679133291,3.2401664630959437,-13.472144977556757,-3.719864071466241,3.285836282701108,276.5771462917328
-12.097697759196603,-8.396677192173357,4.554958132087373,-12.986369994455396,-5.841790638592262,3.498351800225028,-0.6155514224197846,-0.00024968872591339805,-0.0040982473262160795,-0.7880860285409029,-0.17411395072368263,-0.01083050783541491,0.12318859303778211,-0.0006480035381173366,-0.000987839041499683,0.0006520407282550877,2403,593000000,4.48,0,2,2,-13.485130944724334,-3.673068679133291,3.2401664630959437,-13.465758451767083,-3.742317285319032,3.308037750264332,276.76202917099
-12.097697759196603,-8.396677192173357,4.554958132087373,-12.978867837010295,-5.8649402159959685,3.515865148859956,-0.6155037250644659,-0.00027892474600502777,-0.004023193999330408,-0.7881236581544777,-0.17387159816292214,-0.011316232691048665,0.1253435433543958,-0.00053224396197038,-0.0010215905831501004,0.001007156856758229,2403,748000000,4.4,0,2,2,-13.485130944724334,-3.673068679133291,3.2401664630959437,-13.45892506526949,-3.766233380797978,3.3307224566053772,276.95011472702026
-12.097697759196603,-8.396677192173357,4.554958132087373,-12.970212720284016,-5.891331531085112,3.5362550887004023,-0.6154255484072038,-0.0003296190853131749,-0.003966006603302173,-0.7881849760751427,-0.17352548042485844,-0.012010778127861572,0.12815898938772802,0.00012145003367436402,-0.0008055168109422084,0.0015032890360089368,2403,893000000,4.33,0,2,2,-13.485130944724334,-3.673068679133291,3.2401664630959437,-13.452552900186895,-3.788371784909185,3.3510096254354225,277.1324133872986
-12.03775396673645,-8.437686238514564,4.642886210402724,-12.962544863501726,-5.914345135174659,3.5544719161479987,-0.6153325144599076,-0.00038116358919695003,-0.003947906701277637,-0.7882576770291829,-0.17311875525378045,-0.01273065317404028,0.13050474792219222,0.0003427386189969184,-0.000723658735068966,0.0018107176174453343,2404,38000000,4.25,0,2,2,-13.485130944724334,-3.673068679133291,3.2401664630959437,-13.445062591948071,-3.8140853738338527,3.3745697275305964,277.3167176246643
-12.03775396673645,-8.437686238514564,4.642886210402724,-12.954793664738967,-5.93727245446454,3.572977072163488,-0.6152272834339422,-0.00043715200361548606,-0.00393482094514817,-0.7883398479087221,-0.17262264358689658,-0.013283261076202282,0.1323518643646376,0.00034854599562095245,-0.0007990394067292073,0.0019716672113645473,2404,183000000,4.18,0,2,2,-13.485130944724334,-3.673068679133291,3.2401664630959437,-13.438479676469207,-3.836201325406256,3.3955301291399365,277.50252985954285
-11.976043622511344,-8.47453145653513,4.731533468364691,-12.94584630594732,-5.963364515709171,3.594449799228825,-0.61509129025742,-0.0005288304027381491,-0.003961605617266952,-0.788445769009385,-0.17207810186203337,-0.014121346978589785,0.13487962249244304,0.0014101105307418038,-0.0005459168562538252,0.0023827948552934686,2404,333000000,4.11,0,2,2,-13.485130944724334,-3.673068679133291,3.2401664630959437,-13.431917096503634,-3.8576998267802907,3.416833597594428,277.69323325157166
-11.976043622511344,-8.47453145653513,4.731533468364691,-12.93676483312081,-5.989323223781716,3.616334129179451,-0.6149298442498702,-0.0006300607888921404,-0.004030686157384241,-0.7885712670667967,-0.17137121607990397,-0.014972326570499277,0.13726848319787846,0.001462038187582948,-0.00045078628545525135,0.0026775992182592745,2404,487000000,4.03,0,2,2,-13.424089599254163,-3.88320578094244,3.441517648662947,-13.424089599254163,-3.88320578094244,3.441517648662947,277.87978076934814
-11.976043622511344,-8.47453145653513,4.731533468364691,-12.928711708498101,-6.011916670977373,3.6358098743520038,-0.6147701803813033,-0.0007165012207187543,-0.004107068277734553,-0.7886952795155442,-0.1708728626021901,-0.015841270945499294,0.13980314267590724,0.0017000987554638414,-0.0001581938832373453,0.0031155719625530764,2404,642000000,3.95,0,2,2,-13.424089599254163,-3.88320578094244,3.441517648662947,-13.416071247920685,-3.9089526820410563,3.466605551997254,278.0715334415436
-11.912648771192371,-8.50715090642781,4.820721382193131,-12.920537383973533,-6.034408173141912,3.655645155361104,-0.6145911920644415,-0.0007918247305317642,-0.0041922678518826525,-0.7888342440213044,-0.17033350264694208,-0.016715328761291042,0.1422281625552343,0.0015648886346752988,-0.0001276173918540735,0.003280571650066122,2404,784000000,3.88,0,2,2,-13.424089599254163,-3.88320578094244,3.441517648662947,-13.409035561002822,-3.931059623195174,3.488887961900765,278.2623357772827
-11.912648771192371,-8.50715090642781,4.820721382193131,-12.911066750142856,-6.0599675677203,3.6786782793672654,-0.6143859671262789,-0.0008831507621568527,-0.0042814691804347604,-0.7889935186455558,-0.169546565196795,-0.017543039018301204,0.1443659293357184,0.0015888947473285953,-0.00034850764905058895,0.00318196757689293,2404,934000000,3.81,0,2,2,-13.402118151746226,-3.952174742311731,3.5114227950020136,-13.402118151746226,-3.952174742311731,3.5114227950020136,278.4495108127594
-11.912648771192371,-8.50715090642781,4.820721382193131,-12.901482153604972,-6.085383895307028,3.7020662955141117,-0.614165413826429,-0.0009045377595416385,-0.004244267876260855,-0.7891653898018129,-0.16907841398761428,-0.018335491412019487,0.1470029459560555,-0.001169457129890361,-0.0006673487121133803,0.003922611404050258,2405,96000000,3.73,0,2,2,-13.402118151746226,-3.952174742311731,3.5114227950020136,-13.394401150111106,-3.9748139084448684,3.5375747222708265,278.629426240921
-11.847655362139955,-8.535491397079774,4.910270339298972,-12.89299950861628,-6.107548385356821,3.7228805516182244,-0.6139364860747967,-0.0008927371247629049,-0.004139491312269902,-0.7893440686406863,-0.1687531219267594,-0.01890979549939371,0.14912742587953273,-0.001331685507466318,-0.0009174592264571402,0.004249171161063714,2405,243000000,3.65,0,2,2,-13.402118151746226,-3.952174742311731,3.5114227950020136,-13.386695465453313,-3.996686825982503,3.564155146093393,278.8136463165283
-11.847655362139955,-8.535491397079774,4.910270339298972,-12.884449480881848,-6.129639314526583,3.7439523558549226,-0.6136977486482299,-0.0008973898858063401,-0.004027084552834821,-0.7895302721146867,-0.16825820171938125,-0.019378867595614267,0.15076592048918666,-0.0011239468790336105,-0.0011996633361377462,0.004367165274743456,2405,393000000,3.58,0,2,2,-13.402118151746226,-3.952174742311731,3.5114227950020136,-13.379563103706694,-4.017052478615294,3.5876311416696436,278.99883484840393
-11.847655362139955,-8.535491397079774,4.910270339298972,-12.874601283216228,-6.154775616852048,3.768315147006,-0.6134124840209746,-0.0009233325237490552,-0.0039040656766553194,-0.7897525119779362,-0.16774663678171817,-0.020056161091708165,0.15300178336129105,-0.0009030798366893578,-0.00113984041263393,0.004727359646494733,2405,537000000,3.45,0,2,2,-13.371094510759024,-4.041105796382471,3.614757549637525,-13.371094510759024,-4.041105796382471,3.614757549637525,279.1776578426361
-11.781152949374528,-8.559508646656381,4.999999999999998,-12.865891555153818,-6.176678676408189,3.7899394721350332,-0.613142471929226,-0.0009399867293515341,-0.003800786756542291,-0.7899626444088974,-0.16721532995482802,-0.020672695425015323,0.15489608541994282,-0.0010805478950715042,-0.0011137296610286285,0.004988874798073084,2405,677000000,3.46,0,2,2,-13.371094510759024,-4.041105796382471,3.614757549637525,-13.363539216587041,-4.062221440858852,3.6387825581752864,279.36481976509094
-11.781152949374528,-8.559508646656381,4.999999999999998,-12.855850334400142,-6.201587674343102,3.814923814717427,-0.6128214809029839,-0.0009739442082989742,-0.003697717450881193,-0.790212130293003,-0.16658670455059849,-0.02126454538224733,0.1564826101006605,-0.0005279800689095282,-0.001176986052087159,0.005137429207024979,2405,833000000,3.41,0,2,2,-13.371094510759024,-4.041105796382471,3.614757549637525,-13.355992580317109,-4.082809338668281,3.6630416889889896,279.5509743690491
-11.713234382178594,-8.57916742105615,5.089729660701032,-12.845716134560952,-6.226373218097654,3.8401756290438964,-0.6124799966214816,-0.000994666211662142,-0.003577152698709016,-0.790477367390267,-0.16598227015291947,-0.021972685096587643,0.15853969621157643,-0.001253074287888012,-0.0011029203847101599,0.005707270656785113,2405,990000000,3.35,0,2,2,-13.371094510759024,-4.041105796382471,3.614757549637525,-13.347477671452188,-4.105130307909151,3.6911404762280347,279.74020290374756
-11.713234382178594,-8.57916742105615,5.089729660701032,-12.83675698361725,-6.247955363128724,3.862542779019352,-0.6121565977253564,-0.0010020626527612296,-0.0034602908771258533,-0.7907283491305986,-0.16545244535468542,-0.022618419590458586,0.16020372558661944,-0.0012142129662606749,-0.0011710346825566376,0.005895640151720727,2406,144000000,3.28,0,2,2,-13.371094510759024,-4.041105796382471,3.614757549637525,-13.339115462823125,-4.12585262087769,3.7197416617866232,279.9299099445343
-11.713234382178594,-8.57916742105615,5.089729660701032,-12.826402963202435,-6.272490619379741,3.888403540356654,-0.6117690946778538,-0.0010446437884361515,-0.003379599937570936,-0.7910284835710131,-0.1647409148670707,-0.023552634048719052,0.16257768433180358,9.203425719306324e-05,-0.00087620894646534,0.006432751024476602,2406,288000000,3.21,0,2,2,-13.331874556645698,-4.1426725068186565,3.745300542118242,-13.331874556645698,-4.1426725068186565,3.745300542118242,280.1173560619354
-11.64399548728488,-8.594441649827006,5.179278617806865,-12.815897277072027,-6.296861369672954,3.914642132489262,-0.6113518207174775,-0.0011048027170605214,-0.003359269943543554,-0.7913510257918592,-0.16399723384713216,-0.02451988742547815,0.1646873747730854,0.00035498898114383337,-0.0007145211270653817,0.006661205452473951,2406,441000000,3.14,0,2,2,-13.331874556645698,-4.1426725068186565,3.745300542118242,-13.323651338318594,-4.160610784519155,3.7751080597740128,280.3081738948822
-11.64399548728488,-8.594441649827006,5.179278617806865,-12.806598036540654,-6.318052952732626,3.937832199913409,-0.6109801015945054,-0.0011591414753960286,-0.00334919401547495,-0.7916380200230749,-0.16330214968961093,-0.025129251691249195,0.16601673223957747,0.0003742028098940864,-0.0007458591824160976,0.006740056142007234,2406,601000000,3.05,0,2,2,-13.331874556645698,-4.1426725068186565,3.745300542118242,-13.315370410501798,-4.17742962975106,3.805680081757838,280.4970064163208
-11.64399548728488,-8.594441649827006,5.179278617806865,-12.79721996893366,-6.339121759615373,3.9612168516770025,-0.61059613244409,-0.001187156758504664,-0.0033004836513719897,-0.7919343789171026,-0.1626140435341379,-0.0258035594028721,0.1677335535076012,-0.000836457491004694,-0.0007899423735580058,0.00719461245353159,2406,743000000,2.97,0,2,2,-13.308052995769893,-4.191400391179229,3.833038605989097,-13.308052995769893,-4.191400391179229,3.833038605989097,280.68791604042053
-11.573534743627139,-8.605314519193234,5.268466531635313,-12.786386059190336,-6.363046960817711,3.9882465285680233,-0.6101287137979664,-0.001191949468011759,-0.0031996379722901633,-0.7922949540244156,-0.16184350095982508,-0.026630727617947415,0.16958565774220716,-0.0010063798868031881,-0.0008975122113952239,0.007447935922755278,2406,890000000,2.89,0,2,2,-13.308052995769893,-4.191400391179229,3.833038605989097,-13.300677719585993,-4.204809111556068,3.860918567895112,280.8852734565735
-11.573534743627139,-8.605314519193234,5.268466531635313,-12.775439994828282,-6.3868139824701515,4.015508186287649,-0.6096584846947752,-0.0012073368075559785,-0.0030968197305933053,-0.7926572298825387,-0.16108545192626716,-0.027288834290125224,0.17072378610047234,-0.0008021707060379413,-0.001008408901270741,0.007357725507972646,2407,54000000,2.8,0,2,2,-13.308052995769893,-4.191400391179229,3.833038605989097,-13.292126590172154,-4.21959671890853,3.8934575879485576,281.07039642333984
-11.501952950650319,-8.611778541902554,5.357113789597271,-12.765775834779166,-6.4074846477140435,4.039521326700861,-0.609242019050257,-0.0012200284606364617,-0.0030049648061553774,-0.7929777070893198,-0.1604399012263472,-0.028048535922050633,0.17217969709238584,-0.0009828264410316478,-0.0009022695053317875,0.0077350440733425785,2407,203000000,2.71,0,2,2,-13.308052995769893,-4.191400391179229,3.833038605989097,-13.283364860396235,-4.23396158771228,3.9267956924650047,281.2578594684601
-11.501952950650319,-8.611778541902554,5.357113789597271,-12.754601176769395,-6.4309549898043725,4.0672253828927385,-0.6087458617355022,-0.0012418923636550263,-0.002921635315512605,-0.7933589336298805,-0.15966464937303915,-0.028907072705484343,0.17374488424643825,-0.00041263851926487405,-0.0008787966464751662,0.007777504742989549,2407,354000000,2.63,0,2,2,-13.308052995769893,-4.191400391179229,3.833038605989097,-13.275516964321938,-4.2462639534482,3.9566182867974775,281.4448027610779
-11.501952950650319,-8.611778541902554,5.357113789597271,-12.744712768346979,-6.451347119333356,4.091680918292516,-0.6083055404901309,-0.0012939993474816922,-0.0029067916712955267,-0.7936965701934701,-0.15888436530898678,-0.029802775313107287,0.17554842014514427,0.0007836525981019804,-0.0005646601778153126,0.008159027584042633,2407,509000000,2.54,0,2,2,-13.308052995769893,-4.191400391179229,3.833038605989097,-13.266282001872998,-4.260102525972812,3.9915478220708844,281.63222193717957
-11.429352891192822,-8.613835603663967,5.4450418679126305,-12.731818474845658,-6.4773341083316565,4.123492192355682,-0.6077009133280605,-0.0013680481794630529,-0.002939677057727871,-0.7941593584937571,-0.1577638907910865,-0.03096147497857487,0.1775547483962168,0.0007928476861707168,-0.0004252076109878544,0.008713914394320454,2407,654000000,2.47,0,2,2,-13.308052995769893,-4.191400391179229,3.833038605989097,-13.257976172877392,-4.272064580649422,4.022800632184365,281.8349165916443
-11.429352891192822,-8.613835603663967,5.4450418679126305,-12.721664434078926,-6.4973559443981035,4.148421334985913,-0.6072175306452765,-0.0014249782431680885,-0.0029645204619849356,-0.7945288236008115,-0.15682849093040713,-0.03174715032629527,0.17841405909464597,0.0007699711773057061,-0.00048810283601596893,0.008625217924418394,2407,827000000,2.39,0,2,2,-13.308052995769893,-4.191400391179229,3.833038605989097,-13.246918000430323,-4.287328678827188,4.064006717884544,282.0264983177185
-11.355838989967928,-8.61149698600856,5.532073691133348,-12.709928867188966,-6.520025820361797,4.177076382673509,-0.6066642364914602,-0.0015194866892647417,-0.0030483557468670105,-0.7949508807779732,-0.15566069343663624,-0.03285365332190548,0.17992720503072143,0.002165674050047528,-8.492457084230409e-05,0.008860617526806891,2407,976000000,2.35,0,2,2,-13.308052995769893,-4.191400391179229,3.833038605989097,-13.238022609401657,-4.299146540402229,4.096836752027452,282.21722865104675
-11.355838989967928,-8.61149698600856,5.532073691133348,-12.698021815882559,-6.542446898775665,4.205986080951198,-0.6060916559369822,-0.0016227728284420732,-0.0031889518404697023,-0.7953867623980633,-0.1545562006833329,-0.03394123028915072,0.18130964344171688,0.0021581023020189605,1.7639766980437344e-05,0.009091192077903543,2408,135000000,2.32,0,2,2,-13.308052995769893,-4.191400391179229,3.833038605989097,-13.227573996505763,-4.3126189192498865,4.135129149848496,282.40649342536926
-11.355838989967928,-8.61149698600856,5.532073691133348,-12.685940066158429,-6.5646253984871805,4.235129604227388,-0.6054991672633886,-0.0017498122195063817,-0.0033775549288324923,-0.7958368480557066,-0.1533689538324705,-0.03523671792660708,0.18315137855594862,0.0031995930839912035,0.00027046928892104916,0.009540645987726748,2408,288000000,2.33,0,2,2,-13.308052995769893,-4.191400391179229,3.833038605989097,-13.216754385526022,-4.326112837999408,4.174332261699374,282.5946295261383
-11.28151696868165,-8.604783365467831,5.61803398874989,-12.675202371989727,-6.583806633715612,4.26086705370882,-0.6049620013253819,-0.0018605734418639657,-0.003561285804852439,-0.796244204036847,-0.15223716657812,-0.03637866276436767,0.18447640653270508,0.002924782279478677,0.00027431202624939033,0.009662095271778526,2408,444000000,2.37,0,2,2,-13.308052995769893,-4.191400391179229,3.833038605989097,-13.204961325259235,-4.342805114985386,4.213398404171308,282.78428387641907
-11.28151696868165,-8.604783365467831,5.61803398874989,-12.662770422581687,-6.605473041867852,4.290451681126998,-0.6043483070903851,-0.0019778266803380626,-0.00374872989942506,-0.7967089549783842,-0.15098825347029224,-0.03734874900133358,0.18534136721688016,0.002610329579511017,0.00013610224698368256,0.009554245571052888,2408,595000000,2.43,0,2,2,-13.308052995769893,-4.191400391179229,3.833038605989097,-13.19370138086369,-4.361163362725509,4.2470105987430244,282.9692049026489
-11.28151696868165,-8.604783365467831,5.61803398874989,-12.651773373464144,-6.624210138577267,4.316455741585132,-0.6038107448858938,-0.0021065338971512646,-0.003950271961306244,-0.7971151373714551,-0.14971637944745347,-0.03843362424308851,0.18648250146721482,0.0039662886592850555,0.0003970141250420056,0.009772444809641456,2408,741000000,2.52,0,2,2,-13.308052995769893,-4.191400391179229,3.833038605989097,-13.179906021808586,-4.3859770774346885,4.284758228370205,283.1633822917938
-11.206493498832378,-8.593724789026602,5.702749648162683,-12.640628924955747,-6.642707017313689,4.342630477606556,-0.6032579079860141,-0.0022372028123847313,-0.00418273086313321,-0.7975320658998235,-0.14847760510781188,-0.0395454046284477,0.1875696406665049,0.003609344184951624,0.0004795418362846249,0.009984111056837719,2408,889000000,2.61,0,2,2,-13.167113331374292,-4.410561271316873,4.317263526086606,-13.167113331374292,-4.410561271316873,4.317263526086606,283.35284638404846
-11.206493498832378,-8.593724789026602,5.702749648162683,-12.630969559076334,-6.658385464684686,4.365160324933822,-0.6027798944783311,-0.002338808436246203,-0.004364276890975537,-0.7978921492752069,-0.14746573112841274,-0.04039130139310251,0.18811038120443482,0.003303522748865362,0.0003262404817405695,0.009885441249934956,2409,29000000,2.71,0,2,2,-13.167113331374292,-4.410561271316873,4.317263526086606,-13.1537360780454,-4.437375141233324,4.3493441735241065,283.548570394516
-11.13087585324229,-8.578360625870383,5.786050063307842,-12.61630418674104,-6.681595383787043,4.39906242019695,-0.6020713247314099,-0.0025150070291083217,-0.004656311408320691,-0.7984247700565642,-0.14584336100682244,-0.04183063046183743,0.18915179697840362,0.004318016090110177,0.0005264560002160579,0.00997312354229507,2409,158000000,2.83,0,2,2,-13.167113331374292,-4.410561271316873,4.317263526086606,-13.13988632560156,-4.46601152392943,4.380981667625054,283.74932169914246
-11.13087585324229,-8.578360625870383,5.786050063307842,-12.604727646207058,-6.699368234632001,4.425574569902948,-0.601516453433764,-0.0026518937637301336,-0.004911978225166168,-0.7988409079271339,-0.144525978812399,-0.04296655440715238,0.18993991648827618,0.003908704456989653,0.0005959014856671274,0.00982271985776606,2409,318000000,2.92,0,2,2,-13.167113331374292,-4.410561271316873,4.317263526086606,-13.12357409768211,-4.500507350575482,4.416614245928145,283.9329357147217
-11.13087585324229,-8.578360625870383,5.786050063307842,-12.593026279296344,-6.716931379064915,4.452211596196472,-0.6009648912591868,-0.0025874591463910476,-0.004855417375482035,-0.7992564853982164,-0.1437089300758554,-0.043817184067518465,0.1911723922743372,-0.005091858702144236,-0.00039717074855616374,0.0099826753285015,2409,464000000,3.02,0,2,2,-13.167113331374292,-4.410561271316873,4.317263526086606,-13.1089092098378,-4.531898728963891,4.44743133949267,284.1195456981659
-11.054771557371982,-8.558739495509858,5.867767478235114,-12.579542468470173,-6.7368514132656605,4.48288307339734,-0.6003203196364835,-0.002394484837853657,-0.004479863278818582,-0.7997435283257468,-0.14305315584913594,-0.044649242141294024,0.1925124490671258,-0.005115528529131552,-0.0013358986848288623,0.010160324563912582,2409,615000000,3.12,0,2,2,-13.167113331374292,-4.410561271316873,4.317263526086606,-13.093950266075284,-4.564165748732867,4.477903294659717,284.3072772026062
-11.054771557371982,-8.558739495509858,5.867767478235114,-12.565966921929535,-6.756634862150485,4.513720600796066,-0.5996766046972294,-0.002262183670078662,-0.004098211644530378,-0.800228752898296,-0.14246041071747678,-0.04520603973793401,0.19328445497721036,-0.004506868071985082,-0.00175490331457695,0.009915162991092075,2409,764000000,3.23,0,2,2,-13.167113331374292,-4.410561271316873,4.317263526086606,-13.076481729072569,-4.6018643664934835,4.512442373572755,284.49584770202637
-11.054771557371982,-8.558739495509858,5.867767478235114,-12.554014755197805,-6.773820558492668,4.540813215759148,-0.5991144321181836,-0.002233262262300509,-0.0038785149379395025,-0.8006509020098898,-0.1416246263285697,-0.0460702433645368,0.19428813574797682,-0.0017617065623198869,-0.0013711130122828763,0.010227457278233487,2409,917000000,3.34,0,2,2,-13.167113331374292,-4.410561271316873,4.317263526086606,-13.05874988344344,-4.639894416495302,4.546688296640766,284.6859292984009
-10.978288041468776,-8.534919172427735,5.947737324945993,-12.541957756136075,-6.790839888056437,4.568040314067483,-0.5985292920211102,-0.002238032542794177,-0.0037460222786548604,-0.8010890369491607,-0.14074421991162925,-0.046865331207606394,0.19506856946372836,-0.0012582436966113164,-0.0011706682016665582,0.010623983871482778,2410,63000000,3.43,0,2,2,-13.167113331374292,-4.410561271316873,4.317263526086606,-13.043112457479324,-4.673164789973011,4.576385476525702,284.87565565109253
-10.978288041468776,-8.534919172427735,5.947737324945993,-12.528078638254273,-6.810097398381039,4.599238561500071,-0.5978461876274975,-0.002253550503374318,-0.0036224222036651986,-0.8015994857201282,-0.13973434878122237,-0.047599626799077005,0.19536534949726997,-0.0010066729828395182,-0.0010996697596965532,0.010576765089354012,2410,213000000,3.52,0,2,2,-13.167113331374292,-4.410561271316873,4.317263526086606,-13.027426478995986,-4.706252570560183,4.6058180662139305,285.0612823963165
-10.901532294594322,-8.506966467455548,6.025798554811811,-12.515843017288256,-6.826761560039934,4.626578946313947,-0.5972485346656963,-0.0023125474594713202,-0.0036015911855462263,-0.8020448045495078,-0.1386259256284308,-0.04855981969510774,0.19596186307467714,0.0011369115327397594,-0.0006497333231436642,0.01077928200174938,2410,360000000,3.63,0,2,2,-13.00971739773833,-4.742409714402933,4.639325575121338,-13.00971739773833,-4.742409714402933,4.639325575121338,285.25204062461853
-10.901532294594322,-8.506966467455548,6.025798554811811,-12.50171248928013,-6.84554187941512,4.657937108932021,-0.5965398017892369,-0.002397715142817476,-0.0036619462674994372,-0.8025715581758961,-0.13728939983880242,-0.049656232041755566,0.1966146097066463,0.0012882115584034182,-0.00032967294316677,0.011306978649372468,2410,514000000,3.73,0,2,2,-13.00971739773833,-4.742409714402933,4.639325575121338,-12.994518472547913,-4.772158427234152,4.668598765937579,285.4390218257904
-10.901532294594322,-8.506966467455548,6.025798554811811,-12.487419368531235,-6.8640217461441235,4.689407754786922,-0.5957913083402322,-0.0024999958736827486,-0.003791017111353164,-0.8031264502655402,-0.1357430950010109,-0.051088013371481375,0.19758726547606528,0.002462746329001675,9.832390404085345e-05,0.011964620625803946,2410,674000000,3.84,0,2,2,-13.00971739773833,-4.742409714402933,4.639325575121338,-12.977756545727177,-4.8029740576529,4.702097926784309,285.62819623947144
-10.824610521570174,-8.474957086149745,6.101793962904201,-12.472931004671214,-6.882164223879703,4.721026080855885,-0.595012209598058,-0.0025964319556899262,-0.0039540112727345835,-0.8037027402996652,-0.13424136119595548,-0.052393288122515556,0.19834550878672147,0.002257830783491954,0.0002187591903179964,0.012173437153251143,2410,830000000,3.96,0,2,2,-12.961648974133249,-4.830074673878892,4.735844002223272,-12.961648974133249,-4.830074673878892,4.735844002223272,285.8106093406677
-10.824610521570174,-8.474957086149745,6.101793962904201,-12.460124694274757,-6.897786294555666,4.7487518619892315,-0.5943357071767098,-0.002671725480342781,-0.004085725526369987,-0.8042022356998525,-0.1330221137149172,-0.05330739082504108,0.19851514088917527,0.0020651791601267178,0.00016213538884812806,0.011791173528763466,2410,978000000,4.08,0,2,2,-12.946148753099227,-4.853436236216221,4.769989398991954,-12.946148753099227,-4.853436236216221,4.769989398991954,286.0040211677551
-10.824610521570174,-8.474957086149745,6.101793962904201,-12.445365580763792,-6.915385567235978,4.780475703938428,-0.5935801902994412,-0.002630239052162825,-0.004025724461004616,-0.804760481801369,-0.13188555982211142,-0.05432147899482757,0.19905635911651398,-0.0026573845843813615,-0.0003910375312443648,0.011802212702605175,2411,134000000,4.2,0,2,2,-12.946148753099227,-4.853436236216221,4.769989398991954,-12.932957602450758,-4.871049539824058,4.800335755631703,286.19813084602356
-10.747627803869088,-8.438975464497581,6.175570504584945,-12.43048767419931,-6.932760539207424,4.812279970901807,-0.5928263331100692,-0.0025353251313010154,-0.0038196010991357623,-0.8053172800487962,-0.1309218715486246,-0.05513263634015432,0.19926877966647827,-0.0027522589334694203,-0.0007993793644800462,0.011565186832740437,2411,290000000,4.33,0,2,2,-12.946148753099227,-4.853436236216221,4.769989398991954,-12.918198459780813,-4.888455610078444,4.835582586473863,286.3857054710388
-10.747627803869088,-8.438975464497581,6.175570504584945,-12.417401420358104,-6.947800615781327,4.840103360939004,-0.5921867217543872,-0.002479794418571569,-0.0036395541583447177,-0.8057887383445874,-0.1300683234311826,-0.05570223104767706,0.19907313778139507,-0.0023648113028684747,-0.0010540770176703518,0.011119591090391623,2411,442000000,4.47,0,2,2,-12.946148753099227,-4.853436236216221,4.769989398991954,-12.903489187097504,-4.904307672762619,4.8710233232399895,286.5752429962158
-10.670687765466973,-8.399114582343575,6.246979603717463,-12.402370665519927,-6.964797822249523,4.871882675171602,-0.5914733924403295,-0.0024183407022663047,-0.0034185774412371518,-0.806313643064319,-0.12905392270743646,-0.056529264259933806,0.19921481500478025,-0.0028340394237602595,-0.0010222639389212418,0.011131692826893413,2411,593000000,4.59,0,2,2,-12.946148753099227,-4.853436236216221,4.769989398991954,-12.890546263939203,-4.917483708454884,4.901974589426646,286.7604868412018
-10.670687765466973,-8.399114582343575,6.246979603717463,-12.387239689218761,-6.9815785692607655,4.903688049250325,-0.5907606090104185,-0.002364122925968583,-0.0032136513894559446,-0.8068370258045781,-0.1280099929849383,-0.0573304271702866,0.19919344189466623,-0.0021946766082692193,-0.0010192721674684435,0.01091014082703623,2411,752000000,4.73,0,2,2,-12.946148753099227,-4.853436236216221,4.769989398991954,-12.875698137895608,-4.9317581305962115,4.93725556013358,286.9520843029022
-10.670687765466973,-8.399114582343575,6.246979603717463,-12.37391104893029,-6.996063742106636,4.931522467929086,-0.5901317854585002,-0.0023682147122489026,-0.0031208045514919003,-0.8072974222240465,-0.12682744581489763,-0.05839816367436127,0.19947914616768087,-0.0002486589949057816,-0.0006902418078880146,0.011491413988551358,2411,905000000,4.86,0,2,2,-12.946148753099227,-4.853436236216221,4.769989398991954,-12.860481500500695,-4.946577411635642,4.972343694553698,287.131596326828
-10.593892244653583,-8.355475754986642,6.315877451879423,-12.358532726607319,-7.012335444453115,4.963383286049039,-0.5893726859055033,-0.0023974897577123495,-0.0030951035565630978,-0.8078517868305848,-0.12545567784628786,-0.05955275926281852,0.19964719529667593,9.204354398661962e-05,-0.00042738676597764425,0.011867631747009,2412,57000000,5.07,0,2,2,-12.844958669677409,-4.961752887366195,5.007250305437912,-12.844958669677409,-4.961752887366195,5.007250305437912,287.3172814846039
-10.593892244653583,-8.355475754986642,6.315877451879423,-12.34303459480534,-7.02833078891904,4.995221157899301,-0.5886052082465149,-0.002425122496051941,-0.00308790877435887,-0.8084110912310377,-0.12418949198997717,-0.06043189434753338,0.1992629425541177,0.00015200906773316092,-0.00035778886058324133,0.011825878573290538,2412,210000000,5.13,0,2,2,-12.844958669677409,-4.961752887366195,5.007250305437912,-12.831238876302526,-4.974835490112267,5.037720386078851,287.5134084224701
-10.517340972781431,-8.308168403456124,6.38212529797373,-12.327419956862258,-7.044035521785267,5.027004282534429,-0.5878220954073473,-0.002507634651809116,-0.003186288592001628,-0.8089800637125596,-0.12259109072882664,-0.06164961143618393,0.19919218230320715,0.002308494185854215,6.429786623129985e-05,0.012447964854800375,2412,370000000,5.27,0,2,2,-12.844958669677409,-4.961752887366195,5.007250305437912,-12.815531230550254,-4.9888530632097545,5.072642595344771,287.7009346485138
-10.517340972781431,-8.308168403456124,6.38212529797373,-12.313630472240305,-7.0574918506594875,5.054800562296814,-0.5871076593563511,-0.00258979757343858,-0.0033278013405923504,-0.8094978783245035,-0.12120360238705688,-0.06273355461559632,0.19895447316566345,0.00229838949508121,0.0002582185601340825,0.012673404580709757,2412,525000000,5.43,0,2,2,-12.799964094352918,-5.001240865141307,5.10776436548359,-12.799964094352918,-5.001240865141307,5.10776436548359,287.89226937294006
-10.517340972781431,-8.308168403456124,6.38212529797373,-12.297731720964867,-7.072564217306475,5.086530539577018,-0.586295397291229,-0.002572574429309911,-0.0033327069618414805,-0.8100864040583768,-0.11974003248884697,-0.06398994973301624,0.19894416329718098,-0.0017649766391514277,-3.37715505338565e-05,0.012297959528950742,2412,670000000,5.57,0,2,2,-12.786224202246315,-5.011794800628893,5.138500795389437,-12.786224202246315,-5.011794800628893,5.138500795389437,288.08262968063354
-10.441131260909902,-8.257309804031784,6.445589727654782,-12.281698655462705,-7.08733660545261,5.1182602580420475,-0.5855197116846689,-0.002491426423970482,-0.003198003156527482,-0.8106480326250642,-0.11842712362271124,-0.06504401885788616,0.19875435138815573,-0.0019778880869125715,-0.00034903446817224903,0.011673014887492172,2412,825000000,5.72,0,2,2,-12.769830901350423,-5.025894783432842,5.173265493018492,-12.769830901350423,-5.025894783432842,5.173265493018492,288.2691206932068
-10.441131260909902,-8.257309804031784,6.445589727654782,-12.267588407358254,-7.100049282093807,5.145970491600607,-0.5848753521133131,-0.0024358692252362786,-0.003071612923580383,-0.8111137122657298,-0.11740910328483316,-0.06581124702586573,0.1982137933204143,-0.0018535753724790993,-0.0005451986282878352,0.011072549477830762,2412,978000000,5.87,0,2,2,-12.752892855812707,-5.041503017991125,5.207656051165848,-12.752892855812707,-5.041503017991125,5.207656051165848,288.45784401893616
-10.441131260909902,-8.257309804031784,6.445589727654782,-12.251368700551883,-7.114339481920647,5.177562124537084,-0.5841669027982938,-0.002374026427868584,-0.0029082601906436608,-0.8116248737540218,-0.11609442844826816,-0.06690923248232825,0.1979419348703061,-0.0022089724325269344,-0.0006538002139677701,0.010865589047170943,2413,130000000,5.99,0,2,2,-12.752892855812707,-5.041503017991125,5.207656051165848,-12.737731970689302,-5.0558857754632385,5.237508645074959,288.64527916908264
-10.365357695277192,-8.203024817628188,6.506142932007223,-12.235035668442858,-7.128347239103556,5.209112263999547,-0.5834678756993973,-0.0023154449906206192,-0.0027420934239253585,-0.8121282889205267,-0.11477994322915167,-0.06790121783177024,0.1975033724184937,-0.0019972441123172757,-0.0006449775298733584,0.010661470605555223,2413,288000000,6.13,0,2,2,-12.752892855812707,-5.041503017991125,5.207656051165848,-12.720130885793555,-5.072533621978142,5.271476575825508,288.831666469574
-10.365357695277192,-8.203024817628188,6.506142932007223,-12.22067987347117,-7.140396429162569,5.236631750060768,-0.5828728857134521,-0.0022746959228985204,-0.002613159881857521,-0.8125559649980812,-0.11375633290850021,-0.06850379661256632,0.19671619379691493,-0.0017145126548712142,-0.0006365911076500197,0.010259002010570839,2413,443000000,6.27,0,2,2,-12.752892855812707,-5.041503017991125,5.207656051165848,-12.702628278767696,-5.087808141050045,5.3055132995051535,289.0178461074829
-10.290111842505238,-8.145445599717654,6.563662964936058,-12.206275150748501,-7.15225816165066,5.264046887199732,-0.5822894260674321,-0.0022556563206868525,-0.0025233524930470346,-0.8129745192789373,-0.11253663308749866,-0.06933101031799861,0.19619135697348997,-0.000750117510506243,-0.00046004191744941636,0.010401436065876624,2413,589000000,6.39,0,2,2,-12.752892855812707,-5.041503017991125,5.207656051165848,-12.687470123858585,-5.099545096316431,5.335495790122882,289.19737577438354
-10.290111842505238,-8.145445599717654,6.563662964936058,-12.1897165287807,-7.165532544754552,5.295298512300097,-0.5816031188000422,-0.0022483973649329945,-0.0024661657848186963,-0.8134658412850996,-0.1111300999858484,-0.07033668295934613,0.1954938456857747,-0.0005609107972759375,-0.00033970670756389154,0.010647686394804623,2413,735000000,6.52,0,2,2,-12.672474046788999,-5.109448424170924,5.3658016277670235,-12.672474046788999,-5.109448424170924,5.3658016277670235,289.38894724845886
-10.290111842505238,-8.145445599717654,6.563662964936058,-12.173044420408907,-7.178496926830274,5.326442675619028,-0.5808873585776116,-0.002288717691358874,-0.0025016156383138493,-0.813976891769817,-0.1094509123642328,-0.07166863205439873,0.19508467711280905,0.0013517388310901879,-1.5990250767927705e-05,0.011402470954635646,2413,888000000,6.68,0,2,2,-12.672474046788999,-5.109448424170924,5.3658016277670235,-12.655472315539477,-5.118614850955811,5.400950299591098,289.58599305152893
-10.215481965412536,-8.08471129151785,6.618033988749896,-12.154109362689933,-7.19264491035659,5.361396126317404,-0.5800353709653217,-0.002353473725244546,-0.0026145610247802643,-0.8145836934662969,-0.10759141488348341,-0.07317133516521265,0.19443262446909124,0.0014302606473393098,0.00017912555279053777,0.01172591300928616,2414,56000000,6.85,0,2,2,-12.672474046788999,-5.109448424170924,5.3658016277670235,-12.638062897242904,-5.1284598587534544,5.435961179084364,289.77514910697937
-10.215481965412536,-8.08471129151785,6.618033988749896,-12.137141130928079,-7.2048649349633545,5.392321605087495,-0.5792731534761144,-0.002402225133637394,-0.0027136829372983134,-0.8151254375255141,-0.10609207998973931,-0.07424077304058953,0.1933750800724189,0.0012908442613479565,0.00017583373761453913,0.011636701219686074,2414,222000000,7.04,0,2,2,-12.672474046788999,-5.109448424170924,5.3658016277670235,-12.617467694578286,-5.1430468131709075,5.474527339626852,289.9617989063263
-10.215481965412536,-8.08471129151785,6.618033988749896,-12.122204853267206,-7.215291660699119,5.41925246622975,-0.5786150180088239,-0.0023955012644860008,-0.002720896662185599,-0.8155927410354349,-0.1046505873636597,-0.07527809323530885,0.19271362734292902,-0.0005534778949822794,1.3018837119460613e-05,0.01142699866250041,2414,378000000,7.2,0,2,2,-12.672474046788999,-5.109448424170924,5.3658016277670235,-12.598263724292462,-5.159215269555504,5.508041501555727,290.1476101875305
-10.141552750277675,-8.020967693220346,6.669146507442604,-12.105036797800569,-7.226890424995606,5.449908788137174,-0.5778880224978069,-0.0023745076000727056,-0.002688428061653445,-0.8161081837120545,-0.10306147440973135,-0.07631737420347531,0.1917143412894609,-0.00042905714110474946,-0.00011637830255040171,0.010810542698891368,2414,530000000,7.34,0,2,2,-12.672474046788999,-5.109448424170924,5.3658016277670235,-12.580849882805158,-5.175561620200103,5.536781822920508,290.3356921672821
-10.141552750277675,-8.020967693220346,6.669146507442604,-12.087799260542209,-7.238187830804012,5.480360668490765,-0.5772068545898582,-0.002357969403594118,-0.0026515345278711805,-0.8165902622242206,-0.10165133789013477,-0.07705283288065998,0.1901962919370211,-0.0005251590607713297,-0.0001362671582683106,0.010097904669237323,2414,682000000,7.49,0,2,2,-12.672474046788999,-5.109448424170924,5.3658016277670235,-12.560523949946793,-5.1951730357035935,5.569237409228121,290.53173303604126
-10.068405046361017,-7.954366920084192,6.716897587203733,-12.072655032780238,-7.247820737120296,5.5068181965676395,-0.5766152056043226,-0.002409809149905484,-0.0027319542238155403,-0.8170077318556199,-0.1001241270038099,-0.07815059040786955,0.18919776538744312,0.002204743395850528,0.00018910582042508395,0.01070365706254961,2414,839000000,7.63,0,2,2,-12.539789863458582,-5.215793115949526,5.601216085365775,-12.539789863458582,-5.215793115949526,5.601216085365775,290.71808791160583
-10.068405046361017,-7.954366920084192,6.716897587203733,-12.055232416523225,-7.2584860463495735,5.536882170962259,-0.5759003950285877,-0.0024882785833438216,-0.002892167999891899,-0.8175109655777519,-0.0984329330312178,-0.07929391972095293,0.1879391996427911,0.002143629149031767,0.0003848771370940085,0.01102718506444944,2414,996000000,7.76,0,2,2,-12.539789863458582,-5.215793115949526,5.601216085365775,-12.521325526102391,-5.234805555369284,5.6287293995824115,290.90663385391235
-10.068405046361017,-7.954366920084192,6.716897587203733,-12.037686881581141,-7.268783412875266,5.566745176560457,-0.5751519296835788,-0.002591372584398874,-0.0031161513451734867,-0.8180365714136368,-0.09654493759539666,-0.08080825097853896,0.1868893104314486,0.00348811486219347,0.0006442005599183176,0.011926783281523967,2415,151000000,7.91,0,2,2,-12.539789863458582,-5.215793115949526,5.601216085365775,-12.500278603410736,-5.2555898935830125,5.659941841699613,291.09479236602783
-9.996115618455198,-7.885067042264726,6.761191063713476,-12.019977460339806,-7.278664061014215,5.596430635696958,-0.5743580756926057,-0.002687132245449483,-0.0033582567925550854,-0.8185928794695796,-0.09465758459629273,-0.0822918515515998,0.18567907928892985,0.002914515471275081,0.0007414897083890537,0.012161207541794283,2415,306000000,8.06,0,2,2,-12.539789863458582,-5.215793115949526,5.601216085365775,-12.479500009375773,-5.274448714265309,5.691067470781112,291.2892141342163
-9.996115618455198,-7.885067042264726,6.761191063713476,-12.002138787491711,-7.2881625495069,5.625881855777861,-0.5735704655099845,-0.0027617571251902727,-0.003571659796683811,-0.8191437828846275,-0.09298253040816323,-0.0834351416554417,0.18406373032134962,0.0025428369099245174,0.0006779926877698017,0.011844904292956926,2415,470000000,8.21,0,2,2,-12.459241527885267,-5.290326349293433,5.72226892964844,-12.459241527885267,-5.290326349293433,5.72226892964844,291.4767928123474
-9.996115618455198,-7.885067042264726,6.761191063713476,-11.984197805510489,-7.297318922892551,5.655085142751755,-0.57282149837853,-0.0027293910535870908,-0.003597814142266683,-0.8196676992252714,-0.09139289161743357,-0.08462862487089451,0.18275809381265204,-0.0012421224369063566,0.0002330241599679539,0.010981958712363848,2415,621000000,8.37,0,2,2,-12.459241527885267,-5.290326349293433,5.72226892964844,-12.439496203265401,-5.303009283080052,5.753694235825651,291.6628932952881
-9.92475691319517,-7.813231709291097,6.801937735804839,-11.968418009289582,-7.305060779310387,5.680463237955791,-0.5722199709599528,-0.0026692902969471088,-0.0035207414556538722,-0.8200882782380833,-0.09006420370294603,-0.08556529720585491,0.18142069556674986,-0.0014241427493288938,-0.00013396018943012677,0.010052058405563002,2415,778000000,8.53,0,2,2,-12.420207616796368,-5.312455383991728,5.7854725818394686,-12.420207616796368,-5.312455383991728,5.7854725818394686,291.8532726764679
-9.92475691319517,-7.813231709291097,6.801937735804839,-11.952587176751129,-7.312576919691214,5.705638117970304,-0.5716671555678818,-0.002622633157543656,-0.003431840856771974,-0.8204742576757553,-0.08886032963725475,-0.08626728990482846,0.17984767327611634,-0.0014235815228857973,-0.00027357403382666234,0.009256413977709599,2415,933000000,8.67,0,2,2,-12.403615657514532,-5.318479821708595,5.813503728179874,-12.403615657514532,-5.318479821708595,5.813503728179874,292.03961062431335
-9.854396839817479,-7.739029760147331,6.839055545102901,-11.932174644268288,-7.321924642400294,5.737688166174817,-0.571008318144949,-0.0025545080911950125,-0.0032917525474727423,-0.8209336997972825,-0.08714570227805822,-0.08740591491175491,0.1780075402873543,-0.0018837617176359345,-0.00033246299153688597,0.008707688357389998,2416,76000000,8.8,0,2,2,-12.403615657514532,-5.318479821708595,5.813503728179874,-12.387181728768232,-5.323141221562237,5.841390000204358,292.2315013408661
-9.854396839817479,-7.739029760147331,6.839055545102901,-11.916236158244478,-7.328921956417242,5.76239178736035,-0.5705233329873269,-0.0025031542722837247,-0.003178330040427761,-0.8212714283072768,-0.08584677127220991,-0.08818788856360939,0.17651679751293572,-0.001644301516989799,-0.0003709670636453666,0.008204920504795155,2416,241000000,8.96,0,2,2,-12.403615657514532,-5.318479821708595,5.813503728179874,-12.366129863650364,-5.328034511741257,5.876812228589854,292.41863560676575
-9.854396839817479,-7.739029760147331,6.839055545102901,-11.897959930443323,-7.336638886960887,5.7903835390184675,-0.5700009577589487,-0.002428140214718755,-0.003021794062820908,-0.8216348830530631,-0.08426098253729543,-0.08939474060447174,0.17504154117688095,-0.0024305754550368874,-0.00038716932522220304,0.007738118256384041,2416,396000000,9.07,0,2,2,-12.403615657514532,-5.318479821708595,5.813503728179874,-12.349714554564853,-5.331416698273822,5.904005677069797,292.6098325252533
-9.785098566014495,-7.662634819950148,6.872469741279472,-11.879588275499783,-7.344032271045643,5.818142140945667,-0.5695114228398117,-0.002346941983925565,-0.0028500301676804025,-0.8219751264158426,-0.08276127130749891,-0.09048705317526703,0.17344303244880338,-0.002243096059828531,-0.0004541873607877278,0.007170305434556212,2416,548000000,9.2,0,2,2,-12.330814162347945,-5.335256517875629,5.934699248645707,-12.330814162347945,-5.335256517875629,5.934699248645707,292.79515743255615
-9.785098566014495,-7.662634819950148,6.872469741279472,-11.863465346826056,-7.350270268197438,5.842203921743974,-0.5691128444260487,-0.002292884862166084,-0.002719074713644348,-0.8222517373779166,-0.08155353025717943,-0.09120176460414588,0.17178988757187708,-0.0017966281234294001,-0.0004471931362104442,0.006728196194671909,2416,698000000,9.32,0,2,2,-12.330814162347945,-5.335256517875629,5.934699248645707,-12.31136876470242,-5.341034363138245,5.96468915882068,292.9818093776703
-9.785098566014495,-7.662634819950148,6.872469741279472,-11.844984534442371,-7.357120071741842,5.869421293099732,-0.5686493986280777,-0.002303126534418712,-0.0027011000598382794,-0.8225723439956868,-0.0798120597052224,-0.09240562921348519,0.16998933389909393,0.0009087270427698968,-2.2916774344849955e-05,0.007575702602480305,2416,852000000,9.42,0,2,2,-12.330814162347945,-5.335256517875629,5.934699248645707,-12.293815099862174,-5.347987318697221,5.990313711416191,293.1717526912689
-9.716920329484363,-7.584224884252885,6.902113032590306,-11.826413523824533,-7.363598702109709,5.896347193432555,-0.5681306252920455,-0.002333434566530163,-0.0027643867184188923,-0.822930438041068,-0.07794984693725687,-0.0935320547111266,0.16811362145924355,0.0008073855212842318,0.00018112676798409666,0.008033211270230822,2417,11000000,9.54,0,2,2,-12.330814162347945,-5.335256517875629,5.934699248645707,-12.273185404723584,-5.357929058096431,6.018899298639471,293.35957646369934
-9.716920329484363,-7.584224884252885,6.902113032590306,-11.807788484619357,-7.369726229300459,5.922951302964127,-0.5676009088052045,-0.0023557742933203174,-0.002832422128229797,-0.8232955945684832,-0.07622118139654291,-0.09440008317104198,0.16600456635374647,0.0008472162392081373,0.0002521225695772955,0.008004086248547537,2417,164000000,9.65,0,2,2,-12.252063454875465,-5.369581649654088,6.046788659294253,-12.252063454875465,-5.369581649654088,6.046788659294253,293.53978061676025
-9.649915265730048,-7.503981892038007,6.927925721391706,-11.791447722317107,-7.37480959968076,5.9459564884278455,-0.5671496432145537,-0.0023399064845054268,-0.002839805859073025,-0.8236065459562174,-0.07465880335891215,-0.09544290664654786,0.16430393605717558,-0.0004821873574201163,0.00017278411377219527,0.007640397689101519,2417,322000000,9.78,0,2,2,-12.252063454875465,-5.369581649654088,6.046788659294253,-12.230741233684192,-5.38112672067985,6.074364080259031,293.7265923023224
-9.649915265730048,-7.503981892038007,6.927925721391706,-11.772697460671408,-7.380292362377396,5.971955759110268,-0.5666650444623054,-0.0023031685140704966,-0.002810919921855671,-0.8239402414790298,-0.07301888350641397,-0.09648174103281612,0.16225355835341265,-0.0006058229530481185,0.00013114921983969907,0.007066454963933211,2417,470000000,9.89,0,2,2,-12.252063454875465,-5.369581649654088,6.046788659294253,-12.212125880573112,-5.390108666491566,6.098449175074535,293.91849422454834
-9.649915265730048,-7.503981892038007,6.927925721391706,-11.75388806679651,-7.385444808706052,5.997627032095823,-0.566222947168927,-0.00222995391692294,-0.0027149606302203037,-0.8242446423202513,-0.07121725924361136,-0.0976335032351333,0.16027620571034734,-0.0019142441033181967,-3.5161377098802404e-05,0.006389013651642017,2417,626000000,10.01,0,2,2,-12.252063454875465,-5.369581649654088,6.046788659294253,-12.19118978786442,-5.397683535215032,6.126208358777605,294.1065516471863
-9.58413125261237,-7.422091288490966,6.949855824363647,-11.737379656000222,-7.389664102707199,6.01983194418228,-0.5658777374562057,-0.0021541907033063344,-0.002595373095247565,-0.8244822677003768,-0.0696758580422656,-0.0985343875366724,0.1584735975421519,-0.002043092581516248,-0.00014111535620031646,0.005602702958640293,2417,780000000,10.15,0,2,2,-12.252063454875465,-5.369581649654088,6.046788659294253,-12.170551122301962,-5.4023292455816865,6.154327122626271,294.2949821949005
-9.58413125261237,-7.422091288490966,6.949855824363647,-11.718484773884176,-7.3941936630519765,6.04488487791043,-0.565537802407739,-0.0020785187979142487,-0.002462252038026951,-0.8247160790977298,-0.06810082797351157,-0.09927440091995651,0.1561518578942303,-0.0018022081690105551,-0.00021024582679274317,0.004764381947097718,2417,928000000,10.27,0,2,2,-12.152647527746593,-5.404130532540584,6.179290106588533,-12.152647527746593,-5.404130532540584,6.179290106588533,294.4831311702728
-9.58413125261237,-7.422091288490966,6.949855824363647,-11.699550497718747,-7.3984028031191365,6.069568089838865,-0.565205423443017,-0.0020723398032239586,-0.002443276092327909,-0.8249439769586031,-0.0661751097410868,-0.10057847908862474,0.15393606472800309,0.0005131761781740352,6.36828691114033e-05,0.005490912462846609,2418,82000000,10.41,0,2,2,-12.152647527746593,-5.404130532540584,6.179290106588533,-12.132257517240742,-5.404596526227267,6.2079009632814826,294.67842054367065
-9.51961077211188,-7.338741578675988,6.9678591771972584,-11.680532644315354,-7.402223223957925,6.0939002096114745,-0.564822795212745,-0.002088007326772824,-0.0024911620118665124,-0.8252058193840462,-0.06423602492049704,-0.1017147830464495,0.1517404936188808,0.0006048927446045127,0.00022049726027262295,0.005991410489514237,2418,243000000,10.54,0,2,2,-12.152647527746593,-5.404130532540584,6.179290106588533,-12.111714345229732,-5.405394368563527,6.2358883441378286,294.87063813209534
-9.51961077211188,-7.338741578675988,6.9678591771972584,-11.663859130491899,-7.4052804371985825,6.114894733083304,-0.5644789316905379,-0.002095419795060656,-0.002532449243345751,-0.8254409316203197,-0.062729752597403,-0.10241676507358859,0.1497170086494351,0.0004892441268111725,0.0002175933374815031,0.005852355070601334,2418,397000000,10.68,0,2,2,-12.152647527746593,-5.404130532540584,6.179290106588533,-12.090649479108333,-5.408299978332901,6.2629584462098675,295.0652778148651
-9.456390789702807,-7.2541238732583775,6.981899523535869,-11.642390767270484,-7.408849315065644,6.1414700283049335,-0.5640757262827771,-0.0020458090313131647,-0.0024835136832073307,-0.8257167927587217,-0.06076565158378534,-0.10350703185061542,0.1471366506323338,-0.0013506597042578505,3.7072748426680846e-05,0.00496435673085216,2418,557000000,10.9,0,2,2,-12.152647527746593,-5.404130532540584,6.179290106588533,-12.068879828492415,-5.414189644174117,6.288976719648016,295.26307439804077
-9.456390789702807,-7.2541238732583775,6.981899523535869,-11.6256591262374,-7.411338756216749,6.161811375105997,-0.5638171592628709,-0.0019894389045712435,-0.0024023294487603114,-0.8258937473227479,-0.05930195423246175,-0.10426257333453832,0.1449716799865859,-0.0014077247669774806,-2.3024640327662382e-05,0.004060383753312635,2418,721000000,10.94,0,2,2,-12.04640622218605,-5.422875473300713,6.3139662121791,-12.04640622218605,-5.422875473300713,6.3139662121791,295.45421862602234
-9.456390789702807,-7.2541238732583775,6.981899523535869,-11.606497714025394,-7.413869983118636,6.18469516993253,-0.5635496287368085,-0.0019707678396884347,-0.0023791445030462107,-0.8260764321151892,-0.0573144701651455,-0.1055363719664486,0.14261356467308733,0.0003274715965062569,7.557467327501399e-05,0.004283521957404446,2418,876000000,11.04,0,2,2,-12.026258825405678,-5.432440757899637,6.335022589644232,-12.026258825405678,-5.432440757899637,6.335022589644232,295.64157605171204
-9.394502651690065,-7.16843142743993,6.9919485879904775,-11.587258931385277,-7.416008222023878,6.207205958668997,-0.5632641121965665,-0.0019704457813014276,-0.002397603396521019,-0.8262710867220209,-0.05538569662873376,-0.10670321013888531,0.1402836006264534,8.704569154360797e-05,0.00014832382220220097,0.004247833885528962,2419,25000000,11.14,0,2,2,-12.00283137860828,-5.445012461492172,6.358272346262225,-12.00283137860828,-5.445012461492172,6.358272346262225,295.8264801502228
-9.394502651690065,-7.16843142743993,6.9919485879904775,-11.572803778857002,-7.417383914283288,6.22383662665573,-0.5630562276981823,-0.0019602617210325527,-0.0024011289965848925,-0.8264127760410165,-0.054018921320456825,-0.10733326114579211,0.1383958729986941,-0.0001460084476434531,0.00016423041273583294,0.004153115696681198,2419,177000000,11.24,0,2,2,-12.00283137860828,-5.445012461492172,6.358272346262225,-11.979306847497659,-5.457868731748695,6.380874307154344,296.01797246932983
-9.333972000806504,-7.081859174291824,6.997986133082629,-11.553517891815757,-7.41892831273777,6.2456522318925005,-0.5628113359960852,-0.0018921312815775011,-0.002317929941095698,-0.8265799701869766,-0.05216270565584067,-0.10827955978735124,0.13581296409785723,-0.0024798567892503343,-6.579839728626524e-06,0.002951417354779551,2419,315000000,11.32,0,2,2,-12.00283137860828,-5.445012461492172,6.358272346262225,-11.961800066033225,-5.46658685840289,6.397599104222899,296.20558190345764
-9.333972000806504,-7.081859174291824,6.997986133082629,-11.536619020238001,-7.420001326316325,6.264398971462252,-0.5626795722748221,-0.001795407420835155,-0.0021649444139684583,-0.8266703021595132,-0.050609844493868905,-0.10904318093182412,0.1334507022378009,-0.0026209706220470252,-0.0001633725730698643,0.001743469931625441,2419,468000000,11.42,0,2,2,-12.00283137860828,-5.445012461492172,6.358272346262225,-11.938953128926366,-5.475229720682727,6.41990908674969,296.39060974121094
-9.333972000806504,-7.081859174291824,6.997986133082629,-11.517290465296053,-7.420922227404283,6.285425386202654,-0.5625856734367354,-0.0017164483377046437,-0.0020186103118444315,-0.8267347452848752,-0.048615108299633246,-0.11009530415182392,0.13079917481818756,-0.0016245099004663643,-0.00026432827553435345,0.001311608343712578,2419,613000000,11.5,0,2,2,-12.00283137860828,-5.445012461492172,6.358272346262225,-11.919469707280934,-5.479864774190266,6.439502421559126,296.57859325408936
-9.274818710313482,-6.9946032536850655,7.0,-11.497925554418435,-7.421465197278367,6.306029789426642,-0.5625129969246647,-0.001664147803480242,-0.001906356024762293,-0.8267845697094418,-0.04654723766899218,-0.11115346001510554,0.1281018882827273,-0.0014563456147698162,-0.0002196952365807192,0.0008702977879693208,2419,762000000,11.59,0,2,2,-12.00283137860828,-5.445012461492172,6.358272346262225,-11.89768136275348,-5.481914417629349,6.4620406947960864,296.7740421295166
-9.274818710313482,-6.9946032536850655,7.0,-11.47854732724347,-7.421663739543647,6.32620174738264,-0.5624780359118178,-0.0016081538061115958,-0.0017975846967200769,-0.8268087092232264,-0.04470701645738798,-0.11190712497673994,0.12537968253629814,-0.0015115211681404617,-0.00015759387679281645,0.00023472472179264514,2419,921000000,11.68,0,2,2,-12.00283137860828,-5.445012461492172,6.358272346262225,-11.876238825820034,-5.480856400554037,6.48476402687633,296.9672887325287
-9.274818710313482,-6.9946032536850655,7.0,-11.461579193326662,-7.421559199124936,6.343498567418517,-0.562440842983432,-0.0015966030278306317,-0.0017760079882882147,-0.8268340793644655,-0.042849668285021916,-0.11293196516102255,0.12301231646858182,0.00018086794284499774,8.231741261965908e-05,0.001169616007246077,2420,77000000,11.78,0,2,2,-12.00283137860828,-5.445012461492172,6.358272346262225,-11.855167721252958,-5.477076373261406,6.507442176509977,297.15392446517944
-9.217056836792455,-6.9068605380300525,6.997986133082629,-11.437277532405544,-7.4209013806075514,6.367629723524118,-0.5623125875500489,-0.0015857626500983368,-0.0017985136413026857,-0.826921280768773,-0.04036071886263366,-0.1142230155216563,0.11959874373542008,5.3498128771423126e-05,0.00030455415469532454,0.0017303229128629027,2420,232000000,11.86,0,2,2,-11.837124754956049,-5.471780365666303,6.526994220300558,-11.837124754956049,-5.471780365666303,6.526994220300558,297.39120054244995
-9.217056836792455,-6.9068605380300525,6.997986133082629,-11.415388808440436,-7.419870920173392,6.38874818500143,-0.5621978666369163,-0.0015482953270081737,-0.0017891043578014134,-0.8269993716056121,-0.03844965699977359,-0.11497554457668142,0.11642045382963906,-0.00039470619981329946,0.0002768717905610174,0.0014084830695537676,2420,427000000,11.97,0,2,2,-11.837124754956049,-5.471780365666303,6.526994220300558,-11.811930854696003,-5.461373251560392,6.554390542211835,297.61601209640503
-9.16069459176005,-6.8188281560460045,6.991948587990478,-11.390882349184766,-7.4188441557938045,6.411504574208071,-0.5620560621076207,-0.0015606570288326273,-0.0019415143606960855,-0.8270953862280335,-0.04215949452941848,-0.11551580707394404,0.11251764041464504,0.0014351891309161147,0.0010473514407749462,0.0019844498183374526,2420,608000000,12.07,0,2,2,-11.837124754956049,-5.471780365666303,6.526994220300558,-11.78965102402594,-5.450248983867912,6.578401758032176,297.86330580711365
-9.16069459176005,-6.8188281560460045,6.991948587990478,-11.363614744125345,-7.418028891833984,6.435651335169715,-0.5618624747311595,-0.001523326107594585,-0.002068201006192948,-0.8272266687620419,-0.041955103236322414,-0.11650008593057821,0.10844371421329702,-0.0012747238542942796,0.0006697308720049477,0.001832163206927362,2420,811000000,12.17,0,2,2,-11.837124754956049,-5.471780365666303,6.526994220300558,-11.764461132648245,-5.440296380431898,6.603793909998137,298.1347806453705
-9.105734332182745,-6.73070301578608,6.98189952353587,-11.343730393775058,-7.417178914094875,6.452653164387677,-0.561825213220748,-0.0014047960242686269,-0.0019149391989827765,-0.8272525547530545,-0.03993472426301542,-0.11733781052540396,0.10549055492755385,-0.0024577755993959727,-0.00016204188426627297,-0.00027301746001739957,2421,32000000,12.28,0,2,2,-11.735415283494191,-5.435654157285247,6.629697931497129,-11.735415283494191,-5.435654157285247,6.629697931497129,298.3273124694824
-9.105734332182745,-6.73070301578608,6.98189952353587,-11.323870842754689,-7.415953707643423,6.469207257266212,-0.5618702501395259,-0.0013025082480775073,-0.0017143934413267306,-0.827222573637554,-0.037307251121960525,-0.11806522406615536,0.1027082212337751,-0.0029163963063183473,-0.00047010582306938886,-0.0008692977814916958,2421,188000000,12.34,0,2,2,-11.735415283494191,-5.435654157285247,6.629697931497129,-11.713417853059935,-5.436315230072976,6.64719608151052,298.5192639827728
-9.052172569911487,-6.642681328146602,6.967859177197259,-11.304067969323377,-7.414243995181359,6.485308702584464,-0.5618954092474271,-0.001244006640504417,-0.0015695043927243194,-0.8272058620259566,-0.03413611360757275,-0.11908844511904777,0.09969371480141535,-0.0014086449368733156,-0.0003110931231731229,0.000240948408247732,2421,353000000,12.39,0,2,2,-11.735415283494191,-5.435654157285247,6.629697931497129,-11.690781678717784,-5.439780997862444,6.663628902808809,298.71307730674744
-9.052172569911487,-6.642681328146602,6.967859177197259,-11.284301667546433,-7.412007597026674,6.500921566599563,-0.5618632906366277,-0.0011997129527133359,-0.001468158562858117,-0.8272279297958003,-0.031112339105559172,-0.12005191798187811,0.09659843782451617,-0.001324341019426356,-0.0002260122812458576,0.0005490604564784007,2421,513000000,12.43,0,2,2,-11.735415283494191,-5.435654157285247,6.629697931497129,-11.667627709026602,-5.445572835806412,6.6790544682839235,298.9129674434662
-9.052172569911487,-6.642681328146602,6.967859177197259,-11.264576424908345,-7.409271302754837,6.516035933196032,-0.561865727227201,-0.0011038984458793138,-0.0012853757256582154,-0.827226712446421,-0.028078809468077205,-0.12103384451579022,0.0933886211910665,-0.0031751221968079335,-0.00038135844135922525,-0.0007740535750144772,2421,668000000,12.49,0,2,2,-11.735415283494191,-5.435654157285247,6.629697931497129,-11.644062163816589,-5.45313440168326,6.693542500477263,299.10468435287476
-9.000000000000002,-6.554958132087373,6.949855824363648,-11.244898898282544,-7.4060512654061625,6.5306384523715515,-0.5619831961915089,-0.0009868520169044482,-0.0010500237072524998,-0.8271473936195934,-0.02530066348355367,-0.12178936598973907,0.09011921635758162,-0.0032240234077107743,-0.0004760144747706363,-0.0026777723633131245,2421,833000000,12.53,0,2,2,-11.735415283494191,-5.435654157285247,6.629697931497129,-11.620371646556892,-5.461040159867476,6.7073190710596275,299.30011892318726
-9.000000000000002,-6.554958132087373,6.949855824363648,-11.22529144532828,-7.40242219460883,6.544731911601396,-0.5622111238116336,-0.0008757115005739398,-0.0008184105111770286,-0.8269928751785367,-0.022861116686519734,-0.12225706436032543,0.0869120304969671,-0.0030955531883591902,-0.0004625012394399164,-0.004041017064082553,2421,992000000,12.57,0,2,2,-11.735415283494191,-5.435654157285247,6.629697931497129,-11.596850587753305,-5.46760350742689,6.720663566404845,299.5012845993042
-9.000000000000002,-6.554958132087373,6.949855824363648,-11.19843331042028,-7.39679300217268,6.563270494409353,-0.5625670235249326,-0.0007901648837662903,-0.0006285934719071891,-0.8267510656491476,-0.019297457131145314,-0.12328723679167035,0.08234920956398559,-0.0016846797734615393,-0.00019198153182742317,-0.0036301520140114008,2422,155000000,12.59,0,2,2,-11.5738387947846,-5.470793622784515,6.73390882087373,-11.5738387947846,-5.470793622784515,6.73390882087373,299.7490141391754
-8.949201547814672,-6.467726822785956,6.9279257213917065,-11.183816665758586,-7.39339701106546,6.5729617167301,-0.5627471090365861,-0.0007345923501196539,-0.0005300301374696238,-0.8266286171631714,-0.017495807732184114,-0.12376043127335509,0.07988150687963813,-0.0018782920506055234,-0.0001231921515909562,-0.0036349134916235926,2422,359000000,12.63,0,2,2,-11.543143840699651,-5.469143167967096,6.752160342833487,-11.543143840699651,-5.469143167967096,6.752160342833487,299.962774515152
-8.949201547814672,-6.467726822785956,6.9279257213917065,-11.164098608534676,-7.389611973105238,6.58536789866858,-0.5631536314557729,-0.0006538508070511966,-0.0004393069487744236,-0.8263518420544013,-0.0358843579136767,-0.1217580372102492,0.07530408626929878,-0.0011904808275176038,0.0007069165917528153,-0.010748442036856432,2422,490000000,12.65,0,2,2,-11.543143840699651,-5.469143167967096,6.752160342833487,-11.52679626443027,-5.46550401811865,6.76211158116324,300.1514256000519
-8.899756434788042,-6.381178683941173,6.902113032590307,-11.140441020572812,-7.390895928890526,6.598256437499591,-0.5643173858228048,-0.0004608743023754233,-0.00029040938893606797,-0.8255577455971084,-0.07070907612244852,-0.11798191830102744,0.06855761484678875,-0.0031714088891021674,0.0007901700087131758,-0.019198585687263403,2422,643000000,12.66,0,2,2,-11.543143840699651,-5.469143167967096,6.752160342833487,-11.505532356388528,-5.458057834404129,6.775158478946029,300.37544345855713
-8.899756434788042,-6.381178683941173,6.902113032590307,-11.103566370138617,-7.402684607436802,6.614833153307452,-0.5666345276186945,-0.00017682066179083698,1.151173892939565e-05,-0.8239692231584091,-0.11259755867848469,-0.1144827546381646,0.05961257194949644,-0.0031971575481293257,0.0002805961031526749,-0.02126341587427305,2422,817000000,12.57,0,2,2,-11.543143840699651,-5.469143167967096,6.752160342833487,-11.482251840991603,-5.446480437443297,6.789467308845018,300.69237327575684
-8.851638262612344,-6.295502425429958,6.872469741279474,-11.076405529603651,-7.41645135523505,6.62501081996968,-0.5681073660883158,-6.470437051196094e-06,0.0002341888420509913,-0.8229544128989867,-0.13588292025379684,-0.1131819407057034,0.053953037769701284,-0.0030199115144569078,3.8255069156889476e-05,-0.01886732570710592,2423,81000000,12.33,0,2,2,-11.449353821936311,-5.426046206234701,6.809272026552711,-11.449353821936311,-5.426046206234701,6.809272026552711,300.915500164032
-8.851638262612344,-6.295502425429958,6.872469741279474,-11.048731326037826,-7.431905445828927,6.634358295090727,-0.5688139662750772,0.00018520137451640708,0.0004988778845882339,-0.8224660409960537,-0.1325853129372652,-0.11379836101899865,0.050173614286836365,-0.0035687903391590226,0.00012106446689585937,-0.002827724915732688,2423,261000000,12.16,0,2,2,-11.449353821936311,-5.426046206234701,6.809272026552711,-11.426352867676838,-5.413362387332811,6.8218309451788635,301.1361825466156
-8.804815115615014,-6.210883727508031,6.839055545102902,-11.021628926511744,-7.445107733064545,6.643112065924947,-0.5681280508788686,0.00033789216667790695,0.0007908634137169899,-0.8229397172141601,-0.11185687653512152,-0.11604549824256605,0.047094297900889516,-0.003459761705926212,-0.0007927895012471708,0.017731676962284837,2423,445000000,12.07,0,2,2,-11.449353821936311,-5.426046206234701,6.809272026552711,-11.402878001999165,-5.40333519937795,6.833196542739482,301.34580850601196
-8.804815115615014,-6.210883727508031,6.839055545102902,-10.998355222447326,-7.453718403895501,6.650461672273958,-0.5664734376724295,0.00046270795833746855,0.0010910112693364989,-0.8240791466887968,-0.09375917713396632,-0.1174898555455612,0.04458588979060869,-0.003927463103536866,-0.0007776018946969998,0.030325969055411406,2423,618000000,12.16,0,2,2,-11.449353821936311,-5.426046206234701,6.809272026552711,-11.378763471453542,-5.396924419462686,6.843287629317373,301.5528140068054
-8.759249681003741,-6.127504792727141,6.801937735804838,-10.975826694446585,-7.459582527614085,6.657394236715833,-0.5643063074859049,0.0006030357267816202,0.0014155623250925431,-0.8255640640573203,-0.07743315259239485,-0.11889614846732358,0.041653015584467726,-0.004360811863080016,-0.0008134972517837014,0.03420285465836059,2423,787000000,12.37,0,2,2,-11.449353821936311,-5.426046206234701,6.809272026552711,-11.356792005728272,-5.3941797706803865,6.85114703279408,301.7593536376953
-8.759249681003741,-6.127504792727141,6.801937735804838,-10.953961517687903,-7.462981293571722,6.663867804273858,-0.5621194524501318,0.0007399720834425456,0.0017417459318852095,-0.8270538917988284,-0.06321849928179266,-0.1201369092823509,0.03875674446947705,-0.004225151769787772,-0.0008301682100864127,0.03140363078273367,2423,954000000,12.65,0,2,2,-11.334414093677657,-5.393866752442784,6.858005443622756,-11.334414093677657,-5.393866752442784,6.858005443622756,301.9660186767578
-8.759249681003741,-6.127504792727141,6.801937735804838,-10.930050113613238,-7.464224327973773,6.670599710067922,-0.5599617951432792,0.0008562298577935172,0.002051739895146376,-0.828515446575228,-0.04906005488139594,-0.12180331422496402,0.03528642058338235,-0.003201531444574357,-0.0007718881079199491,0.026734282982943114,2424,114000000,12.94,0,2,2,-11.334414093677657,-5.393866752442784,6.858005443622756,-11.31168554578088,-5.395529547999009,6.863879127974557,302.1737689971924
-8.71489938661576,-6.045543906721693,6.761191063713477,-10.909307847330258,-7.463289496858948,6.676068987289764,-0.5583955610596854,0.0009511389880258718,0.0023051487313234193,-0.8295710813503512,-0.03813266627282408,-0.12316491529082703,0.032250264234142074,-0.003230823472222255,-0.0006827589118074684,0.021008646763220895,2424,286000000,13.24,0,2,2,-11.334414093677657,-5.393866752442784,6.858005443622756,-11.285793062311164,-5.399312105299909,6.869372438652174,302.3795142173767
-8.71489938661576,-6.045543906721693,6.761191063713477,-10.88649537583289,-7.4602947151811305,6.681673429650715,-0.5570844067884991,0.001065519290476807,0.0025845013110906614,-0.8304511717944171,-0.027674453166644814,-0.12427555418888014,0.029020152642691626,-0.0032175019214264466,-0.0005805482999221567,0.014627286418544827,2424,451000000,13.46,0,2,2,-11.334414093677657,-5.393866752442784,6.858005443622756,-11.262551738544584,-5.404013218408942,6.873280359833791,302.58787727355957
-8.671716555753717,-5.965175008993652,6.716897587203731,-10.86662722551626,-7.456141494367551,6.686149436626127,-0.5563525961504603,0.0011736326405660494,0.002845414285534137,-0.8309406205984946,-0.019333644367425087,-0.12542877665574367,0.025724014471823393,-0.0034331377037233324,-0.0007175152063609858,0.008125642216327833,2424,617000000,13.66,0,2,2,-11.334414093677657,-5.393866752442784,6.858005443622756,-11.236212046908797,-5.4104848685001885,6.876662549557672,302.7923367023468
-8.671716555753717,-5.965175008993652,6.716897587203731,-10.847086731741177,-7.450739752517339,6.6901149006519525,-0.5560224572001935,0.001283049132252633,0.0031108816113422384,-0.8311604558023578,-0.011957124165945233,-0.12632435944785692,0.022526279665125985,-0.0034538404861450545,-0.0006489641634743748,0.0024350796820726828,2424,789000000,13.78,0,2,2,-11.212639568659172,-5.417027899624208,6.878764884309498,-11.212639568659172,-5.417027899624208,6.878764884309498,302.9961681365967
-8.671716555753717,-5.965175008993652,6.716897587203731,-10.827832510643564,-7.444226644197999,6.693559778617512,-0.5559928379712917,0.0013873307926659463,0.0033571481118493565,-0.8311791437436671,-0.005104999273294901,-0.12749187061082343,0.0189428742759303,-0.0031477002494284534,-0.0006160991688375361,-0.0010603213809190493,2424,945000000,13.86,0,2,2,-11.188971447536566,-5.424159754727966,6.880064536421913,-11.188971447536566,-5.424159754727966,6.880064536421913,303.199978351593
-8.629648578639825,-5.886567274798598,6.669146507442607,-10.808814586090145,-7.436691111000773,6.696437181945751,-0.5561743063575719,0.0014946892802921539,0.003598841407786697,-0.8310565294804864,0.0010000938688359369,-0.12830844616209816,0.015396461895313632,-0.0032378815831179963,-0.0005308389006586367,-0.004159307536610868,2425,108000000,13.9,0,2,2,-11.165263909928974,-5.431767773414899,6.880620894212546,-11.165263909928974,-5.431767773414899,6.880620894212546,303.3974688053131
-8.629648578639825,-5.886567274798598,6.669146507442607,-10.787712405500018,-7.427174118542674,6.699045836674472,-0.5566247331889794,0.001623295565331859,0.0038729899409336924,-0.8307534359018459,0.007046125884239545,-0.128911925889629,0.01180516252499682,-0.0032646133831804036,-0.0005405052434070967,-0.007619961752425297,2425,277000000,13.98,0,2,2,-11.165263909928974,-5.431767773414899,6.880620894212546,-11.138542271652552,-5.440690801115116,6.880347967121771,303.5889096260071
-8.588638099970249,-5.809884709205925,6.6180339887498985,-10.769192304424722,-7.417885641829767,6.700812362470903,-0.5572758797657773,0.0017420656366392174,0.004119478775841542,-0.8303153551110636,0.012153352970020476,-0.1294841834519705,0.008211467848509603,-0.0033376856890754425,-0.0005025540644965076,-0.011680121588142356,2425,441000000,13.9,0,2,2,-11.165263909928974,-5.431767773414899,6.880620894212546,-11.114775563286353,-5.448855668692984,6.879365489279559,303.7862412929535
-8.588638099970249,-5.809884709205925,6.6180339887498985,-10.750867367708565,-7.407884879306581,6.702017555959467,-0.5581743738629446,0.0018691566547444304,0.004367248592608633,-0.829710070901782,0.016657095908537478,-0.12990154454026967,0.004708678585556907,-0.0034048680845444323,-0.0004403504419769888,-0.015007036290626274,2425,602000000,13.86,0,2,2,-11.165263909928974,-5.431767773414899,6.880620894212546,-11.091134064447042,-5.456463791221654,6.877735867775722,304.00575494766235
-8.588638099970249,-5.809884709205925,6.6180339887498985,-10.730460482964938,-7.395868406734226,6.702686898220587,-0.5593882895063857,0.002003737626947739,0.004629897030283641,-0.8288903972493173,0.021652182721170164,-0.13042247716840336,0.00033874209615591364,-0.0031086423859960632,-0.0005003682360893436,-0.017179528185806703,2425,770000000,13.78,0,2,2,-11.067712197577892,-5.4629947651368305,6.8755324917982295,-11.067712197577892,-5.4629947651368305,6.8755324917982295,304.2262718677521
-8.548623222003823,-5.735285754374288,6.563662964936061,-10.710255383791043,-7.3830844052615605,6.702591150912179,-0.5607527818810435,0.0021380411473036287,0.0048948934358474215,-0.8279660539001433,0.026145372380406935,-0.1307682412017343,-0.003861594433671041,-0.003190761367477535,-0.0005026102996907866,-0.01916705550684128,2425,953000000,13.68,0,2,2,-11.041856241224139,-5.467840360372835,6.872589509578849,-11.041856241224139,-5.467840360372835,6.872589509578849,304.4340147972107
-8.548623222003823,-5.735285754374288,6.563662964936061,-10.691910296247936,-7.373335632912176,6.701711538566133,-0.5623139766084627,0.0022192851001769836,0.004852113350041719,-0.8269065990064776,0.0005205505463858925,-0.1270199010437404,-0.009788961765529878,0.0007194021293344122,0.0023645492547075264,-0.027424356994742993,2426,123000000,13.55,0,2,2,-11.041856241224139,-5.467840360372835,6.872589509578849,-11.01675158732464,-5.468422698997718,6.869300793731983,304.6421332359314
-8.509537722572645,-5.662922911048106,6.506142932007226,-10.672428930980386,-7.368164916128349,6.6997935850935,-0.5643226078155105,0.0024167565443565207,0.004660945348864856,-0.8255376606700396,-0.027260579802808705,-0.1233872307936317,-0.016419288865883758,0.00044203238189766125,0.003781706641348137,-0.03256308373238426,2426,290000000,13.4,0,2,2,-11.041856241224139,-5.467840360372835,6.872589509578849,-10.995182274025673,-5.464683576783707,6.8661925480421075,304.8405330181122
-8.509537722572645,-5.662922911048106,6.506142932007226,-10.64924558850893,-7.367309841110329,6.696379285351369,-0.5668401851127478,0.002736178467950024,0.004449155261968207,-0.823811217990015,-0.05447179438885556,-0.12028980914531542,-0.02348357097228858,-0.00034714248329237307,0.004229018986734445,-0.0347594828781439,2426,456000000,13.25,0,2,2,-11.041856241224139,-5.467840360372835,6.872589509578849,-10.971764178593144,-5.455625711425567,6.862521900938285,305.04400634765625
-8.471311287357555,-5.592942375243218,6.445589727654784,-10.627622377156833,-7.370326651884928,6.692265756131288,-0.5689865878174736,0.0030647799071284784,0.004323542771422638,-0.822329725223315,-0.07490248071262504,-0.11873976397598829,-0.03003917735619106,-0.0013283897601468198,0.003942163948522648,-0.030382373188331258,2426,625000000,12.89,0,2,2,-11.041856241224139,-5.467840360372835,6.872589509578849,-10.951657125492284,-5.443643670198769,6.859000533795044,305.26028966903687
-8.471311287357555,-5.592942375243218,6.445589727654784,-10.5993815485202,-7.378269884167242,6.685713910411022,-0.5710837525315007,0.0035102918479540256,0.0043001968190499885,-0.8208730314445707,-0.09655481422133884,-0.11744825026926262,-0.03760595509160699,-0.0027284523866910604,0.003398286503397685,-0.021275597100611776,2426,790000000,12.63,0,2,2,-10.932317989707615,-5.428522910859055,6.855168216422007,-10.932317989707615,-5.428522910859055,6.855168216422007,305.50826692581177
-8.471311287357555,-5.592942375243218,6.445589727654784,-10.564093059936223,-7.3922729673485925,6.675878356505509,-0.5722727457591641,0.00405000847849399,0.004478229911534732,-0.8200411254013122,-0.10803662978693904,-0.11731357850295765,-0.04609826744607206,-0.006022461002430646,0.0017134904169324727,-0.0028431437613107846,2426,987000000,12.36,0,2,2,-10.932317989707615,-5.428522910859055,6.855168216422007,-10.9091153088824,-5.405737910078981,6.849780833047044,305.81280612945557
-8.433869755728779,-5.5254836910496365,6.382125297973733,-10.53210352386138,-7.40389593313155,6.665645318399026,-0.5716938438323654,0.004448489623021425,0.005003908341151396,-0.8204397118408896,-0.09162647663014924,-0.11790047623491176,-0.04980776692121161,-0.006796820571253193,-0.0008078407915945718,0.012986082583665848,2427,233000000,12.17,0,2,2,-10.932317989707615,-5.428522910859055,6.855168216422007,-10.882358419231796,-5.374340063287723,6.842410067116487,306.08116483688354
-8.433869755728779,-5.5254836910496365,6.382125297973733,-10.509703934863696,-7.40950153679757,6.65785946482476,-0.5704454447770351,0.0046448261609487295,0.005574764843482958,-0.8213034409522493,-0.07290138853296026,-0.11881316326583954,-0.050954631062952636,-0.0068999022914795205,-0.0026311185592930997,0.02282855930388905,2427,448000000,12.2,0,2,2,-10.932317989707615,-5.428522910859055,6.855168216422007,-10.857719835091501,-5.347339174339023,6.834329297041594,306.2766942977905
-8.397135379411143,-5.460679420436296,6.315877451879427,-10.488150218068169,-7.412226077765311,6.649888772950255,-0.5687449454748466,0.004729801062883797,0.006189082497079639,-0.8224770581825145,-0.05452903498061325,-0.11999584111557311,-0.05238810161582177,-0.006726076480845222,-0.0038572290122829145,0.02813756491377717,2427,608000000,12.33,0,2,2,-10.839389576869781,-5.330725148365469,6.8275604214911745,-10.839389576869781,-5.330725148365469,6.8275604214911745,306.47752046585083
-8.397135379411143,-5.460679420436296,6.315877451879427,-10.467417169334984,-7.412132244171687,6.641705015924768,-0.566908839881253,0.0047468223476175185,0.006822729558675986,-0.823738602533268,-0.037753093746500335,-0.12089230878381266,-0.053719276442839844,-0.00640970661152096,-0.004194203802398988,0.02684686187421903,2427,769000000,12.53,0,2,2,-10.839389576869781,-5.330725148365469,6.8275604214911745,-10.820656853962145,-5.316945115559549,6.820000727721178,306.6815462112427
-8.361027093194929,-5.39865483089787,6.246979603717472,-10.447446532506236,-7.4095263716734046,6.633285746427844,-0.5652666527151476,0.004736974912980399,0.007433341970019762,-0.8248611506332705,-0.022711153369775083,-0.1219475081962,-0.055721893879110626,-0.005990753788864822,-0.00419636448896199,0.022986194562690798,2427,932000000,12.74,0,2,2,-10.839389576869781,-5.330725148365469,6.8275604214911745,-10.801563937464824,-5.30578477521811,6.811668919741253,306.887672662735
-8.361027093194929,-5.39865483089787,6.246979603717472,-10.428138355261497,-7.404674285316404,6.624547922946562,-0.5639480110133841,0.004713535086032541,0.007992253247044803,-0.8257581651725132,-0.009468893944745437,-0.12286179391146865,-0.057756030487930585,-0.00528473478880187,-0.003787355490203481,0.016989435243885964,2428,93000000,12.94,0,2,2,-10.78216748084156,-5.296891358138938,6.802598068718428,-10.78216748084156,-5.296891358138938,6.802598068718428,307.0857427120209
-8.325460796876843,-5.339527601736071,6.1755705045849485,-10.407108535265888,-7.3968563087503725,6.6143105318611255,-0.5630238688574383,0.0046726636355948524,0.008503935113607123,-0.8263836714256485,0.003901123403821745,-0.12420752979098153,-0.060694037920323796,-0.003943692126995302,-0.003164067015859473,0.008139712736010551,2428,252000000,13.11,0,2,2,-10.762507029729772,-5.2899218762438815,6.792789656352403,-10.762507029729772,-5.2899218762438815,6.792789656352403,307.2881908416748
-8.325460796876843,-5.339527601736071,6.1755705045849485,-10.388926425011709,-7.388028827636008,6.604774263418468,-0.5627682930820781,0.004658349420689793,0.008900667312688989,-0.8265536438753069,0.014381093350092545,-0.1251927508092299,-0.06326753913097556,-0.0038828402011859,-0.002693629221539595,0.0005937808509770548,2428,422000000,13.23,0,2,2,-10.762507029729772,-5.2899218762438815,6.792789656352403,-10.740127141785642,-5.284035016399569,6.780921262072155,307.49851655960083
-8.325460796876843,-5.339527601736071,6.1755705045849485,-10.371166505052877,-7.377646200293099,6.594801995974171,-0.5629744978706339,0.004646514925384965,0.009228271722259904,-0.8264096826921716,0.02399328282531956,-0.1262978632521562,-0.0665175535876548,-0.003004381733262562,-0.0022645574745183694,-0.006199801373441005,2428,587000000,13.27,0,2,2,-10.762507029729772,-5.2899218762438815,6.792789656352403,-10.720013381447139,-5.280235220327541,6.769601586333581,307.7050733566284
-8.290349647581815,-5.283407549718662,6.1017939629042095,-10.353773634325249,-7.365865788992842,6.584330703825201,-0.5636047123190684,0.004652487478119267,0.009515214992930864,-0.8259767207952318,0.032534104950688265,-0.12697970435005793,-0.0695594876291586,-0.0029263527494549635,-0.001883922016077122,-0.012384981073410017,2428,755000000,13.26,0,2,2,-10.762507029729772,-5.2899218762438815,6.792789656352403,-10.699741313691746,-5.27756497383067,6.757609689506028,307.91981744766235
-8.290349647581815,-5.283407549718662,6.1017939629042095,-10.334634541230393,-7.351196347907592,6.572039109826142,-0.564742575347269,0.004695758505059563,0.009815863180982733,-0.8251953843013231,0.040920726716348825,-0.12732570616085678,-0.07242956363760267,-0.0029637447141794837,-0.0014459430985880317,-0.01769248083292041,2428,915000000,13.2,0,2,2,-10.679332456481244,-5.275798657087935,6.744907411496249,-10.679332456481244,-5.275798657087935,6.744907411496249,308.12714171409607
-8.255604361584592,-5.230396374807732,6.025798554811814,-10.31796205741403,-7.337067151453482,6.560660578684725,-0.5660190039964228,0.00477444697173822,0.01009076743073099,-0.8243166067620318,0.047614060138138285,-0.12756519176014322,-0.07557906224443132,-0.003397119235160062,-0.0012800314266314672,-0.020556395611492917,2429,82000000,13.07,0,2,2,-10.656253735053957,-5.274720834713271,6.729837406799966,-10.656253735053957,-5.274720834713271,6.729837406799966,308.3229715824127
-8.255604361584592,-5.230396374807732,6.025798554811814,-10.303601405046148,-7.32396105621926,6.55031420088922,-0.5672805023653225,0.004848824556175606,0.010318561850451689,-0.8234457163759545,0.052811190047706305,-0.12759098978239175,-0.07807076599546012,-0.003109796693934186,-0.0011521841315698111,-0.023063170556270052,2429,240000000,12.93,0,2,2,-10.635663893884315,-5.274389243859446,6.715711518801226,-10.635663893884315,-5.274389243859446,6.715711518801226,308.51668787002563
-8.221133524721331,-5.180587426595802,5.947737324945996,-10.287418745152609,-7.30823242633472,6.538058650281162,-0.5689106286309407,0.004915780983098259,0.010522185442136917,-0.8223173446678571,0.05835132641348846,-0.12773564128475956,-0.08135323632556249,-0.0021403364598882035,-0.0009181246184652991,-0.02644242467795266,2429,394000000,12.79,0,2,2,-10.635663893884315,-5.274389243859446,6.715711518801226,-10.617625562556384,-5.2745167061088996,6.702866669770369,308.7160019874573
-8.221133524721331,-5.180587426595802,5.947737324945996,-10.269455469382144,-7.289657118952195,6.5236435718302435,-0.5709914989400475,0.005000909176685137,0.010721002528837995,-0.8208707323022186,0.06397913688903109,-0.127657523419084,-0.08497329322584106,-0.0023298277028516168,-0.000727167764580372,-0.029497058494598605,2429,553000000,12.61,0,2,2,-10.635663893884315,-5.274389243859446,6.715711518801226,-10.59699873229326,-5.275052788453376,6.6876787974906,308.9299216270447
-8.221133524721331,-5.180587426595802,5.947737324945996,-10.249758141740973,-7.268047816808786,6.506816595211726,-0.5735343360289406,0.0050837082005845205,0.010875784178836157,-0.8190935469317707,0.06979593170311618,-0.12771484696196883,-0.0896612176017075,-0.0016876535710252938,-0.00047858956975233014,-0.032213541635428555,2429,717000000,12.38,0,2,2,-10.635663893884315,-5.274389243859446,6.715711518801226,-10.573801284014237,-5.276000097610267,6.6698866098632275,309.1912627220154
-8.186843910454819,-5.134065492033124,5.867767478235118,-10.222521626455023,-7.236559221168934,6.481816794164499,-0.5774276757547675,0.005206796274456936,0.011043683923495008,-0.8163505408771413,0.07177033131035192,-0.12674367592725524,-0.09562144739408471,-0.00013938128944346317,0.00020563973350817832,-0.036563138564815745,2429,931000000,12.09,0,2,2,-10.635663893884315,-5.274389243859446,6.715711518801226,-10.548060722804228,-5.2773797574876395,6.6492847059153775,309.5157325267792
-8.186843910454819,-5.134065492033124,5.867767478235118,-10.19878114096588,-7.211126409283876,6.458969756075253,-0.5812011031424814,0.005348324237995277,0.010963037470582186,-0.8136685350578737,0.0603301964254077,-0.12508705358003167,-0.10174765187613928,0.0005215827741267276,0.0018940245581688941,-0.040474441630067304,2430,197000000,11.64,0,2,2,-10.635663893884315,-5.274389243859446,6.715711518801226,-10.512086135817311,-5.279665591650973,6.6190434495829935,309.83068799972534
-8.152640804633386,-5.090906604973298,5.7860500633078455,-10.173771687784877,-7.190243948010859,6.434278449353121,-0.5852914720316189,0.005670393183954222,0.010673673811683979,-0.8107328857864109,0.036649138104182,-0.12306420666417688,-0.1101395409163864,0.001287137308736419,0.004326262933318503,-0.04319605795899406,2430,456000000,11.2,0,2,2,-10.635663893884315,-5.274389243859446,6.715711518801226,-10.481371021047272,-5.2816136304274375,6.59193530995363,310.1173982620239
-8.118428335962733,-5.051177878006392,5.702749648162688,-10.15142983678881,-7.178345469645685,6.412028889804071,-0.5888633601620896,0.006113151020616893,0.010206609384200838,-0.8081450349832575,0.008673694827558072,-0.12113713064408607,-0.11780337781964956,0.0009697322013835219,0.006650691875620396,-0.044613092904910445,2430,696000000,10.71,0,2,2,-10.635663893884315,-5.274389243859446,6.715711518801226,-10.452009076274908,-5.276139362146977,6.564050164066804,310.34924697875977
-8.118428335962733,-5.051177878006392,5.702749648162688,-10.125090696187819,-7.171618316725355,6.385577513824815,-0.5925774944228539,0.006841584508984152,0.009781634054563733,-0.8054249967937186,-0.020810462081812826,-0.12006685806413772,-0.1280122684293259,-0.0022328808199745254,0.007212636865006061,-0.03895658883266151,2430,888000000,10.27,0,2,2,-10.635663893884315,-5.274389243859446,6.715711518801226,-10.42903540177483,-5.263407970962582,6.5404276160292385,310.60570669174194
-8.084109811191693,-5.014937356989644,5.618033988749893,-10.096999322849735,-7.170813577740043,6.3568009241892245,-0.595557803877036,0.0076743660108250225,0.009587169819802533,-0.8032185832775159,-0.043832496330497135,-0.11984310786663085,-0.13845260598499085,-0.005075751596450573,0.006000064558975282,-0.028637116338359192,2431,106000000,9.79,0,2,2,-10.635663893884315,-5.274389243859446,6.715711518801226,-10.405217948219345,-5.242022565418331,6.5139709757691175,310.87196373939514
-8.084109811191693,-5.014937356989644,5.618033988749893,-10.070671167099817,-7.172786657312357,6.329088025993287,-0.5972451228601298,0.008399219487055043,0.009766524946738927,-0.8019553175347497,-0.048743168703371996,-0.11953465368221072,-0.14425747429471755,-0.007260468782988028,0.0030576142307836562,-0.015318094119720627,2431,322000000,9.39,0,2,2,-10.635663893884315,-5.274389243859446,6.715711518801226,-10.382699058593266,-5.21414945139329,6.486971454529541,311.12955832481384
-8.049588053997939,-4.982233898625838,5.532073691133352,-10.047462857156455,-7.173122685660988,6.303621055057207,-0.5976230331703474,0.008864358471072151,0.010472815532881279,-0.8016598115834324,-0.029654491519923214,-0.11893269019921597,-0.1452054402091037,-0.00895411458259332,-0.0029671709626200027,0.0009569478947923926,2431,536000000,9.17,0,2,2,-10.635663893884315,-5.274389243859446,6.715711518801226,-10.361029250859593,-5.182123689968164,6.459296326977473,311.3358154296875
-8.049588053997939,-4.982233898625838,5.532073691133352,-10.027735336374278,-7.170684035719429,6.28096120481705,-0.5971875286890961,0.008998810893972172,0.011300357821078173,-0.8019715574095007,-0.01230988770118511,-0.11803245967443365,-0.14472973792996321,-0.008985337717604125,-0.00603565222263569,0.01129525771830231,2431,700000000,9.05,0,2,2,-10.635663893884315,-5.274389243859446,6.715711518801226,-10.345447995656402,-5.158466927165177,6.438780855345971,311.5403587818146
-8.01476574654723,-4.953107071378241,5.445041867912628,-10.008890008281371,-7.165672713057062,6.2583737441212195,-0.5962096711479947,0.008978338441977164,0.012242741167548156,-0.8026852015311641,0.0033291301909469675,-0.11721077740054613,-0.1448400237777714,-0.009057521674549207,-0.0076726858424081,0.01819660064938944,2431,864000000,9.07,0,2,2,-10.635663893884315,-5.274389243859446,6.715711518801226,-10.329641127305804,-5.136624163167509,6.417830339160174,311.7433590888977
-8.01476574654723,-4.953107071378241,5.445041867912628,-9.990836159832778,-7.158383947107598,6.235780498786781,-0.5950402680882945,0.008864169901447356,0.013183321968310933,-0.8035388639432748,0.01695197941095419,-0.11635170285994874,-0.14495132968634758,-0.008099798196781194,-0.007885076229285914,0.01741762025631033,2432,32000000,9.16,0,2,2,-10.313521468080745,-5.117133691954107,6.396491528351806,-10.313521468080745,-5.117133691954107,6.396491528351806,311.9476730823517
-8.01476574654723,-4.953107071378241,5.445041867912628,-9.97137998802611,-7.147810293764688,6.210311494295972,-0.5939476166844031,0.008714849205275339,0.014174891284277333,-0.804331618485389,0.030362013367624695,-0.11553295178372766,-0.14596289321413058,-0.007506929250666872,-0.007353182036240469,0.012819075709558092,2432,192000000,9.28,0,2,2,-10.29706203208531,-5.100218682656236,6.374795524010488,-10.29706203208531,-5.100218682656236,6.374795524010488,312.1499402523041
-7.979545772690739,-4.927587079949426,5.357113789597276,-9.954744859297612,-7.136563513423307,6.187529582662622,-0.5933380763142004,0.008596347995684393,0.014963328651638026,-0.8047683696521404,0.04075988033223057,-0.11493742436294833,-0.14691027379002244,-0.00661606723042496,-0.0064730780650279485,0.0067889204728999175,2432,363000000,9.4,0,2,2,-10.29706203208531,-5.100218682656236,6.374795524010488,-10.278181223766701,-5.083887160695288,6.349835840342505,312.35460472106934
-7.979545772690739,-4.927587079949426,5.357113789597276,-9.936679988596003,-7.122122514519613,6.161788303613074,-0.593086852769572,0.00849450309992502,0.015726820983995332,-0.8049400571413418,0.050965656809332405,-0.11419812088799006,-0.14758840995396794,-0.005709769357054029,-0.005381664823289611,0.0008385787111819809,2432,525000000,9.47,0,2,2,-10.261105989831377,-5.0714338103867025,6.32709146038301,-10.261105989831377,-5.0714338103867025,6.32709146038301,312.554256439209
-7.943831561758462,-4.9056947134888,5.268466531635309,-9.921072593012552,-7.107852415351676,6.13878410053696,-0.5934506590591823,0.00821993592501628,0.015908541855400152,-0.8046711540819923,0.059469279723281476,-0.11464819196342661,-0.14881706181436746,0.0015410288710882014,-0.0033130089377664262,-0.010614459824864753,2432,697000000,9.5,0,2,2,-10.261105989831377,-5.0714338103867025,6.32709146038301,-10.241622142806396,-5.059448450456518,6.3010099306871,312.75791120529175
-7.943831561758462,-4.9056947134888,5.268466531635309,-9.907654007612475,-7.094347111075651,6.118520812001146,-0.5942749608005576,0.00801467884799081,0.015917215969673954,-0.8040644738602954,0.06613083292178752,-0.11494316747750699,-0.14956652408499133,0.001688077247763431,-0.0022375217668013647,-0.017644338731770404,2432,860000000,9.47,0,2,2,-10.224102351905156,-5.0503669312293935,6.277430292221944,-10.224102351905156,-5.0503669312293935,6.277430292221944,312.9483206272125
-7.943831561758462,-4.9056947134888,5.268466531635309,-9.890683177948578,-7.0757803348412365,6.092289623737611,-0.5957932148797199,0.007826723321328437,0.015867363019510944,-0.8029429707620249,0.07376743315623284,-0.11522104050672448,-0.15108777577477442,0.0017161213008876075,-0.0012922912901558448,-0.02355978540435899,2433,7000000,9.38,0,2,2,-10.224102351905156,-5.0503669312293935,6.277430292221944,-10.208621909777623,-5.043463827855945,6.256458931530447,313.1542570590973
-7.907527431903714,-4.887441317631105,5.179278617806869,-9.873981182657378,-7.056044371231348,6.065781227050012,-0.5976623868883512,0.007726041897010776,0.015811111834250012,-0.80155473195415,0.08041649439816817,-0.11517548442893169,-0.15250361552803957,0.0010649120667949319,-0.0007860780897317454,-0.02748201113718096,2433,181000000,9.2,0,2,2,-10.224102351905156,-5.0503669312293935,6.277430292221944,-10.188557455722203,-5.03585784004945,6.229084240553309,313.3815371990204
-7.907527431903714,-4.887441317631105,5.179278617806869,-9.855703963751841,-7.032987149694659,6.0360989681698705,-0.5999816115573715,0.007667459034730977,0.01574627971323783,-0.7998220617988494,0.0864574125527936,-0.11489819962564891,-0.1535188021791695,0.001092151734383151,-0.0004339176200574002,-0.030053160298848525,2433,366000000,8.99,0,2,2,-10.224102351905156,-5.0503669312293935,6.277430292221944,-10.168307315380323,-5.029473906948733,6.201166926003683,313.6333305835724
-7.870538931953234,-4.872828790405048,5.089729660701028,-9.835692452110079,-7.007234867832167,6.002963629467039,-0.602817412403757,0.007629345041904256,0.01556164729319507,-0.797690914785039,0.08499175492504937,-0.1141733049913292,-0.15679173626520773,0.0028468291930039413,0.0008714023294942308,-0.034185333061032,2433,572000000,8.72,0,2,2,-10.224102351905156,-5.0503669312293935,6.277430292221944,-10.145656358873499,-5.023598214383119,6.1696552957927135,313.9132056236267
-7.870538931953234,-4.872828790405048,5.089729660701028,-9.81325041908564,-6.981616592851462,5.965792550359939,-0.6063854436214713,0.007695459000039194,0.015008965201839424,-0.7949919525619993,0.0674902718650026,-0.11290252750941596,-0.16203634493288116,0.004127156989852665,0.004201469300824101,-0.03976784282713197,2433,797000000,8.42,0,2,2,-10.224102351905156,-5.0503669312293935,6.277430292221944,-10.11833594966551,-5.017961452633005,6.131195793649156,314.20342445373535
-7.832773180720472,-4.861849601988382,5.000000000000002,-9.791356365904933,-6.9632691043663675,5.930128220629143,-0.6100313986239307,0.008034203990635203,0.014236210719735881,-0.7922086054591373,0.041115668888583916,-0.11201487609596958,-0.1699272576899038,0.003516247306833975,0.007389582924588467,-0.04289673379389569,2434,26000000,7.99,0,2,2,-10.093217551036439,-5.0138687890598375,6.09529851486932,-10.093217551036439,-5.0138687890598375,6.09529851486932,314.47501516342163
-7.832773180720472,-4.861849601988382,5.000000000000002,-9.774421100822769,-6.953898587484547,5.903030262529488,-0.6127537892259451,0.008465314930038288,0.013590794384583289,-0.790111651945709,0.01936522326114832,-0.11147581580918768,-0.17590819895669324,0.0028098717621105607,0.00918980776987155,-0.04313029785407707,2434,252000000,7.58,0,2,2,-10.068057369750893,-5.010583864450811,6.058708089032254,-10.068057369750893,-5.010583864450811,6.058708089032254,314.6765179634094
-7.7941392027451935,-4.854486838222724,4.910270339298976,-9.754469769986585,-6.947455241433857,5.87152316180944,-0.6156473529065839,0.009108766137863173,0.012970388990892288,-0.787862384079851,-0.0037948750389785514,-0.1096369312067426,-0.18077902384305877,0.00029665498004760593,0.009054974088940071,-0.03826604370260611,2434,414000000,7.28,0,2,2,-10.049773626105766,-5.008631175180428,6.031787903445111,-10.049773626105766,-5.008631175180428,6.031787903445111,314.87886905670166
-7.7941392027451935,-4.854486838222724,4.910270339298976,-9.74538053038635,-6.945948946644794,5.857267933836759,-0.6167801053497595,0.00941461170294182,0.012753986429270971,-0.7869758589444686,-0.013450982872722525,-0.10870123628378717,-0.18239419098906223,-0.0009522614391244133,0.008499067644152092,-0.03397918299015146,2434,577000000,6.98,0,2,2,-10.049773626105766,-5.008631175180428,6.031787903445111,-10.029228246456741,-5.0067697184317455,6.001158366127311,315.1132402420044
-7.75454825943156,-4.850714267738887,4.820721382193136,-9.724497418766516,-6.945323634978317,5.8247432530029215,-0.6188734383998368,0.010003393298417498,0.012275993448144944,-0.7853310762669089,-0.03308276897795818,-0.10720226200091107,-0.18601418816478527,0.002355063065806462,0.007554419562438852,-0.02613353917695349,2434,665000000,6.87,0,2,2,-10.049773626105766,-5.008631175180428,6.031787903445111,-10.020123924070575,-5.005898413631077,5.987421382318307,315.3426239490509
-7.75454825943156,-4.850714267738887,4.820721382193136,-9.700539564183853,-6.9485529532818555,5.787781138690201,-0.620484174508146,0.010455864984647553,0.011702332084466714,-0.7840619360077061,-0.05161532249130383,-0.10670980925712377,-0.1903466071055175,0.0008935028176892956,0.006170988353915163,-0.016510996829310898,2434,844000000,6.68,0,2,2,-10.000279422568102,-4.99969733294041,5.9563277985887675,-10.000279422568102,-4.99969733294041,5.9563277985887675,315.60026240348816
-7.713914174568618,-4.850496432481319,4.731533468364694,-9.671133279472672,-6.955615138319468,5.7423272757477735,-0.6214851799197612,0.010960024829729857,0.011398015316458305,-0.7832663239554472,-0.058424519677393684,-0.10638295253986288,-0.1948182247670992,-0.0020620453142328188,0.0032690283660485875,-0.005623690913125756,2435,56000000,6.53,0,2,2,-10.000279422568102,-4.99969733294041,5.9563277985887675,-9.977098918814177,-4.983827688727567,5.917737755494115,315.87831926345825
-7.713914174568618,-4.850496432481319,4.731533468364694,-9.649128448354755,-6.9610288094499815,5.707844575075308,-0.6215473673733143,0.011209167367472515,0.011454118402396874,-0.7832126325908271,-0.054789688775850456,-0.10583865352590405,-0.19554469678430378,-0.0020588820916600525,0.0007732303572538513,0.002033410123658541,2435,289000000,6.46,0,2,2,-9.954700227013863,-4.961240027215375,5.878324261214361,-9.954700227013863,-4.961240027215375,5.878324261214361,316.0965721607208
-7.67215365323178,-4.853788761358711,4.642886210402729,-9.629940041555644,-6.964399434706239,5.677166989073995,-0.6211148662579367,0.01126582971362057,0.011744765852167726,-0.7835505500408553,-0.03957541625826154,-0.10573066742045238,-0.1951547350577654,-0.00342316020578437,-0.0035485873468132922,0.010651780667103594,2435,464000000,6.45,0,2,2,-9.954700227013863,-4.961240027215375,5.878324261214361,-9.936663760501665,-4.940626518314511,5.845589816081711,316.30355429649353
-7.67215365323178,-4.853788761358711,4.642886210402729,-9.609109376347964,-6.964864068327302,5.642857372649041,-0.6201301542343379,0.011081738982823608,0.01235197063951091,-0.7843234126887538,-0.018320378788733615,-0.10579191148182303,-0.1932403237163206,-0.004000560602435144,-0.0071003218636178644,0.016393909572798293,2435,634000000,6.49,0,2,2,-9.954700227013863,-4.961240027215375,5.878324261214361,-9.920649905582549,-4.92258070089136,5.816281500442532,316.5156478881836
-7.67215365323178,-4.853788761358711,4.642886210402729,-9.589106634365695,-6.961577586833302,5.608857187373201,-0.6189235926332506,0.010693613228478258,0.013061748294427244,-0.7852697777512914,0.0012075013512300825,-0.10612547969417771,-0.192058710779493,-0.0031913860539134475,-0.008513200100424001,0.0174702994627296,2435,807000000,6.57,0,2,2,-9.902324576679167,-4.904688842525357,5.7829715709424185,-9.902324576679167,-4.904688842525357,5.7829715709424185,316.72294902801514
-7.629186593081786,-4.860537706687095,4.554958132087377,-9.571938783451522,-6.955877240332467,5.57882747044104,-0.6179340077452729,0.010294831099458357,0.01368915968339796,-0.7860433737597823,0.01634049495119678,-0.10629553299626045,-0.19082438513087566,-0.0028892862019347376,-0.008406716551689897,0.014412772725336254,2435,978000000,6.66,0,2,2,-9.902324576679167,-4.904688842525357,5.7829715709424185,-9.883706832718868,-4.889415191362631,5.7494141825318135,316.9359829425812
-7.629186593081786,-4.860537706687095,4.554958132087377,-9.555303176647012,-6.947896676828673,5.549031587041023,-0.6172288215889364,0.009904243369761728,0.014250207682555943,-0.7865922827896351,0.029648893934907584,-0.10639030504561937,-0.18930821924128224,-0.002251676914966083,-0.0075650244980352,0.008536881068721414,2436,146000000,6.74,0,2,2,-9.902324576679167,-4.904688842525357,5.7829715709424185,-9.866943268884361,-4.877802762621216,5.719350750698525,317.1399402618408
-7.5849363870979465,-4.87068090303198,4.467926308866652,-9.537146492956426,-6.936553501207383,5.515745661628504,-0.616912055065146,0.009514802657115962,0.014772574688551414,-0.7868359142049665,0.042635123408977404,-0.10655607416131059,-0.18860859518128695,-0.0016841430237946042,-0.00633314521110151,0.00115307935857345,2436,311000000,6.79,0,2,2,-9.850005417488836,-4.867822512910966,5.6891048564658355,-9.850005417488836,-4.867822512910966,5.6891048564658355,317.34599232673645
-7.5849363870979465,-4.87068090303198,4.467926308866652,-9.521429463214437,-6.9246621483714215,5.486271244036743,-0.617059233581269,0.009235272079065358,0.01514761238445065,-0.7867166973191639,0.052629452936804225,-0.10658437298598608,-0.1879168827504328,-0.0013949106119071075,-0.005172272176423576,-0.004900850854028249,2436,480000000,6.8,0,2,2,-9.850005417488836,-4.867822512910966,5.6891048564658355,-9.830729255039161,-4.858338763152103,5.6547790345135125,317.5478847026825
-7.539330216806069,-4.884147347997373,4.38196601125011,-9.507956419838395,-6.913067106353996,5.460539989482901,-0.6174652206203624,0.00905969133089622,0.015444936177459618,-0.7863943522582739,0.06009339311757063,-0.10660644307914413,-0.18809700663547566,-0.0018977771219397255,-0.004365713948573102,-0.009310416135122068,2436,641000000,6.76,0,2,2,-9.850005417488836,-4.867822512910966,5.6891048564658355,-9.813425640049736,-4.851273918340639,5.624087871805965,317.73745584487915
-7.539330216806069,-4.884147347997373,4.38196601125011,-9.492822932037896,-6.898663882352162,5.431110359011441,-0.6181949110501427,0.008918034135620319,0.01574767931130193,-0.785816474257934,0.06758525901911,-0.10645531931247545,-0.1881674933774351,-0.0017781450424081413,-0.003550091332726879,-0.01355907797915279,2436,790000000,6.7,0,2,2,-9.79818226019645,-4.8460349194335635,5.597149800505554,-9.79818226019645,-4.8460349194335635,5.597149800505554,317.93165707588196
-7.539330216806069,-4.884147347997373,4.38196601125011,-9.47978352857377,-6.8851868446280475,5.405347606548913,-0.619050439641223,0.00879707505480074,0.015915199504283245,-0.7851406696097377,0.07324963092496492,-0.10645666809377559,-0.18866903194700863,-0.00014391352181064576,-0.0027073803494204185,-0.01729978230287088,2436,940000000,6.6,0,2,2,-9.79818226019645,-4.8460349194335635,5.597149800505554,-9.780639887311656,-4.840999519688836,5.566202539685105,318.1214635372162
-7.492299335087338,-4.900857604452152,4.297250351837317,-9.465043544569031,-6.868934885425322,5.375818093290055,-0.6202592979896533,0.008681619507286655,0.016024574287621503,-0.7841850838666937,0.0788865734063926,-0.10642740009775616,-0.18915426957361328,-0.00010600357143175643,-0.002032054203482403,-0.020844448590651155,2437,95000000,6.5,0,2,2,-9.79818226019645,-4.8460349194335635,5.597149800505554,-9.76520865494,-4.837350835907125,5.539025145429741,318.3075132369995
-7.492299335087338,-4.900857604452152,4.297250351837317,-9.450467113326457,-6.851914189594884,5.3462609207392875,-0.621659776838675,0.00861011487244566,0.016108343818969445,-0.783074395598644,0.08376637031580234,-0.10611087671865733,-0.18915222487124855,-0.00022386796274531662,-0.0015124759215723316,-0.023522118863184005,2437,245000000,6.35,0,2,2,-9.79818226019645,-4.8460349194335635,5.597149800505554,-9.747468011475416,-4.833961584183856,5.507779405710273,318.504695892334
-7.492299335087338,-4.900857604452152,4.297250351837317,-9.432445624209409,-6.8297503614273,5.309257796313775,-0.6236254276264462,0.008548313684767266,0.01614158929510344,-0.7815098856994113,0.08885733804248028,-0.10582570198554067,-0.1899849125352512,0.00032714891347040975,-0.0008559748948755441,-0.02638204678078182,2437,404000000,6.18,0,2,2,-9.79818226019645,-4.8460349194335635,5.597149800505554,-9.729634000102408,-4.831320987193559,5.47639216809229,318.74466156959534
-7.443779337683475,-4.920724023628251,4.213949936692158,-9.411002128295275,-6.802159885784853,5.264705697381537,-0.62622329082055,0.008514222355487117,0.016122828662179303,-0.7794305308669222,0.09246556946610848,-0.10532651025543975,-0.19040129369126071,0.00079592343809054,-0.00022764511982131808,-0.029084228299325332,2437,599000000,5.96,0,2,2,-9.79818226019645,-4.8460349194335635,5.597149800505554,-9.707264193213193,-4.828940827847269,5.4370589830643326,319.05515599250793
-7.443779337683475,-4.920724023628251,4.213949936692158,-9.389508566965334,-6.774748895011678,5.219985654670748,-0.6290723562895478,0.008547663424910597,0.015989229915160726,-0.7771352858601973,0.08777388782448657,-0.10470012160919524,-0.19190871625605982,0.0008526846102085983,0.001370521681565151,-0.032297671350534074,2437,848000000,5.66,0,2,2,-9.79818226019645,-4.8460349194335635,5.597149800505554,-9.6803409733381,-4.827237305706826,5.389611598224059,319.3462839126587
-7.393710422544579,-4.943650988470749,4.132232521764886,-9.369163948792236,-6.7524251925781815,5.178179806578506,-0.6320075168982356,0.00879970004563635,0.015689901383688216,-0.7747534387518414,0.06970145378329305,-0.10433859702126877,-0.1969441099444031,0.0012383768535073614,0.004490787296163035,-0.03628960403148085,2438,80000000,5.34,0,2,2,-9.79818226019645,-4.8460349194335635,5.597149800505554,-9.653340176464948,-4.826610783323506,5.341836816833909,319.62960171699524
-7.342037636200248,-4.96953517656723,4.052262675054002,-9.349556950302755,-6.736866426026023,5.13892753348513,-0.6349584221326576,0.009296983563953852,0.015150518303176755,-0.7723417831857617,0.04403463695965667,-0.1045872911079502,-0.20337473443280904,0.0008667874681123067,0.007876797553763026,-0.039306917824433185,2438,316000000,5.02,0,2,2,-9.626304430193994,-4.826881382309348,5.29385206779939,-9.626304430193994,-4.826881382309348,5.29385206779939,319.86987352371216
-7.342037636200248,-4.96953517656723,4.052262675054002,-9.330785240341074,-6.727643530826854,5.102252919924271,-0.6376704261919531,0.010033087043053614,0.014652228655561815,-0.7701045882995271,0.017308774356230856,-0.10515253563992925,-0.21149547882068087,-0.0012349391568022838,0.009961862360796658,-0.03902741373167373,2438,516000000,4.78,0,2,2,-9.626304430193994,-4.826881382309348,5.29385206779939,-9.606425430823963,-4.824253650625912,5.257731120744243,320.08502769470215
-7.288711106370621,-4.998265841933026,3.9742014451881897,-9.311082647898388,-6.723140522321004,5.064461775315455,-0.640153507238238,0.010903550477640965,0.014227856797096391,-0.7680378687594289,-0.007457508301271466,-0.10405721055217303,-0.21540493880689912,-0.0027454040719021577,0.009573245824867627,-0.03337470807309728,2438,688000000,4.57,0,2,2,-9.587304817479724,-4.815525499894286,5.221397268988149,-9.587304817479724,-4.815525499894286,5.221397268988149,320.2981367111206
-7.288711106370621,-4.998265841933026,3.9742014451881897,-9.293050191220633,-6.7228060419106335,5.030401313470798,-0.6419280487894098,0.011654734793806567,0.01394305616965911,-0.7665495016754996,-0.027186643916035737,-0.10310866032951353,-0.21786157638517167,-0.003269960484431067,0.008489556421409361,-0.02571900095063029,2438,862000000,4.42,0,2,2,-9.587304817479724,-4.815525499894286,5.221397268988149,-9.568823701169224,-4.801368917328279,5.184881043752819,320.50445914268494
-7.288711106370621,-4.998265841933026,3.9742014451881897,-9.267491330497949,-6.727268186857607,4.982993453309802,-0.6436891115800851,0.012357565042352006,0.013308148727920304,-0.7650715727282644,-0.05089953821555373,-0.10308477753928402,-0.22078562365771165,0.0009516210866422625,0.007977128370839637,-0.017025688066496514,2439,37000000,4.28,0,2,2,-9.587304817479724,-4.815525499894286,5.221397268988149,-9.550857338651786,-4.7827006683802065,5.148260122522552,320.74252581596375
-7.2336862600727105,-5.0297251148800814,3.898206037095794,-9.241053680016524,-6.736611293274818,4.934991601507451,-0.6446590985127553,0.012948377448464003,0.012735230197861012,-0.7642544079938179,-0.07001946840255123,-0.10336632219974687,-0.22334762978849607,-0.00038159589621500345,0.006478119439634611,-0.007096899298630888,2439,240000000,4.3,0,2,2,-9.587304817479724,-4.815525499894286,5.221397268988149,-9.531341514314319,-4.757835102609814,5.107424575567751,321.0352280139923
-7.2336862600727105,-5.0297251148800814,3.898206037095794,-9.214089278808144,-6.748974413382341,4.886648613244406,-0.6448136492325297,0.01344967083259146,0.012436840979777439,-0.764120271360711,-0.07649484749582888,-0.10320661477388413,-0.22399006279900097,-0.0028593090746653615,0.0033654585649856017,0.0035497324915922945,2439,458000000,4.31,0,2,2,-9.587304817479724,-4.815525499894286,5.221397268988149,-9.510078330984447,-4.727783506410965,5.062204925824865,321.32694816589355
-7.176924026518295,-5.063788319150504,3.8244294954150555,-9.180285355878043,-6.762549088097505,4.825602262023029,-0.6434842413736939,0.013661839589303455,0.01284048721372361,-0.765229708735143,-0.05578525351546297,-0.1020376873956946,-0.219790303345318,-0.0034519030805313378,-0.0038769554521422833,0.01947481850947952,2439,693000000,4.37,0,2,2,-9.587304817479724,-4.815525499894286,5.221397268988149,-9.488528666476,-4.699816104157948,5.016964504354507,321.6617650985718
-7.1183910241422845,-5.100324305451515,3.753020396282532,-9.159394355401616,-6.767409399665222,4.787212996028226,-0.6419198839051947,0.013420484511567514,0.013403933625374589,-0.7665370752977199,-0.03752112274113623,-0.10113278504110286,-0.21538166039801426,-0.0026594119390210835,-0.006789269355067518,0.024767026843619533,2439,962000000,4.48,0,2,2,-9.587304817479724,-4.815525499894286,5.221397268988149,-9.460365653072776,-4.671152234627826,4.959473393495224,321.883563041687
-7.1183910241422845,-5.100324305451515,3.753020396282532,-9.14144065627176,-6.768941840845872,4.753724339616405,-0.6402811552890385,0.013097524836722043,0.014091468204721227,-0.7678996858631476,-0.021307392455549762,-0.10029068045378112,-0.21165737834569737,-0.00392943265978829,-0.008988304580270778,0.02816920186887728,2440,138000000,4.57,0,2,2,-9.44187592910344,-4.656963953359894,4.92268213905164,-9.44187592910344,-4.656963953359894,4.92268213905164,322.092657327652
-7.058059731145688,-5.139195800486321,3.6841225481205764,-9.124040803007327,-6.767997704037875,4.720779760877763,-0.6386033516619918,0.01272668294167368,0.014892395079942576,-0.7692866873644411,-0.007346432732184174,-0.0996739862868715,-0.20855122623074415,-0.004762731668961351,-0.009658805083745392,0.026308146698283963,2440,307000000,4.65,0,2,2,-9.44187592910344,-4.656963953359894,4.92268213905164,-9.425238053805824,-4.646818566558309,4.890105862401414,322.29751896858215
-7.058059731145688,-5.139195800486321,3.6841225481205764,-9.107115148353747,-6.764911171448907,4.688326752371968,-0.637139264119729,0.012342493336703259,0.01567205870905616,-0.7704904980277326,0.004793148250181926,-0.09923724083700207,-0.2054713128345412,-0.004119539698876906,-0.009137943106907187,0.021482182819454465,2440,476000000,4.74,0,2,2,-9.44187592910344,-4.656963953359894,4.92268213905164,-9.408357422885512,-4.638771001278835,4.857614260843486,322.50064396858215
-7.058059731145688,-5.139195800486321,3.6841225481205764,-9.088515098563363,-6.759196675042768,4.652356759002579,-0.6359491103801923,0.011784476161896106,0.016178118639083576,-0.7714714016770364,0.01678857208368654,-0.0997587678612647,-0.20286033265589593,0.0014133319496067998,-0.006826450589869637,0.013206931635068031,2440,635000000,4.83,0,2,2,-9.44187592910344,-4.656963953359894,4.92268213905164,-9.391221698750806,-4.6326156153034646,4.825199634547511,322.6993715763092
-6.995908638983675,-5.1802597705360105,3.6178747020262696,-9.07223208244074,-6.752357619451237,4.620761491982804,-0.6353820922882243,0.011329256179909908,0.01638464351313681,-0.7719409227465504,0.02618113228425418,-0.1004290776262845,-0.20063946124827634,0.0016187129062927852,-0.0051243197958683595,0.006304880116658751,2440,798000000,4.9,0,2,2,-9.44187592910344,-4.656963953359894,4.92268213905164,-9.371668761087864,-4.6276992227793885,4.7887820119042095,322.90987277030945
-6.995908638983675,-5.1802597705360105,3.6178747020262696,-9.056165538783643,-6.744078578598915,4.589549287696319,-0.6351938682215819,0.010972157495742735,0.016518658572552705,-0.7720981125819151,0.03454868526087222,-0.10090087994403085,-0.19815215060417013,0.001473936424645217,-0.003939768521377118,0.000662981005916663,2440,965000000,4.93,0,2,2,-9.354073749560202,-4.62491774930896,4.7564615173078595,-9.354073749560202,-4.62491774930896,4.7564615173078595,323.11694288253784
-6.931922388278014,-5.223367798610493,3.5544102723452182,-9.040295428128955,-6.734584080274663,4.558698013860587,-0.6352886056729896,0.010756006085921919,0.016691778611419777,-0.7720194818538815,0.04129554142879902,-0.10119936492491126,-0.19635447182948512,-0.0005613734060716524,-0.0031387098260893254,-0.003121090458080289,2441,130000000,4.92,0,2,2,-9.336321734620165,-4.62345263527347,4.724257130749363,-9.336321734620165,-4.62345263527347,4.724257130749363,323.30758595466614
-6.931922388278014,-5.223367798610493,3.5544102723452182,-9.024587566999065,-6.724117182211841,4.528126754546742,-0.6355948810417757,0.010612626654332335,0.016861122742161262,-0.7717656521826171,0.04701128235536021,-0.1013307628233057,-0.19459767572364545,-0.00040793318021314917,-0.002576997803771519,-0.0064826760990399634,2441,288000000,4.9,0,2,2,-9.336321734620165,-4.62345263527347,4.724257130749363,-9.31838669847541,-4.623192547943999,4.692125889868336,323.5065519809723
-6.931922388278014,-5.223367798610493,3.5544102723452182,-9.008995200430718,-6.712828878233858,4.4978149041328415,-0.6361315050395286,0.01044077781454959,0.016893181186319293,-0.7713250410068231,0.05179020487627454,-0.10187615821254278,-0.19333901429375053,0.0017716758634378493,-0.001596073832388356,-0.010639232186804293,2441,448000000,4.85,0,2,2,-9.30027921083892,-4.624032143710852,4.660078013738588,-9.30027921083892,-4.624032143710852,4.660078013738588,323.7013247013092
-6.866091886682804,-5.268366474152286,3.4938570679927774,-8.993441330533479,-6.7008552718190755,4.46770950346926,-0.636907136929091,0.010285798665582772,0.016827546655186435,-0.7706882216228342,0.05589902477465516,-0.10237819776474835,-0.19189952024958434,0.001913657342811348,-0.0009416665932349133,-0.014062992249819217,2441,601000000,4.78,0,2,2,-9.30027921083892,-4.624032143710852,4.660078013738588,-9.282020025977069,-4.625864441381781,4.628101183695483,323.89996314048767
-6.866091886682804,-5.268366474152286,3.4938570679927774,-8.979868910645683,-6.689904056909374,4.441581708176414,-0.637729736847349,0.010177530499470903,0.016745376131344265,-0.7700109044628932,0.05902787335629134,-0.10264574121493468,-0.19034581506573672,0.0019067759126301098,-0.0005866447793323459,-0.016097331536002457,2441,759000000,4.69,0,2,2,-9.30027921083892,-4.624032143710852,4.660078013738588,-9.263619784506217,-4.62859305167236,4.596183247613643,324.0926423072815
-6.798414408284236,-5.315097794245403,3.436337035063942,-8.964389593202728,-6.676948978747271,4.411967045440598,-0.6387902394398444,0.010089947673570928,0.016647999321160466,-0.7691346222027282,0.06184597625443587,-0.10298167663909637,-0.18897102499949953,0.0015146607779570331,-0.00021878114324636044,-0.018219169760413934,2441,916000000,4.6,0,2,2,-9.247438002717855,-4.631631062058187,4.568369070258981,-9.247438002717855,-4.631631062058187,4.568369070258981,324.28294134140015
-6.798414408284236,-5.315097794245403,3.436337035063942,-8.94890687810779,-6.663643923029173,4.382557958093567,-0.6399639869325294,0.010026008258261934,0.01653617327400575,-0.7681615256970883,0.06408165596660906,-0.10328836555233085,-0.18760372697303757,0.0016897491605050163,1.2870781329610281e-05,-0.01972169047803618,2442,66000000,4.48,0,2,2,-9.247438002717855,-4.631631062058187,4.568369070258981,-9.228869598626362,-4.635770083135135,4.5367040251227015,324.48051595687866
-6.798414408284236,-5.315097794245403,3.436337035063942,-8.935343547033698,-6.65179398384766,4.356988220063231,-0.641042218260844,0.010018180820596738,0.016476810050036816,-0.7672633349710105,0.06539875286900641,-0.10353575086612503,-0.18674850974015889,0.0002805714132136927,0.00011917386544268993,-0.020246321582817473,2442,228000000,4.35,0,2,2,-9.247438002717855,-4.631631062058187,4.568369070258981,-9.210229608567232,-4.640544066146458,4.505153043502827,324.66707730293274
-6.728893674167487,-5.363399575253027,3.3819660112501087,-8.917863019368017,-6.636388914524708,4.32428517678543,-0.6424651771638535,0.01003758440871529,0.01642401276345411,-0.7660731001907076,0.06667897860302296,-0.10372602343881612,-0.18553233375761158,0.0004377810199684973,0.00016914261919964702,-0.021029253548476845,2442,377000000,4.2,0,2,2,-9.247438002717855,-4.631631062058187,4.568369070258981,-9.191515237102406,-4.6459008959287065,4.473713566046955,324.8654375076294
-6.728893674167487,-5.363399575253027,3.3819660112501087,-8.902305238306806,-6.622589270428418,4.295447900594433,-0.6437685818685919,0.01004418128429498,0.016364707397249007,-0.7649792963035227,0.06750879901220763,-0.1036848913864036,-0.1839070824894884,0.0006225956042271719,0.00010127031231377259,-0.021443544574140105,2442,538000000,4.08,0,2,2,-9.247438002717855,-4.631631062058187,4.568369070258981,-9.172736098219469,-4.651784008677956,4.442375536734076,325.0691747665405
-6.657539913838084,-5.413105873781844,3.3308534925573996,-8.886715295234131,-6.608755289803922,4.266837297580134,-0.6450978563006867,0.010053033998908731,0.016300538130530895,-0.7638599248293697,0.06781637963877338,-0.10392069887486577,-0.182804328427389,0.0005762595378655533,0.0002828032279467152,-0.021986604770063423,2442,699000000,3.95,0,2,2,-9.247438002717855,-4.631631062058187,4.568369070258981,-9.153920989483485,-4.658122438633907,4.411205966523548,325.2713522911072
-6.657539913838084,-5.413105873781844,3.3308534925573996,-8.871064461737651,-6.594946351980108,4.238410575794649,-0.6464453142969894,0.01007343193560389,0.01623152652218156,-0.7627211280273184,0.06795034800284731,-0.10394589093370296,-0.18145789345052496,0.000547899315961331,0.00036436225911984366,-0.02208474288636353,2442,865000000,3.8,0,2,2,-9.247438002717855,-4.631631062058187,4.568369070258981,-9.135149124408674,-4.663927152579373,4.380172126081238,325.47564339637756
-6.657539913838084,-5.413105873781844,3.3308534925573996,-8.853390418405937,-6.579510890007548,4.206661063063811,-0.6479534581680518,0.010156466833706424,0.016227364834880638,-0.7614393179105173,0.06740725988585318,-0.10412624373153542,-0.18035180238489276,-0.0008588400817188813,0.0002644558321662771,-0.02190673112636432,2443,28000000,3.66,0,2,2,-9.247438002717855,-4.631631062058187,4.568369070258981,-9.11658820038794,-4.667288953368402,4.349211304201415,325.68365597724915
-6.58436990723958,-5.4640474158483405,3.283102412796267,-8.837603372074547,-6.565951622982245,4.1786121351419725,-0.6492765075380856,0.010239632698695732,0.016243781477617875,-0.76031000667139,0.06678993472945197,-0.10405735441349762,-0.17922349645278146,-0.0006890791269142937,0.0002372102883896332,-0.02162456148653291,2443,201000000,3.5,0,2,2,-9.247438002717855,-4.631631062058187,4.568369070258981,-9.09621731881978,-4.665841163256304,4.3145876201140165,325.9005343914032
-6.58436990723958,-5.4640474158483405,3.283102412796267,-8.817816062298611,-6.549224263970944,4.143849186724945,-0.6509021672116283,0.010326359131332112,0.016256069260057963,-0.7589173046113181,0.06600124923602255,-0.10387785236320697,-0.1773797038399883,-0.0009100819738705468,0.00010640960468322191,-0.021195653607719578,2443,366000000,3.35,0,2,2,-9.247438002717855,-4.631631062058187,4.568369070258981,-9.078414846765439,-4.660248871345785,4.283998748653707,326.1346333026886
-6.509407007165512,-5.516052033102621,3.2388089362865253,-8.799943400812177,-6.5344501953246645,4.112825290500457,-0.6522968064218885,0.010479099910468309,0.01639144892222997,-0.7577139204205644,0.06459209081505038,-0.1037769354284828,-0.1763469031118666,-0.0021527247326957877,-0.0001853840245757965,-0.01998825009650318,2443,559000000,3.18,0,2,2,-9.05648112693807,-4.64837732333252,4.246023479520562,-9.05648112693807,-4.64837732333252,4.246023479520562,326.35470724105835
-6.509407007165512,-5.516052033102621,3.2388089362865253,-8.783996457407135,-6.521589942606407,4.085435107977608,-0.6534833826516887,0.01060067332782462,0.016514728668796462,-0.7566864331148663,0.06326880670866972,-0.10363122998765743,-0.1751067483680337,-0.0019549664330043015,-0.0002506645699895671,-0.01935295240400592,2443,739000000,3.02,0,2,2,-9.036924423691737,-4.633725005696855,4.211922760818587,-9.036924423691737,-4.633725005696855,4.211922760818587,326.56433296203613
-6.432681141919438,-5.56894510494894,3.1980622641951646,-8.765578449591343,-6.509963284720914,4.0545665028441435,-0.6550048920203687,0.010911104281260672,0.01645251293519406,-0.7553667017090876,0.031241813187232525,-0.1039753758269216,-0.17713254046150176,-0.0015643199958503828,0.005446204386316822,-0.02525214440538548,2443,915000000,2.87,0,2,2,-9.019641961757037,-4.61801840585971,4.181630956159102,-9.019641961757037,-4.61801840585971,4.181630956159102,326.77105808258057
-6.432681141919438,-5.56894510494894,3.1980622641951646,-8.748323573740727,-6.505054767886295,4.026748497005108,-0.6565901290420391,0.01147126474009321,0.01614784078700355,-0.7539874400596727,0.00015828075916311492,-0.10433012345463392,-0.179010401144779,-0.001662464296714461,0.008546627122996142,-0.027002694514521863,2444,85000000,2.73,0,2,2,-9.000180599888383,-4.599351928624104,4.147689639023034,-9.000180599888383,-4.599351928624104,4.147689639023034,326.9831485748291
-6.432681141919438,-5.56894510494894,3.1980622641951646,-8.727929260626611,-6.505156831349271,3.9951034171026434,-0.6585015749171613,0.012048179901952127,0.015336676212394661,-0.7523265936781874,-0.03044206045221613,-0.10625032280169763,-0.18091944106430088,0.003928086425730726,0.011513942808960564,-0.02952567538159201,2444,250000000,2.64,0,2,2,-9.000180599888383,-4.599351928624104,4.147689639023034,-8.982922269532297,-4.581780906726961,4.117719377147475,327.1981782913208
-6.354228798134396,-5.622550005388564,3.1609444548971024,-8.701608701582165,-6.512313004525438,3.9560495393897543,-0.6606218005763991,0.012833109752218096,0.014184874355189635,-0.750475140985237,-0.06296583316714427,-0.10857883076665427,-0.18248963881348032,0.0023498731025028974,0.011621526391536463,-0.021550163000938483,2444,429000000,2.59,0,2,2,-8.963623100542447,-4.56058800528636,4.0842900211058675,-8.963623100542447,-4.56058800528636,4.0842900211058675,327.4715852737427
-6.354228798134396,-5.622550005388564,3.1609444548971024,-8.67149022687519,-6.527615453499071,3.913133076934864,-0.6619212915296631,0.013702529197861317,0.013166662146760459,-0.7493324252434279,-0.08917055440814393,-0.11045670082838574,-0.1834888665133355,-8.887692608539055e-05,0.009309144024882698,-0.007296761805264396,2444,648000000,2.59,0,2,2,-8.963623100542447,-4.56058800528636,4.0842900211058675,-8.939947844414654,-4.535684546572023,4.044005263755769,327.77429008483887
-6.274092983719844,-5.676688553400637,3.127530258720525,-8.648435087760948,-6.541563031376114,3.8810704990647684,-0.6619387171758466,0.014221864885775669,0.012742323956325591,-0.749314691196534,-0.09443099981074529,-0.11090654045510828,-0.1822146676247924,-0.00025820739040227636,0.006152175637907931,0.004019094922114164,2444,893000000,2.66,0,2,2,-8.913828904519413,-4.510625527405076,4.000792990770013,-8.913828904519413,-4.510625527405076,4.000792990770013,327.99420833587646
-6.274092983719844,-5.676688553400637,3.127530258720525,-8.627977704858548,-6.553586249355018,3.8529346922556433,-0.6612512523560944,0.014446458674228627,0.012619211411721995,-0.7499192200448105,-0.08371815180979061,-0.11057685510234809,-0.17898070108568537,-0.0006765944988273986,0.0009135588641129289,0.017426217527827248,2445,61000000,2.71,0,2,2,-8.893799702809343,-4.495329877344684,3.968872560636723,-8.893799702809343,-4.495329877344684,3.968872560636723,328.1890456676483
-6.192323170961965,-5.731181465669575,3.0978869674096936,-8.607839622977194,-6.563428253813133,3.825373744679482,-0.6598284544110323,0.01437657773019355,0.012765719809465854,-0.7511702610993475,-0.06917130879717434,-0.11024435907997684,-0.17514444429746082,-0.0006726238723331335,-0.0032336560479961918,0.02876814323826693,2445,226000000,2.73,0,2,2,-8.87563616466708,-4.48506083831306,3.940907258370919,-8.87563616466708,-4.48506083831306,3.940907258370919,328.3990361690521
-6.192323170961965,-5.731181465669575,3.0978869674096936,-8.585579021197049,-6.571693716198096,3.7951154599888692,-0.6576286361791539,0.014055573756528333,0.01311287983733053,-0.7530969858563319,-0.05415694413467589,-0.10985455182600659,-0.17048348307257322,-0.0003211350531273638,-0.005504095224750927,0.035135892176185735,2445,396000000,2.73,0,2,2,-8.87563616466708,-4.48506083831306,3.940907258370919,-8.857133307998277,-4.4779669683778245,3.9133311413201586,328.6078736782074
-6.108975219860335,-5.785848810464001,3.0720742786082953,-8.563653790480146,-6.577367435959654,3.7656351453272565,-0.6552727291331767,0.013609343760788506,0.013467430227091454,-0.7551496967753065,-0.04180750167645307,-0.1101348524306321,-0.1663899291102559,0.0005540803726944432,-0.0056446333928761305,0.034123147634090856,2445,568000000,2.76,0,2,2,-8.87563616466708,-4.48506083831306,3.940907258370919,-8.835974250920753,-4.473452713307917,3.8827820417494827,328.81554651260376
-6.108975219860335,-5.785848810464001,3.0720742786082953,-8.546765897685713,-6.580253490835437,3.743193301508688,-0.653582922976303,0.013251522608783711,0.013702280777570562,-0.7566148342742121,-0.03347920805956582,-0.11032233606267168,-0.16328220973748514,0.0009386988267579,-0.005270247856969945,0.030304868232633453,2445,741000000,2.84,0,2,2,-8.87563616466708,-4.48506083831306,3.940907258370919,-8.81439995372006,-4.472244760702323,3.8526865179961938,329.01959133148193
-6.108975219860335,-5.785848810464001,3.0720742786082953,-8.525230440488144,-6.582294439375796,3.714933421596911,-0.6517065084842981,0.012857982026932998,0.014001803797432495,-0.7582329777765002,-0.02467077583464164,-0.11093817796817189,-0.15974903180206868,3.7202400449132256e-05,-0.004658309171645669,0.025116434517258313,2445,892000000,2.92,0,2,2,-8.87563616466708,-4.48506083831306,3.940907258370919,-8.797359274782817,-4.473331559609392,3.8296188679659453,329.22362446784973
-6.024111281841859,-5.84051046147144,3.0501441756363548,-8.503812616509181,-6.582788388233891,3.6873000372068145,-0.6502170685422192,0.012529932437701992,0.014257199101218058,-0.7595113539923269,-0.017315994228173863,-0.1115499354703886,-0.15622120814213566,0.0003065555205239434,-0.003827167324743641,0.01942672024597414,2446,70000000,3.03,0,2,2,-8.87563616466708,-4.48506083831306,3.940907258370919,-8.775188212735896,-4.477007669165823,3.8004146594076,329.45304894447327
-6.024111281841859,-5.84051046147144,3.0501441756363548,-8.482513062632135,-6.5819492596281375,3.660303557719234,-0.6490732557878228,0.012252524274408918,0.014453285555862403,-0.760489899214014,-0.010772365243506136,-0.11209634556318844,-0.15268874350285003,0.00038478813166875625,-0.003151215241814498,0.01489713658884284,2446,256000000,3.13,0,2,2,-8.87563616466708,-4.48506083831306,3.940907258370919,-8.752735552486161,-4.482957170907777,3.7716860522751516,329.6606740951538
-5.937799684049354,-5.894986550396063,3.0321408228027407,-8.45894680261664,-6.579738355408177,3.631021393151588,-0.6480720672136451,0.012062346908989743,0.014725815433048031,-0.7613410837754071,-0.005399733652445452,-0.11276135659077116,-0.14910387552764792,-0.0009755664962085575,-0.0028053849518983043,0.01186216823043651,2446,422000000,3.21,0,2,2,-8.87563616466708,-4.48506083831306,3.940907258370919,-8.730015215396941,-4.490867774196891,3.743412575102979,329.9213101863861
-5.937799684049354,-5.894986550396063,3.0321408228027407,-8.440151176647985,-6.577228351768345,3.608126200792209,-0.6474427171021184,0.011929877972052466,0.014914872807030738,-0.7618747617897235,-0.0019150246307054763,-0.11306856682367365,-0.14614267136624495,-0.0006063114483367826,-0.002432959195175499,0.00936843589443015,2446,624000000,3.29,0,2,2,-8.87563616466708,-4.48506083831306,3.940907258370919,-8.704420259124714,-4.501700771074176,3.7125173483725162,330.11294436454773
-5.85011479445928,-5.9490979171324465,3.018100476464131,-8.42373763848781,-6.57460077406311,3.588461503326922,-0.6469870657518257,0.01185950706965885,0.015096484111709454,-0.7622592636428711,0.00029843054938778746,-0.11347466919875793,-0.14387354045327297,-0.001662988574935298,-0.002152650858988636,0.00790824024079484,2446,782000000,3.34,0,2,2,-8.87563616466708,-4.48506083831306,3.940907258370919,-8.683736039668304,-4.511675439760899,3.688226565294466,330.3026444911957
-5.85011479445928,-5.9490979171324465,3.018100476464131,-8.404975788092377,-6.571237620799503,3.566386154946501,-0.6465690435185328,0.011803279848345827,0.015288798223124608,-0.7626109146853614,0.002280791326202318,-0.11393302603882371,-0.141119115689808,-0.0011562992540348205,-0.0017732733226694108,0.005781523304904113,2446,935000000,3.37,0,2,2,-8.87563616466708,-4.48506083831306,3.940907258370919,-8.665484967153482,-4.521247313741213,3.6672931062777647,330.50348806381226
-5.85011479445928,-5.9490979171324465,3.018100476464131,-8.386192990402526,-6.567586697881009,3.5447613995481784,-0.6462585126257042,0.011797554477308072,0.015493065467430891,-0.7628700528199998,0.0034641201766178785,-0.11450993362921058,-0.13847302635198364,-0.0022815540205556317,-0.0014747020259164856,0.004675015998145682,2447,93000000,3.41,0,2,2,-8.87563616466708,-4.48506083831306,3.940907258370919,-8.644447204112074,-4.533054930634654,3.643740608541614,330.69752740859985
-5.761136868138604,-6.002666556337735,3.0080514120095225,-8.367361323487033,-6.563765076254088,3.5235542818442847,-0.6460066212498949,0.011804060520483132,0.01567910067394869,-0.7630794685080837,0.004209852885909417,-0.11493532874290961,-0.13596892369090569,-0.0015190574345069763,-0.0012711135696008569,0.0035840784903484746,2447,256000000,3.43,0,2,2,-8.623234471295504,-4.545687115429431,3.6205861460099715,-8.623234471295504,-4.545687115429431,3.6205861460099715,330.89686918258667
-5.761136868138604,-6.002666556337735,3.0080514120095225,-8.348509045871811,-6.559813379168693,3.5027604037067683,-0.6458147081339455,0.011792950657666218,0.01581671894624422,-0.7632392288623718,0.0048981772164131965,-0.11520402344527773,-0.13334642537449032,-0.0010122186040462111,-0.0010494836601537827,0.0028095017796658794,2447,416000000,3.45,0,2,2,-8.601850385160486,-4.558844463097931,3.597813938587854,-8.601850385160486,-4.558844463097931,3.597813938587854,331.09099411964417
-5.670951875006609,-6.055516059236666,3.0020138669173706,-8.329634198451153,-6.555779910618074,3.4823897846076424,-0.6456517413939544,0.011824201391716613,0.015986212047846726,-0.7633730792481246,0.004886319819595379,-0.11559102755685013,-0.13082371916925326,-0.0023262063677975675,-0.0010210764912699233,0.0026071633783431025,2447,572000000,3.47,0,2,2,-8.601850385160486,-4.558844463097931,3.597813938587854,-8.580361364967255,-4.5717490815526025,3.575405465140691,331.2847499847412
-5.670951875006609,-6.055516059236666,3.0020138669173706,-8.303582122912607,-6.550260866834699,3.455052847372491,-0.645439545214586,0.011865307063897997,0.016204613347156883,-0.7635472601402855,0.00454732890715673,-0.11627468306999914,-0.12730034238128535,0.0015772170172567712,-0.000643924352061731,0.00174934576762098,2447,731000000,3.49,0,2,2,-8.558953439377959,-4.582527860801603,3.5533645644359866,-8.558953439377959,-4.582527860801603,3.5533645644359866,331.55877685546875
-5.670951875006609,-6.055516059236666,3.0020138669173706,-8.279643989204757,-6.545266905262969,3.4309026583041455,-0.6455214978245463,0.01166134205226569,0.015924670026402098,-0.7634870096029431,0.0041244837255430085,-0.11813917921572688,-0.12398751366635086,0.0034490147527321824,0.0007644863671885105,-0.0027798901555797784,2447,953000000,3.51,0,2,2,-8.529737124354975,-4.592268906354105,3.5236001329411692,-8.529737124354975,-4.592268906354105,3.5236001329411692,331.787406206131
-5.579651309521315,-6.10747204950958,3.0,-8.259945276051448,-6.5432865802902676,3.4119012040083043,-0.6459234118623337,0.011633217113928186,0.01542324703806945,-0.7631577410460465,-0.019406782775430054,-0.11925751167783989,-0.12303073375570925,0.004933762465952896,0.005571787050939747,-0.008998982320918003,2448,137000000,3.51,0,2,2,-8.529737124354975,-4.592268906354105,3.5236001329411692,-8.503525503937047,-4.5952162516317125,3.4971501347303207,332.0081572532654
-5.579651309521315,-6.10747204950958,3.0,-8.22875854115952,-6.5485051473743106,3.383548985194862,-0.6470734612933504,0.012004456974716771,0.014341144837984954,-0.7621982421045859,-0.06494834778821651,-0.12089358935972863,-0.12256515922519613,0.00417505216319114,0.009504228910373058,-0.0150038486935955,2448,311000000,3.47,0,2,2,-8.529737124354975,-4.592268906354105,3.5236001329411692,-8.482779673925634,-4.593733221073429,3.476428566856555,332.2910144329071
-5.487331982763328,-6.158362612132099,3.0020138669173706,-8.195496630545206,-6.56403373159704,3.3552983747875067,-0.6484475903754101,0.01266853303548004,0.013229731013415137,-0.7610388984962371,-0.10022810543834512,-0.1228754720738747,-0.12188698619612064,0.0023507739115302684,0.009362938726553693,-0.011775285747717135,2448,543000000,3.37,0,2,2,-8.529737124354975,-4.592268906354105,3.5236001329411692,-8.451937201679556,-4.586126951671197,3.446125958265121,332.62138986587524
-5.487331982763328,-6.158362612132099,3.0020138669173706,-8.164065247250445,-6.58257461332998,3.329817344897345,-0.6488926287870999,0.013195989312686783,0.012513421133043627,-0.7606626298585816,-0.1068291454764203,-0.12394676944005154,-0.11929283470455754,5.1686641810988476e-05,0.0057276531151728705,0.002151590229004796,2448,778000000,3.26,0,2,2,-8.529737124354975,-4.592268906354105,3.5236001329411692,-8.42128612386919,-4.573233088973413,3.416802138619263,332.89809226989746
-5.394095797442429,-6.208018714056558,3.0080514120095216,-8.141204959103243,-6.59541382153668,3.311835560347327,-0.6482079504839812,0.013397024224794794,0.012376614310007816,-0.7612448962649917,-0.09683880534496699,-0.12440031626872794,-0.11574226535334117,-0.00023547814294033742,0.001520509681540716,0.017042687795765232,2448,998000000,3.24,0,2,2,-8.529737124354975,-4.592268906354105,3.5236001329411692,-8.393175143830252,-4.557745783214441,3.390674869102314,333.10116147994995
-5.300049506402166,-6.256274615650105,3.018100476464131,-8.1157609807469,-6.607806564813585,3.292317367978139,-0.6464862192693183,0.013357378803593133,0.0124236009034407,-0.7627075474039523,-0.0843084357828854,-0.12427494142055755,-0.1112802044532244,9.653465653514104e-05,-0.0015116551594474004,0.03147977949993219,2449,173000000,3.34,0,2,2,-8.529737124354975,-4.592268906354105,3.5236001329411692,-8.37254854515724,-4.546756067808959,3.372201075297113,333.3140399456024
-5.300049506402166,-6.256274615650105,3.018100476464131,-8.090662094383907,-6.61795844299421,3.2736117728235885,-0.6439609186424311,0.013188429364307403,0.012646387831198013,-0.7648401594234717,-0.07353358879280995,-0.12416214523152809,-0.10665086669984496,-0.0006549078022999311,-0.0029220520900707925,0.04048985028930474,2449,353000000,3.54,0,2,2,-8.529737124354975,-4.592268906354105,3.5236001329411692,-8.348989797809924,-4.537287259254383,3.3520563072046743,333.52351450920105
-5.300049506402166,-6.256274615650105,3.018100476464131,-8.06578915213646,-6.626229496580948,3.2557203400405057,-0.6411047685166777,0.01299929622779779,0.012969553527052933,-0.7672336572153673,-0.06509731968998356,-0.12461308902739351,-0.1021482340163995,-0.0013515780779016495,-0.003276562301834929,0.041805353976087645,2449,517000000,3.86,0,2,2,-8.529737124354975,-4.592268906354105,3.5236001329411692,-8.324920412378393,-4.532221085705954,3.3326089327412265,333.73973965644836
-5.205304455247262,-6.30296827183162,3.0321408228027407,-8.046529763665006,-6.631575196661368,3.2423597414913337,-0.6389535982824056,0.01282577856811156,0.013199761716507961,-0.7690250743224926,-0.05957795867792992,-0.12502490611743258,-0.09867487954918806,-0.0006912584012752632,-0.003252192254876718,0.03873641544487327,2449,698000000,4.23,0,2,2,-8.300385092701829,-4.531506239262261,3.3138682905544736,-8.300385092701829,-4.531506239262261,3.3138682905544736,333.94968581199646
-5.205304455247262,-6.30296827183162,3.0321408228027407,-8.021872886763159,-6.637248471070111,3.225869930656524,-0.6364409027212251,0.012575751722528835,0.01343323056248523,-0.7711059435179192,-0.053480019542858935,-0.12542411184336458,-0.09442805336284145,0.00012140904317448076,-0.0029888305562053574,0.03396780630282592,2449,853000000,4.52,0,2,2,-8.300385092701829,-4.531506239262261,3.3138682905544736,-8.280985672054063,-4.533668412740422,3.2997985284327354,334.1574127674103
-5.109976309765509,-6.347941721880122,3.050144175636352,-8.00003461103062,-6.641353933997631,3.211852268494257,-0.6344599516212692,0.012403847775960068,0.013655480434633266,-0.7727355577448127,-0.049399919873769876,-0.12597418706815672,-0.09063092411239002,-0.0009214858437189832,-0.00269798067620286,0.030761370362597518,2450,21000000,4.86,0,2,2,-8.25569940930124,-4.539510347865757,3.282353462033625,-8.25569940930124,-4.539510347865757,3.282353462033625,334.36349177360535
-5.109976309765509,-6.347941721880122,3.050144175636352,-7.978218496810443,-6.6447600683349455,3.198428542390986,-0.6326515651998351,0.012254605090826952,0.013859167826749709,-0.7742155676369576,-0.04609128903686825,-0.1265936879781811,-0.08702975553425787,-0.0006300912730239361,-0.002356939967285143,0.028032841146341525,2450,185000000,5.14,0,2,2,-8.25569940930124,-4.539510347865757,3.282353462033625,-8.232901886443086,-4.547231776719081,3.2674630212913947,334.5575144290924
-5.01418476886208,-6.391041466920087,3.0720742786082917,-7.95636962414144,-6.647568580275506,3.185590166784009,-0.6310991447369815,0.01202108667564102,0.013861011115370742,-0.7754851612753443,-0.04330547862782512,-0.12780878460699233,-0.08324867910555984,0.0028977352485526353,-0.0012746718653033895,0.02220873320766259,2450,350000000,5.39,0,2,2,-8.25569940930124,-4.539510347865757,3.282353462033625,-8.209858399672575,-4.556952713311309,3.2531313246611147,334.74972224235535
-5.01418476886208,-6.391041466920087,3.0720742786082917,-7.937165047781462,-6.649593169261852,3.1748541918042434,-0.6300229822943715,0.01180823385393167,0.013743406568082348,-0.7763650727396623,-0.041161064118087495,-0.12897083461283274,-0.07991181820461599,0.0033926548439922044,-0.00070410430339507,0.017958716489374638,2450,503000000,5.62,0,2,2,-8.25569940930124,-4.539510347865757,3.282353462033625,-8.186598347886306,-4.568394345326786,3.239345509459004,334.94204211235046
-5.01418476886208,-6.391041466920087,3.0720742786082917,-7.915099908239334,-6.651493271716779,3.1631526129748604,-0.6290243208143167,0.011603019996892984,0.013588838886518632,-0.7771802347002628,-0.039348368203225834,-0.130478233244915,-0.0760776650208737,0.002910316243287525,-0.000309026890477071,0.01466498260924709,2450,656000000,5.83,0,2,2,-8.163075908128286,-4.581355994698454,3.226103422010091,-8.163075908128286,-4.581355994698454,3.226103422010091,335.13097977638245
-4.918053263767082,-6.432118834125037,3.097886967409692,-7.892878301221914,-6.653060902089113,3.1520591811087884,-0.6281926776408875,0.011431113056884178,0.013431392836233534,-0.7778578836131516,-0.03801147863774613,-0.13178104678771613,-0.07231514186302446,0.0028430975135051995,-0.0001214597176613097,0.01240908295585541,2450,806000000,5.92,0,2,2,-8.163075908128286,-4.581355994698454,3.226103422010091,-8.142288403530722,-4.593764896833164,3.214956690573367,335.32981300354004
-4.918053263767082,-6.432118834125037,3.097886967409692,-7.87054498418732,-6.654355713233243,3.141554833966143,-0.6274797107339514,0.011259009267081628,0.013252981073933114,-0.7784386975351458,-0.036794631258136035,-0.13278633314208493,-0.06865856839619858,0.0031407568940267083,-4.1258963179302555e-05,0.01078621253327583,2450,965000000,6.04,0,2,2,-8.118281911857267,-4.609015567407246,3.2027376430524837,-8.118281911857267,-4.609015567407246,3.2027376430524837,335.52393436431885
-4.821708644319341,-6.471030326718811,3.1275302587205234,-7.848090706402241,-6.6554273890609315,3.131640275238207,-0.6268647529101873,0.011093793911090003,0.013065705922821809,-0.7789395333556041,-0.03613914699295949,-0.13414150017575538,-0.06483265861402875,0.003055190245504491,0.00010010372335500506,0.009158231659966987,2451,124000000,6.14,0,2,2,-8.118281911857267,-4.609015567407246,3.2027376430524837,-8.094065673498013,-4.6249530546471584,3.1910540339944085,335.719366312027
-4.821708644319341,-6.471030326718811,3.1275302587205234,-7.825473137631106,-6.656345804511126,3.122323533148232,-0.6263376012825089,0.01092903792875718,0.012860541310229354,-0.7793692140614948,-0.035654287636879424,-0.13528228958109106,-0.0612075093710792,0.0033252774073844193,0.00017620259313844144,0.007996765361895086,2451,290000000,6.23,0,2,2,-8.069731830424212,-4.640761491807284,3.1798774827868463,-8.069731830424212,-4.640761491807284,3.1798774827868463,335.9254491329193
-4.821708644319341,-6.471030326718811,3.1275302587205234,-7.80556668425673,-6.657055773517391,3.1146459184356443,-0.6259262938240727,0.01080376406777759,0.012694757819720005,-0.7797040441767163,-0.035577542994252156,-0.13634542901927899,-0.05787591086124324,0.002731497079366818,0.0002568535109048753,0.007213443450382329,2451,442000000,6.31,0,2,2,-8.04539373529439,-4.655360188020077,3.169186791667006,-8.04539373529439,-4.655360188020077,3.169186791667006,336.114741563797
-4.725280853168204,-6.507637958894582,3.160944454897095,-7.782655296888954,-6.6578148604806575,3.106442173736008,-0.6254998555715894,0.01067162793262983,0.01251041577749646,-0.7800509832916449,-0.03566864384267613,-0.13754788707304189,-0.054131178334610085,0.0028878260309284087,0.00026142503486425994,0.006596689445359516,2451,597000000,6.44,0,2,2,-8.04539373529439,-4.655360188020077,3.169186791667006,-8.021100625737693,-4.667533988926335,3.1589872965984664,336.31273436546326
-4.725280853168204,-6.507637958894582,3.160944454897095,-7.753819227942671,-6.658702359798747,3.097008389385264,-0.6250112070307771,0.010478856763865388,0.012249959484738221,-0.7804493085008631,-0.03570714040835613,-0.13858084473784366,-0.0495765628808795,0.0033128688073702506,0.0001895737270274367,0.0060739399486919865,2451,756000000,6.43,0,2,2,-7.999887349553474,-4.6757293004375695,3.1504697919344284,-7.999887349553474,-4.6757293004375695,3.1504697919344284,336.5521023273468
-4.725280853168204,-6.507637958894582,3.160944454897095,-7.721848605760113,-6.659661416826134,3.0876971317857786,-0.6245040940403115,0.010275590192689818,0.011970410906749785,-0.7808621888885419,-0.0365428468097053,-0.14010773793003448,-0.04441115549724519,0.003179444729539682,0.00029540435093622364,0.005810194397781743,2451,952000000,6.51,0,2,2,-7.999887349553474,-4.6757293004375695,3.1504697919344284,-7.969621795902031,-4.68280081897212,3.138995113592946,336.8037009239197
-4.628902588772864,-6.541809574814725,3.1980622641951624,-7.695450292541777,-6.660668272735039,3.0808800755419883,-0.62411495906055,0.010121461255578185,0.011728959122368678,-0.7811789202332623,-0.03871452979174464,-0.14095666291679568,-0.040538615155308426,0.0030447353310592007,0.0004892926824595634,0.005433375190477818,2452,159000000,6.61,0,2,2,-7.999887349553474,-4.6757293004375695,3.1504697919344284,-7.936294904379848,-4.684800034104638,3.1272324305785135,337.028368473053
-4.628902588772864,-6.541809574814725,3.1980622641951624,-7.665947413426172,-6.661956962764983,3.0740892437539635,-0.623708362172338,0.009933952773044857,0.01145028468208958,-0.7815101320643907,-0.038966580024172096,-0.14163462791897488,-0.03643474920492374,0.0032453873473059502,0.000246583914531584,0.005132323121870286,2452,351000000,6.69,0,2,2,-7.908854924843233,-4.682648727277658,3.1182599905211106,-7.908854924843233,-4.682648727277658,3.1182599905211106,337.2632896900177
-4.532708958112899,-6.573419150899704,3.2388089362865227,-7.636278544776881,-6.663262968876618,3.0681448956911086,-0.6232394323653176,0.009749999202626342,0.01120329651804814,-0.7818900393326633,-0.03963301683725495,-0.14271672398097315,-0.03198536743033415,0.002959403923341597,0.00014909359151715762,0.006613326604565373,2452,554000000,6.79,0,2,2,-7.878293769571272,-4.676914404194454,3.109055380610316,-7.878293769571272,-4.676914404194454,3.109055380610316,337.5097146034241
-4.532708958112899,-6.573419150899704,3.2388089362865227,-7.609351359284116,-6.664955777853858,3.0634962272797956,-0.6227627566990674,0.009593906169198075,0.010932262756052646,-0.7822755214526576,-0.04512490220884876,-0.1430186579054275,-0.028464803003289872,0.003356276010890724,0.000899477089433276,0.006965943930481444,2452,751000000,6.9,0,2,2,-7.84792925902754,-4.668229825189136,3.1008761097167468,-7.84792925902754,-4.668229825189136,3.1008761097167468,337.7311222553253
-4.436837120055821,-6.602347080661456,3.2831024127962647,-7.582197753823383,-6.667195027226091,3.0595153156153634,-0.6222789762570737,0.009451885225900155,0.010661813538817183,-0.782665869516608,-0.04636932945122725,-0.14398038980103917,-0.024376954171162004,0.003237240207454306,0.0005531090721433429,0.006819727786933072,2452,933000000,7.0,0,2,2,-7.84792925902754,-4.668229825189136,3.1008761097167468,-7.82068177231615,-4.658953834028294,3.0943808145181477,337.950049161911
-4.436837120055821,-6.602347080661456,3.2831024127962647,-7.560965852305644,-6.6689460455957015,3.0569162341810894,-0.6219045318370099,0.009309239899410815,0.010449738820095087,-0.7829680033639156,-0.04635835385635877,-0.1446110805685627,-0.02130238914102355,0.0037205702255960205,0.0002508300724457513,0.006930781455594115,2453,107000000,7.11,0,2,2,-7.793229891086794,-4.6511930251940345,3.0887602496019864,-7.793229891086794,-4.6511930251940345,3.0887602496019864,338.1406018733978
-4.341425920357565,-6.628480441385833,3.3308534925573894,-7.536600174991757,-6.670893880466247,3.0544666104100484,-0.6214479163089744,0.009147541607439648,0.010235672393930957,-0.783335203350659,-0.04647017535133648,-0.14557518216281964,-0.01763642619077832,0.0030736148119103746,0.00017103740503898734,0.007902210290922085,2453,254000000,7.18,0,2,2,-7.771533933214619,-4.648599627386436,3.0849715504983037,-7.771533933214619,-4.648599627386436,3.0849715504983037,338.3327085971832
-4.341425920357565,-6.628480441385833,3.3308534925573894,-7.512093410475311,-6.672808203792314,3.0526094065092715,-0.6209232830815096,0.008987460964775656,0.010025855287602229,-0.7837556917167735,-0.04663391693958463,-0.1463579430819755,-0.013915413628023376,0.003392693633941235,0.00018152919665226364,0.008781487304077018,2453,410000000,7.27,0,2,2,-7.746325664401699,-4.6493294204814735,3.0813096982376225,-7.746325664401699,-4.6493294204814735,3.0813096982376225,338.52803230285645
-4.24661551929798,-6.651713242019724,3.381966011250106,-7.487457307274055,-6.674701927549821,3.0513570463889685,-0.6203638380320625,0.008835716709333162,0.00982545340293538,-0.7842028430436782,-0.04707645203290059,-0.14744296481236574,-0.009898287934893852,0.0029945279493404087,0.00019023712809485005,0.009030626188177848,2453,564000000,7.37,0,2,2,-7.746325664401699,-4.6493294204814735,3.0813096982376225,-7.720743146157481,-4.653561863906963,3.0783257576588103,338.72621750831604
-4.24661551929798,-6.651713242019724,3.381966011250106,-7.462651233084429,-6.676601305897965,3.050736423333905,-0.6198060821002311,0.008678505687514595,0.00961668709179596,-0.7846480889290253,-0.04754935515839878,-0.14835669623086595,-0.006046853537228039,0.003338362489557767,0.00019339088623837597,0.00878289893080364,2453,721000000,7.47,0,2,2,-7.746325664401699,-4.6493294204814735,3.0813096982376225,-7.694864255013828,-4.660817565654562,3.0759773084969093,338.9216456413269
-4.24661551929798,-6.651713242019724,3.381966011250106,-7.43768610353579,-6.6785233007463525,3.050749199822179,-0.6192564380381221,0.00853080598709171,0.009418103850074012,-0.785085975302971,-0.048285711500049615,-0.1494709103686474,-0.0017772880212120119,0.0029697736408706987,0.00020464216561322246,0.008827039982861606,2453,884000000,7.56,0,2,2,-7.746325664401699,-4.6493294204814735,3.0813096982376225,-7.668698551940704,-4.670389763618097,3.074271875890003,339.11361169815063
-4.152547012978052,-6.671946651671,3.436337035063939,-7.412541861256474,-6.680485857413425,3.0514263263835963,-0.6187065708938309,0.008367651741299848,0.009202168168165263,-0.7855236989665799,-0.04893075692101314,-0.1504199036976725,0.0022240410611126145,0.0035075028108622064,0.00015013123402241035,0.008730703029868891,2454,44000000,7.66,0,2,2,-7.746325664401699,-4.6493294204814735,3.0813096982376225,-7.642302794898445,-4.6802845865763345,3.0731684356579994,339.307603597641
-4.152547012978052,-6.671946651671,3.436337035063939,-7.384084535082893,-6.682724291751297,3.052895325102706,-0.6180939621395247,0.008152302838819424,0.00892856145453293,-0.7860112433772437,-0.049538204250526366,-0.1512981993225381,0.006238445785476651,0.003906258280039765,6.647244106261496e-05,0.008689675178175094,2454,208000000,7.76,0,2,2,-7.615757075349417,-4.6877520061425955,3.072611347668479,-7.615757075349417,-4.6877520061425955,3.072611347668479,339.52987027168274
-4.152547012978052,-6.671946651671,3.436337035063939,-7.355455018327376,-6.68500911539351,3.055123030793413,-0.6174019165076364,0.007961226896007565,0.008685055274601672,-0.786559636756098,-0.05040775007854287,-0.15220126197417366,0.010865927455607518,0.0032648916203470435,0.0001497732881716729,0.010730747635534499,2454,393000000,7.88,0,2,2,-7.615757075349417,-4.6877520061425955,3.072611347668479,-7.585666763482279,-4.692438367395191,3.072711438421787,339.75174379348755
-4.059362049326308,-6.689089208183685,3.4938570679927743,-7.329864141306434,-6.687091673783063,3.0577666580131893,-0.6166968834448172,0.007779118355492796,0.00845209805961723,-0.7871168917673226,-0.05112665817855725,-0.15287598863131632,0.014621105039032203,0.0037484442600543844,0.00011412856508741243,0.011573458596103592,2454,561000000,8.03,0,2,2,-7.615757075349417,-4.6877520061425955,3.072611347668479,-7.55532506795678,-4.693469285347123,3.0735413609936293,339.95171070098877
-4.059362049326308,-6.689089208183685,3.4938570679927743,-7.30415933870947,-6.6892097950053415,3.060970151656639,-0.6159564469111041,0.007552789303543188,0.008173865639464862,-0.7877015924846744,-0.05176273749233692,-0.15343949013704955,0.018071619593208108,0.004664846028390457,-1.3772739038131476e-05,0.011949767304031411,2454,724000000,8.19,0,2,2,-7.615757075349417,-4.6877520061425955,3.072611347668479,-7.5280704356661525,-4.691750626686937,3.0749473618662746,340.1461820602417
-3.9672024398808325,-6.703057006306124,3.5544102723452102,-7.278333145857652,-6.691365250746179,3.0647272879839043,-0.6152201061958447,0.007320781218853082,0.007892259176909928,-0.7882818907851452,-0.052572702902671894,-0.15420988795989718,0.02182822309735224,0.004437967800186016,4.705672260740812e-05,0.011441211336205015,2454,887000000,8.37,0,2,2,-7.615757075349417,-4.6877520061425955,3.072611347668479,-7.500528215779356,-4.687928656853938,3.0769571771098634,340.33856320381165
-3.9672024398808325,-6.703057006306124,3.5544102723452102,-7.252367163436617,-6.693566539586983,3.069069219859669,-0.6145171470795726,0.0070727145207447875,0.007583151241260816,-0.788835311374778,-0.05326286590054158,-0.15485948540913178,0.025489642218545876,0.005106647131469799,3.743461540750559e-05,0.010988744998030597,2455,43000000,8.55,0,2,2,-7.615757075349417,-4.6877520061425955,3.072611347668479,-7.472622754835378,-4.682330434240607,3.079633370857331,340.5351631641388
-3.8762097684280574,-6.713773865026728,3.6178747020262714,-7.229535821245632,-6.6955218101108835,3.0733520817788915,-0.6138907070543353,0.006860336355372898,0.007315308315576563,-0.7893273223711867,-0.053947426069605287,-0.15564332961079866,0.029029676981152424,0.004723432402897743,0.00011026742399167233,0.01189188105854555,2455,207000000,8.74,0,2,2,-7.615757075349417,-4.6877520061425955,3.072611347668479,-7.444367645552406,-4.675564277790021,3.082960585950113,340.728529214859
-3.8762097684280574,-6.713773865026728,3.6178747020262714,-7.2032855689648505,-6.697791664323324,3.078832696560865,-0.6131153388491408,0.006619232851298996,0.007006123703439816,-0.7899346056826575,-0.05470266480117727,-0.15649351172636844,0.032865733431867744,0.005036800484958803,9.81995007975911e-05,0.012599710589711322,2455,354000000,8.91,0,2,2,-7.615757075349417,-4.6877520061425955,3.072611347668479,-7.419401936790754,-4.669334703851329,3.086377409739357,340.9311258792877
-3.8762097684280574,-6.713773865026728,3.6178747020262714,-7.176865491117619,-6.700093792658172,3.08492823197498,-0.61226790282608,0.006394823495266247,0.006717171638120918,-0.7905959783648042,-0.05556185315488064,-0.15754527231970197,0.037097587453846954,0.004290138031137758,0.00015680820837360443,0.014393584569916129,2455,511000000,9.11,0,2,2,-7.390672534750358,-4.664127641031477,3.090922639873829,-7.390672534750358,-4.664127641031477,3.090922639873829,341.1311151981354
-3.786524997592367,-6.721171473709559,3.6841225481205733,-7.150257780882849,-6.702431046167811,3.0916877525092192,-0.6113173582166119,0.006171058352912802,0.006426683570714158,-0.791335392434933,-0.056401458026944386,-0.15839031661502898,0.04115389046150157,0.004678994173445972,0.00012077771316398866,0.015500056360906456,2455,671000000,9.31,0,2,2,-7.390672534750358,-4.664127641031477,3.090922639873829,-7.361841304413776,-4.66227075941015,3.0960990581245738,341.3290503025055
-3.786524997592367,-6.721171473709559,3.6841225481205733,-7.123510597263616,-6.704792467771984,3.099034222099403,-0.6103242822462731,0.005915349433773491,0.006103139234511296,-0.7921060729682181,-0.05708438150343816,-0.1589835052877107,0.04466186771838368,0.00532480939909874,3.3176218039443484e-05,0.01582445765961893,2455,828000000,9.51,0,2,2,-7.390672534750358,-4.664127641031477,3.090922639873829,-7.3329525192696146,-4.664275095523555,3.101899271536903,341.53020095825195
-3.6982880744793807,-6.725189516720688,3.7530203962825284,-7.093263692117636,-6.707460882220058,3.107974094876981,-0.6093065722510446,0.00564623372236184,0.005768215442564899,-0.7928936553832696,-0.05783756280219047,-0.15986291008650935,0.04908111156447233,0.004463484447114752,1.2037950991583557e-05,0.012620356392289978,2455,995000000,9.71,0,2,2,-7.390672534750358,-4.664127641031477,3.090922639873829,-7.303997530063101,-4.669833351013927,3.1083533206682827,341.72296500205994
-3.6982880744793807,-6.725189516720688,3.7530203962825284,-7.069615013587289,-6.70954507208728,3.1154558700238058,-0.6086640401274739,0.005429342231078052,0.005500227743296977,-0.7933904183902212,-0.05832438190522615,-0.1603889578242775,0.05227694756392728,0.005016509476263309,-8.200054821827507e-05,0.01087928485503653,2456,158000000,9.9,0,2,2,-7.390672534750358,-4.664127641031477,3.090922639873829,-7.271363775017309,-4.679690011624447,3.1163748080677998,341.9168939590454
-3.6982880744793807,-6.725189516720688,3.7530203962825284,-7.042463710400917,-6.711934938506837,3.124550117977844,-0.6079755032491153,0.005193544409405,0.005210360643382824,-0.7939217006024072,-0.0589123626479362,-0.1612802637549659,0.05626353945534163,0.00443594622083765,4.354511273785278e-06,0.011252468812017469,2456,302000000,10.03,0,2,2,-7.390672534750358,-4.664127641031477,3.090922639873829,-7.245924227139601,-4.689564111279382,3.1231946609794203,342.1111626625061
-3.6116375364826183,-6.725775776295651,3.8244294954150577,-7.018563265047723,-6.714028620123998,3.133014577895532,-0.6073364681122101,0.004977934372194098,0.004935923484288373,-0.7944137909992056,-0.05941447200949187,-0.16206637778426877,0.05952516492338369,0.00519017517035536,1.6663244473136274e-05,0.011715445270965574,2456,461000000,10.16,0,2,2,-7.390672534750358,-4.664127641031477,3.090922639873829,-7.216817116410578,-4.702678979485766,3.131540109691064,342.3001163005829
-3.6116375364826183,-6.725775776295651,3.8244294954150577,-6.991113491083731,-6.716413315358846,3.1431938276176568,-0.6065840198793946,0.004712326393985363,0.00459963893444877,-0.7949921157650452,-0.05981257256599663,-0.16269870800464487,0.06285726654316912,0.005423751008493127,-3.348788055745899e-05,0.011972433640039526,2456,616000000,10.37,0,2,2,-7.390672534750358,-4.664127641031477,3.090922639873829,-7.187695923091572,-4.715463882622747,3.140577267224054,342.4969758987427
-3.6116375364826183,-6.725775776295651,3.8244294954150577,-6.963543745463254,-6.718775009171706,3.153904747026037,-0.6057757487063683,0.004445622152720967,0.004262463384539987,-0.7956115950190831,-0.060247946405562525,-0.16343929790681763,0.06662202879644435,0.005297309053275967,1.672588432199973e-05,0.013698746442969423,2456,768000000,10.4,0,2,2,-7.390672534750358,-4.664127641031477,3.090922639873829,-7.1622335872148435,-4.72506995727527,3.1490565677144895,342.69006299972534
-3.5267101183659015,-6.722886213458185,3.898206037095796,-6.932356927403663,-6.7214047573658675,3.166644597563068,-0.6047437558450153,0.0041442907999194745,0.0038686037885860797,-0.7963999300131543,-0.060759430810412504,-0.16422054854328422,0.0705525380962743,0.005458911300593172,0.00010668791929902,0.014913073391653597,2456,925000000,10.55,0,2,2,-7.133201275659996,-4.733011751121969,3.1593666131768683,-7.133201275659996,-4.733011751121969,3.1593666131768683,342.91150736808777
-3.5267101183659015,-6.722886213458185,3.898206037095796,-6.901033058144368,-6.723988012740503,3.1799963035464707,-0.6036558493782309,0.003829303520592888,0.0034624990896740004,-0.7972283004547991,-0.061050281054654584,-0.16466945303810188,0.07380695506006954,0.005522299534277408,-5.986463520457619e-05,0.01538509750389494,2457,101000000,10.73,0,2,2,-7.133201275659996,-4.733011751121969,3.1593666131768683,-7.100629389052886,-4.737895878022284,3.1717096203032873,343.14784264564514
-3.4436403617338742,-6.716485026860802,3.9742014451881857,-6.866045339149877,-6.7269628948598585,3.1955652376195025,-0.6023159492375136,0.003491524333920351,0.002993495157513446,-0.798244539936654,-0.06322002104090019,-0.1652501473436185,0.07822610489625703,0.005573106409428874,0.00036213019143360725,0.01784304367902223,2457,292000000,10.93,0,2,2,-7.133201275659996,-4.733011751121969,3.1593666131768683,-7.067985253486592,-4.738909717577778,3.184983299736399,343.37098932266235
-3.4436403617338742,-6.716485026860802,3.9742014451881857,-6.83438518629561,-6.729709657435518,3.2102533074667723,-0.6010062457204002,0.0031955638438961906,0.002575933318600986,-0.7992337865382866,-0.06349315751044277,-0.16576647343058204,0.08166312960651971,0.0054424855079560075,0.00014598271462773482,0.018498733879823703,2457,481000000,11.18,0,2,2,-7.133201275659996,-4.733011751121969,3.1593666131768683,-7.0314129310036515,-4.736251366475356,3.201019195511523,343.58908915519714
-3.3625602280003974,-6.7065446894783225,4.052262675053997,-6.806134783923938,-6.732071350748245,3.223858007050106,-0.5999692392850615,0.0030005561132761885,0.002326562735000897,-0.8000140596768006,-0.06364728877364448,-0.16637368893177246,0.08536484563445311,0.0035968594829682843,-0.00013070215629795712,0.01450266718165949,2457,666000000,11.43,0,2,2,-7.133201275659996,-4.733011751121969,3.1593666131768683,-6.99813820709452,-4.731070987013422,3.2165901104519654,343.77996039390564
-3.3625602280003974,-6.7065446894783225,4.052262675053997,-6.777785910244365,-6.734351677463143,3.237999707967247,-0.5991161656175057,0.002791279186958833,0.0020771586501002587,-0.8006545536423433,-0.06365323723279726,-0.16685492945923439,0.08852385843100204,0.0042033598674606765,-0.00019839035445556874,0.012539376075437758,2457,821000000,11.65,0,2,2,-7.133201275659996,-4.733011751121969,3.1593666131768683,-6.968195631439859,-4.724663620365842,3.231398651195735,343.9771168231964
-3.3625602280003974,-6.7065446894783225,4.052262675053997,-6.749341611632896,-6.736542772757925,3.252655445205119,-0.5983023356808848,0.0025738643419129137,0.001812677657803003,-0.8012642538768693,-0.06362981602840964,-0.16754639596047885,0.09218177507269536,0.0042461381326575065,-0.0001167521091360868,0.013100664637022419,2457,986000000,11.85,0,2,2,-6.937920971760276,-4.717348069381131,3.246997185107093,-6.937920971760276,-4.717348069381131,3.246997185107093,344.17577385902405
-3.2835987159577487,-6.693045963146028,4.132232521764888,-6.720784526066565,-6.738643865965866,3.267865120933394,-0.5974513333547816,0.002334963243983308,0.0015122922395379636,-0.8019003461724062,-0.06368697636400758,-0.1681064720301894,0.0955139428535254,0.004960446813129238,-0.00011775416055570531,0.013371358727454208,2458,144000000,12.04,0,2,2,-6.937920971760276,-4.717348069381131,3.246997185107093,-6.907492854136956,-4.712721689296851,3.26301970059779,344.3747308254242
-3.2835987159577487,-6.693045963146028,4.132232521764888,-6.692151636523392,-6.740668985779742,3.283536325016619,-0.5965853911388647,0.0020801023104743428,0.0011962057558566868,-0.8025460194567383,-0.06369295444849865,-0.16833451486511158,0.09825131582706503,0.005001165845897049,-0.0002113886949928201,0.01363213332297164,2458,304000000,12.22,0,2,2,-6.937920971760276,-4.717348069381131,3.246997185107093,-6.8769956770714025,-4.712249089979827,3.279355337770797,344.5744559764862
-3.2068814850407197,-6.675977890994722,4.213949936692154,-6.663463572877565,-6.7426197790380265,3.2996467216955145,-0.5957839497876042,0.001888332690144403,0.0009787411783647448,-0.8031419310687485,-0.06372442668053044,-0.16873799545647847,0.10141618692699665,0.0029819433393640793,-0.0003345063532833592,0.011195778006367618,2458,468000000,12.4,0,2,2,-6.937920971760276,-4.717348069381131,3.246997185107093,-6.846444353916193,-4.715635820452745,3.2960055057770035,344.77000617980957
-3.2068814850407197,-6.675977890994722,4.213949936692154,-6.638303384151167,-6.744269444328644,3.314145344729961,-0.5952059753285891,0.0017314337752023046,0.0008146887643867534,-0.803570896282613,-0.06371812398880349,-0.1689950745936282,0.10401649544063349,0.0033380829336238094,-0.00043216780909460795,0.00959988237809739,2458,623000000,12.56,0,2,2,-6.815840418326999,-4.722387419068574,3.312967227658823,-6.815840418326999,-4.722387419068574,3.312967227658823,344.96581387519836
-3.2068814850407197,-6.675977890994722,4.213949936692154,-6.609489873025935,-6.746089116288718,3.3311641512709027,-0.5945949170984871,0.0015434555121181645,0.0006133722131201472,-0.8040237098993123,-0.06363920070979512,-0.16952230399541535,0.10741379695851028,0.0034895332873929874,-0.0002751526807287519,0.009802047316043172,2458,776000000,12.67,0,2,2,-6.815840418326999,-4.722387419068574,3.312967227658823,-6.789008607570745,-4.7306037505810385,3.3281199316230192,345.15668058395386
-3.132530485366818,-6.655337767895037,4.297250351837312,-6.580588130352138,-6.747814865722462,3.3487200341657175,-0.5939490204797733,0.0013472439443489668,0.00037860843415338225,-0.8045014621866922,-0.06344491386416946,-0.16995503900147946,0.11066182335762946,0.0039661665596213425,-0.0001842639136384605,0.01020591789711034,2458,935000000,12.8,0,2,2,-6.815840418326999,-4.722387419068574,3.312967227658823,-6.758303515452418,-4.742047228350212,3.345744992158969,345.3502697944641
-3.132530485366818,-6.655337767895037,4.297250351837312,-6.537153781979317,-6.750224855083263,3.37588492278752,-0.5929765173725603,0.0010405809873791556,7.485882354667738e-06,-0.8052190801141512,-0.06314314899940857,-0.17029186678509353,0.11481066964695834,0.0033343651239192695,-0.00024843042467637133,0.009679394679551478,2459,90000000,12.92,0,2,2,-6.727473644405088,-4.753224598795719,3.363951545917531,-6.727473644405088,-4.753224598795719,3.363951545917531,345.63037061691284
-3.060663595618906,-6.6311310890833415,4.3819660112501,-6.508127319193955,-6.751713708301863,3.3945765582181,-0.5923813637040247,0.0008756680602055153,-0.0001802263786414356,-0.8056571979819087,-0.06295591405234903,-0.17076822883897824,0.11802876380001506,0.0030177428470778977,-0.0002774745126998823,0.008952179177867947,2459,323000000,13.13,0,2,2,-6.727473644405088,-4.753224598795719,3.363951545917531,-6.680939814117641,-4.765179567240051,3.3926579692222463,345.8432848453522
-3.060663595618906,-6.6311310890833415,4.3819660112501,-6.475403097464986,-6.753282163809913,3.4161392011763665,-0.5917603154130018,0.0006729612622212386,-0.00041215519893985524,-0.8061135815463825,-0.06275776292260773,-0.17105050099431734,0.12092497084544288,0.003458399487499264,-0.00029324489787541097,0.008247288769780425,2459,496000000,13.28,0,2,2,-6.727473644405088,-4.753224598795719,3.363951545917531,-6.649663999118226,-4.768710252427456,3.4129121239345372,346.0484986305237
-2.9913942698176106,-6.603371477200641,4.467926308866647,-6.449919588715193,-6.754422440907655,3.4332708064890576,-0.5913084761733317,0.0005292477867071212,-0.0005731379254212269,-0.8064450864226721,-0.06243819675947365,-0.17129044596668846,0.12353600778221441,0.002883085812754871,-0.0002966058218589751,0.00781811331762583,2459,663000000,13.45,0,2,2,-6.727473644405088,-4.753224598795719,3.363951545917531,-6.614186695221192,-4.768861603968554,3.4367864472321856,346.23812103271484
-2.9913942698176106,-6.603371477200641,4.467926308866647,-6.417120638020384,-6.755770152467816,3.45580374828669,-0.5907581492950016,0.0003488443878237014,-0.0007744410337425841,-0.8068482432218729,-0.0620912548842518,-0.1715034936726491,0.12656482363830798,0.0030147227789711906,-0.00029662058409485326,0.0073770626386249205,2459,817000000,13.72,0,2,2,-6.727473644405088,-4.753224598795719,3.363951545917531,-6.582322428276791,-4.766100652473736,3.4590316915256087,346.43470883369446
-2.9913942698176106,-6.603371477200641,4.467926308866647,-6.391580345836578,-6.756723980106816,3.4737162272901987,-0.5903124951830402,0.00019665377594381986,-0.0009601691385382582,-0.8071742051337437,-0.06165254022095966,-0.1718735755946766,0.1294120642805561,0.0035653108398037148,-8.891972314017949e-05,0.008467971929349005,2459,980000000,13.78,0,2,2,-6.727473644405088,-4.753224598795719,3.363951545917531,-6.5504574432652545,-4.7610268526607875,3.4819852688174864,346.6260452270508
-2.9248311940096183,-6.572080588034301,4.554958132087365,-6.362346765020413,-6.757683298755974,3.494650289708748,-0.5897449362248232,1.6739372389869256e-05,-0.0012006652851225845,-0.8075886752052962,-0.061182791037665975,-0.17214990498102326,0.1323484964249651,0.0038360090456990292,-4.6102701745098784e-05,0.00889886596269207,2460,136000000,13.92,0,2,2,-6.727473644405088,-4.753224598795719,3.363951545917531,-6.522840247542088,-4.755047033461299,3.502362016966439,346.81916904449463
-2.9248311940096183,-6.572080588034301,4.554958132087365,-6.333094566959677,-6.758518289546672,3.515986974278336,-0.589171119808662,-0.000185943754299785,-0.0014691308877610302,-0.8080069298358536,-0.060717921482995575,-0.1722534729208741,0.13471571835327942,0.0043597572130238404,-0.00011679811748877,0.008817197067401139,2460,294000000,14.08,0,2,2,-6.491520455627182,-4.74724615156854,3.525893798516582,-6.491520455627182,-4.74724615156854,3.525893798516582,347.02154660224915
-2.8610779538735933,-6.537287995309999,4.642886210402717,-6.300164373279241,-6.759289153162894,3.540443622467309,-0.5884734595503793,-0.00043535825542986904,-0.0018120609856435402,-0.8085143871960361,-0.05998948872979234,-0.17261467057974053,0.13786110892113018,0.004786040562976268,0.00011896029477043157,0.010528370421525324,2460,456000000,14.23,0,2,2,-6.491520455627182,-4.74724615156854,3.525893798516582,-6.460325644777761,-4.741151669707013,3.549581657403237,347.2213044166565
-2.8610779538735933,-6.537287995309999,4.642886210402717,-6.2708565170511505,-6.759789601928129,3.562626041032979,-0.5877634329337091,-0.0006571748586457932,-0.0021388146256454536,-0.8090297525426264,-0.05932942225692014,-0.1728659486702644,0.14034182201906317,0.004837772121391026,0.00013399185121443224,0.011229434494453017,2460,618000000,14.4,0,2,2,-6.491520455627182,-4.74724615156854,3.525893798516582,-6.425282859389471,-4.738189090194675,3.576278074768439,347.42375349998474
-2.8610779538735933,-6.537287995309999,4.642886210402717,-6.2415293041648745,-6.760131476149034,3.585221910945484,-0.5871478276741511,-0.00076375762952293,-0.0022817467170396606,-0.8094761508307258,-0.0587736350455174,-0.17308972496434247,0.14337784036751888,0.0012952393717569066,-0.00022098399057313145,0.007745485800114693,2460,781000000,14.56,0,2,2,-6.491520455627182,-4.74724615156854,3.525893798516582,-6.394115300005885,-4.739653904719174,3.6000116211052458,347.6171967983246
-2.8002327142182644,-6.499031054937685,4.73153346836469,-6.212196409671089,-6.760342969071913,3.6082726121852953,-0.5867426820221104,-0.0008596555459437462,-0.00236599067201613,-0.8097695278126875,-0.05822338936322839,-0.1731694341279602,0.14596265122870686,0.0016543541846658627,-0.0004716883125865934,0.005134855746291578,2460,943000000,14.69,0,2,2,-6.491520455627182,-4.74724615156854,3.525893798516582,-6.362906070729403,-4.744553613321056,3.623795418604585,347.8085124492645
-2.8002327142182644,-6.499031054937685,4.73153346836469,-6.186544254500543,-6.76043521539542,3.628730276223903,-0.5865008662889171,-0.0009704777541260925,-0.002456597324270773,-0.8099442926182423,-0.057702190507776197,-0.17314465263643622,0.147645759899407,0.002106578290295147,-0.0005739999892284686,0.0035726593296203646,2461,108000000,14.79,0,2,2,-6.491520455627182,-4.74724615156854,3.525893798516582,-6.331666802017098,-4.752324899917922,3.647646698793364,347.99861335754395
-2.8002327142182644,-6.499031054937685,4.73153346836469,-6.157242854175984,-6.760425871234622,3.652397283053985,-0.586259718192401,-0.0011289098563342865,-0.0026104444004452897,-0.8101181728411817,-0.05694154618582394,-0.1733237395410504,0.14994469969712473,0.0032171594739338616,-0.0003364298180486003,0.004447039009392029,2461,254000000,14.86,0,2,2,-6.491520455627182,-4.74724615156854,3.525893798516582,-6.304303677097266,-4.761054278574764,3.6686400179791847,348.1910674571991
-2.742387911317235,-6.457354749170536,4.82072138219313,-6.127939474213315,-6.760256330535412,3.6764278995231536,-0.5859334900781583,-0.0013085556656193239,-0.0028297399897184326,-0.8103531486077469,-0.05609272412444237,-0.17342240880351648,0.1520850669298977,0.0036499081488727825,-0.00015640815860251678,0.005402337228588294,2461,406000000,14.93,0,2,2,-6.491520455627182,-4.74724615156854,3.525893798516582,-6.273036258206598,-4.772725011897283,3.6927396645624433,348.3882064819336
-2.742387911317235,-6.457354749170536,4.82072138219313,-6.09866550623977,-6.759934204367607,3.7007321567298983,-0.5855784601986399,-0.0014985722574812604,-0.0030801224774891786,-0.8106084961793224,-0.0553295373149436,-0.1733009787628827,0.15363603233306686,0.003946790184272686,-7.629936575881402e-05,0.005430611554402276,2461,574000000,15.02,0,2,2,-6.491520455627182,-4.74724615156854,3.525893798516582,-6.241829212787898,-4.782967992592174,3.7172490443067714,348.5831060409546
-2.687629958992159,-6.412311511189544,4.910270339298964,-6.069424307605791,-6.759453565054554,3.7252968250098104,-0.585182257725756,-0.0016938545712208769,-0.0033620095342726444,-0.8108930589119442,-0.05433001384729073,-0.17341480054794908,0.1558172030216913,0.004424093594934675,0.0002175549269622934,0.0069780101966898656,2461,735000000,15.11,0,2,2,-6.491520455627182,-4.74724615156854,3.525893798516582,-6.21072275824461,-4.790090416236236,3.742293153809609,348.77589988708496
-2.687629958992159,-6.412311511189544,4.910270339298964,-6.0292384879656105,-6.758457975725897,3.7596183996836463,-0.5845009934918085,-0.001971825217742312,-0.0038076090761184544,-0.811381662736793,-0.05289820287862226,-0.17358512555374012,0.15870477435426394,0.0048904803861660184,0.00035550617099033843,0.008187203729903558,2461,887000000,15.21,0,2,2,-6.179747741589725,-4.793339167780017,3.767906189317785,-6.179747741589725,-4.793339167780017,3.767906189317785,349.03409934043884
-2.687629958992159,-6.412311511189544,4.910270339298964,-6.000013447901857,-6.757450207420066,3.7849968935090867,-0.5839207169122739,-0.0021599487009976515,-0.00413963134586961,-0.8117972619038484,-0.051621815058414566,-0.17397786500212614,0.16127930598276627,0.004541697444437887,0.0005421778894287854,0.009405183300259523,2462,99000000,15.38,0,2,2,-6.179747741589725,-4.793339167780017,3.767906189317785,-6.137336694961898,-4.791949201032241,3.8042620518951873,349.2500476837158
-2.6360389693210795,-6.363961030678936,4.99999999999999,-5.9630675042630665,-6.758571345497544,3.8172605735044445,-0.5836729171480739,-0.002217088382556737,-0.004333782889147542,-0.8119742783074051,-0.07908617735836813,-0.16926180078763223,0.16424936059340584,0.0010218593615718419,0.0005281191477024549,-0.0026257132731188904,2462,275000000,15.52,0,2,2,-6.179747741589725,-4.793339167780017,3.767906189317785,-6.1065411502153575,-4.787326444627882,3.831568095982097,349.49005126953125
-2.6360389693210795,-6.363961030678936,4.99999999999999,-5.92137199500517,-6.7664365428806175,3.853376123449981,-0.5841234205461592,-0.002297827782316923,-0.0044443569026842555,-0.8116494300180706,-0.10719484670866816,-0.16459110735554455,0.16700650990091379,-0.0013604493574348453,-0.000638543451714213,-0.006770326444893726,2462,472000000,15.62,0,2,2,-6.179747741589725,-4.793339167780017,3.767906189317785,-6.067966783096176,-4.7786545028015235,3.866761597660547,349.75142002105713
-2.587688488810457,-6.312370041007844,5.089729660701031,-5.886619487314091,-6.776789859302413,3.8834688260775527,-0.584764879223335,-0.002258268656491398,-0.004161423676811273,-0.8111890154597604,-0.12337796957777872,-0.16218889957341917,0.1699870836891112,-0.0027552179290069034,-0.002031252938650141,-0.009970531209546607,2462,686000000,15.61,0,2,2,-6.025421819838259,-4.769359607054321,3.9062303024407923,-6.025421819838259,-4.769359607054321,3.9062303024407923,350.01753330230713
-2.587688488810457,-6.312370041007844,5.089729660701031,-5.855570237865547,-6.787094087194385,3.9105725643584432,-0.5850032159322028,-0.0024263927199144413,-0.004108778889346513,-0.8110169344122152,-0.1206591408590368,-0.1623330670872743,0.1714305822474536,0.0014882243362990266,-0.0020067075865881634,0.0015142291545089392,2462,859000000,15.55,0,2,2,-6.025421819838259,-4.769359607054321,3.9062303024407923,-5.990529111858179,-4.765394567971339,3.93870544632644,350.24096751213074
-2.542645250829466,-6.257612088682768,5.179278617806864,-5.82092243370168,-6.797273719683359,3.9413120191683064,-0.5842155848390258,-0.002702284629820863,-0.004268229886187015,-0.811582793251935,-0.10839873776776277,-0.16381141351466105,0.17307196075096704,0.0036791043839912163,-0.0009986422810470685,0.018382142116024625,2463,34000000,15.54,0,2,2,-6.025421819838259,-4.769359607054321,3.9062303024407923,-5.959496608164535,-4.765441184291981,3.967483781168499,350.45042181015015
-2.542645250829466,-6.257612088682768,5.179278617806864,-5.790506130895779,-6.8042722509076885,3.9688179215699213,-0.5826264406501667,-0.002917949950257969,-0.004536443908059531,-0.8127221769461408,-0.09688949465561045,-0.16488156397787188,0.17394660789725302,0.00434969192610879,0.000173851346119136,0.02891068343160441,2463,200000000,15.67,0,2,2,-6.025421819838259,-4.769359607054321,3.9062303024407923,-5.924570993082538,-4.769307649782817,3.99976644939367,350.6563832759857
-2.5009689450623167,-6.19976728578174,5.268466531635305,-5.756730291676936,-6.8099422307782005,3.9999562599671616,-0.5803667362099918,-0.002974233569545382,-0.0047273476195333975,-0.8143360839482181,-0.08528792477802011,-0.1659301889883226,0.17561078494331075,0.0013249548032945313,0.000829013157499503,0.031699637838755734,2463,372000000,15.91,0,2,2,-6.025421819838259,-4.769359607054321,3.9062303024407923,-5.893542433170042,-4.775568714037524,4.028370701875234,350.8649854660034
-2.5009689450623167,-6.19976728578174,5.268466531635305,-5.727075949733863,-6.813245129572129,4.027863836096687,-0.578397289892173,-0.0029776296435455925,-0.004878525784093236,-0.8157351952400174,-0.07655236696187988,-0.16656144368319456,0.17675709235535492,0.0016194543604797218,0.0009320731635398261,0.028690135150100105,2463,539000000,16.25,0,2,2,-6.025421819838259,-4.769359607054321,3.9062303024407923,-5.8587527925073895,-4.784997996789999,4.0605817584509545,351.0668818950653
-2.4627120046900064,-6.138922046126419,5.357113789597264,-5.69773259546678,-6.815130197665359,4.0559887531619365,-0.5766451186988537,-0.002991708186340759,-0.005061119972210722,-0.8169735869827981,-0.06872900113394109,-0.16735557877291185,0.17856216023581734,0.002092718023050111,0.001106197828448785,0.025270803598687053,2463,708000000,16.56,0,2,2,-6.025421819838259,-4.769359607054321,3.9062303024407923,-5.827963070143905,-4.794351721814456,4.089293483109282,351.2697043418884
-2.4627120046900064,-6.138922046126419,5.357113789597264,-5.665026759103411,-6.815769761697195,4.08794099001332,-0.5749789659238242,-0.003029175712472289,-0.005297631465755299,-0.8181454320232593,-0.06144125350081435,-0.1680638081505123,0.18015491047039306,0.002454189302625309,0.0009527451368285256,0.02027695645665517,2463,876000000,16.84,0,2,2,-6.025421819838259,-4.769359607054321,3.9062303024407923,-5.797276562590854,-4.802088780502621,4.118417137621424,351.475394487381
-2.4627120046900064,-6.138922046126419,5.357113789597264,-5.632583613800991,-6.815073298840446,4.120219281015611,-0.5736259393882034,-0.0030989584289104624,-0.005568026481217687,-0.8190925925673859,-0.05490433179403008,-0.16902461548707576,0.18252478948918696,0.0029802392646161024,0.0010243240012641763,0.016972210323729087,2464,45000000,17.12,0,2,2,-5.762878657337932,-4.806727847775476,4.151977776346527,-5.762878657337932,-4.806727847775476,4.151977776346527,351.69690227508545
-2.4279194119657,-6.075168805990385,5.44504186791263,-5.600356740115153,-6.813204723262575,4.152864908821138,-0.5725321672030157,-0.00319224437022623,-0.0058614912684066805,-0.819855090862897,-0.049442694671769497,-0.16963283845601906,0.18431376144632794,0.0032003870956032188,0.0008643978731015522,0.01322342877756455,2464,235000000,17.35,0,2,2,-5.728750946584879,-4.808943150365423,4.185895750455328,-5.728750946584879,-4.808943150365423,4.185895750455328,351.91805481910706
-2.4279194119657,-6.075168805990385,5.44504186791263,-5.564789479291805,-6.810015042940795,4.189403590720965,-0.5716387510825622,-0.003332443384641415,-0.00619290519446058,-0.8204752775112172,-0.04447411410443059,-0.1701071430220761,0.18544885876318995,0.0032063911248769728,0.0005365387039546476,0.009026132102007978,2464,412000000,17.56,0,2,2,-5.728750946584879,-4.808943150365423,4.185895750455328,-5.694920315735144,-4.808285606716667,4.220290587784755,352.13970398902893
-2.396628522799361,-6.008605730182392,5.5320736911333475,-5.5329886633638425,-6.806343118622638,4.222525161186016,-0.5712892068122087,-0.0032977325700428695,-0.006166815656790456,-0.8207190368965672,-0.04072034495799651,-0.17028691262973422,0.18709075578702714,-0.0007796569150286814,-9.790301973566784e-05,0.0019193569642084185,2464,598000000,17.73,0,2,2,-5.657561655381765,-4.8088675367348035,4.25850044739382,-5.657561655381765,-4.8088675367348035,4.25850044739382,352.40020728111267
-2.396628522799361,-6.008605730182392,5.5320736911333475,-5.490927879826012,-6.80054377491816,4.267027871891485,-0.5714487887215852,-0.0032957590322658476,-0.006079155398352072,-0.8206085934906341,-0.03641392969537428,-0.17009739094107199,0.18847482268363464,-0.00022927869878230922,-0.0004877240826317575,-0.003822900157501863,2464,789000000,17.83,0,2,2,-5.657561655381765,-4.8088675367348035,4.25850044739382,-5.624044731751167,-4.812203146461699,4.2927929878180375,352.6746666431427
-2.368868910916664,-5.939336404381105,5.61803398874989,-5.45962107466671,-6.7955833735075615,4.30070355328446,-0.5717955954194908,-0.003325075037635205,-0.006049316454844266,-0.8203670804617241,-0.033229133829864074,-0.17013114915414707,0.19017508967260793,-1.3075224458702905e-05,-0.00034569931983696733,-0.005284851067699492,2465,22000000,17.86,0,2,2,-5.579462748014026,-4.82047004087081,4.3383483698703165,-5.579462748014026,-4.82047004087081,4.3383483698703165,352.9122941493988
-2.368868910916664,-5.939336404381105,5.61803398874989,-5.428388271528757,-6.790971570847021,4.334617557368169,-0.5723653875746075,-0.003330660454432549,-0.006041733794569077,-0.8199696745979463,-0.03914967342135607,-0.16808909981521847,0.1911143014679965,-9.045560247500362e-05,0.00011136837088088214,-0.009465213224757463,2465,205000000,17.86,0,2,2,-5.579462748014026,-4.82047004087081,4.3383483698703165,-5.546135278940861,-4.827791549771489,4.37260389801402,353.1299910545349
-2.344662232104967,-5.867469514633185,5.70274964816269,-5.39675830749976,-6.790019822428734,4.368806505692521,-0.5736665114712016,-0.003068412013650845,-0.005545163614914434,-0.8190644477845805,-0.07140592673945569,-0.16086196970056382,0.19291728690251145,-0.007197726517915726,-0.0014824903473709128,-0.023596957908011973,2465,383000000,17.83,0,2,2,-5.5130630711462,-4.831283406466152,4.407277829016136,-5.5130630711462,-4.831283406466152,4.407277829016136,353.3411681652069
-2.344662232104967,-5.867469514633185,5.70274964816269,-5.357031245405265,-6.797106055175207,4.411123676079429,-0.5761827906440252,-0.0028843230952574706,-0.004725603873434852,-0.8173021112868709,-0.10904343433567928,-0.15315867810961414,0.19521647554143776,-0.006916664642631076,-0.003755016291506763,-0.03015160655195359,2465,562000000,17.68,0,2,2,-5.5130630711462,-4.831283406466152,4.407277829016136,-5.480280651995285,-4.8295694940726825,4.442505957407941,353.60495686531067
-2.3240221090052797,-5.793118514959282,5.786050063307848,-5.308961321633622,-6.815183796401872,4.461842286059482,-0.5792864275643765,-0.002955417095191726,-0.0037844405681557378,-0.8151099179614254,-0.1394362242083927,-0.1466720748179949,0.1976532985588334,-0.0017256940282095456,-0.0044205101403349545,-0.02392134520050604,2465,788000000,17.35,0,2,2,-5.5130630711462,-4.831283406466152,4.407277829016136,-5.440722235182203,-4.8209109116339475,4.486272558214696,353.9247374534607
-2.3240221090052797,-5.793118514959282,5.786050063307848,-5.260459412529294,-6.838387355493743,4.513046377652519,-0.5808996964276258,-0.003337503504452422,-0.0034709245311981118,-0.8139609059675708,-0.1431152256447516,-0.14532523822805155,0.19912061823286722,0.004321835876908153,-0.00255367142472096,-0.0025556069999765896,2466,47000000,16.9,0,2,2,-5.5130630711462,-4.831283406466152,4.407277829016136,-5.394541914941899,-4.803711372174605,4.538873491548148,354.2254078388214
-2.306954036853975,-5.716401284042254,5.867767478235114,-5.230954219465934,-6.8512238412095945,4.544698428159322,-0.5804551290717156,-0.0036353307409277033,-0.0036899004098116073,-0.8142757592730533,-0.12927072182843918,-0.14705899063570838,0.1997991311555741,0.004201702995487722,-0.000682879834812411,0.012873571267846273,2466,298000000,16.64,0,2,2,-5.348768222383548,-4.784957144884301,4.592041450820126,-5.348768222383548,-4.784957144884301,4.592041450820126,354.43278527259827
-2.306954036853975,-5.716401284042254,5.867767478235114,-5.201940672125172,-6.861437490924587,4.576366491049597,-0.5791042798556976,-0.0038723652163077747,-0.004066761677386467,-0.8152341377113108,-0.1098957417854592,-0.1495165574031042,0.1994997463977504,0.005844822226208635,0.000975734428720898,0.027168710039404687,2466,464000000,16.69,0,2,2,-5.320684755729044,-4.776756154816739,4.624456180677744,-5.320684755729044,-4.776756154816739,4.624456180677744,354.6372535228729
-2.29345531052168,-5.637439771999615,5.947737324945992,-5.170033877324774,-6.86899033039978,4.611915204318504,-0.5766433279173628,-0.004075183227759069,-0.004714582551601807,-0.8169722381827995,-0.08786336757283734,-0.15220966431615546,0.19942706545762962,0.007367458192675258,0.003099884838775324,0.038201274946914054,2466,632000000,16.87,0,2,2,-5.292646537541961,-4.771847723852601,4.6565794325860566,-5.292646537541961,-4.771847723852601,4.6565794325860566,354.8486511707306
-2.29345531052168,-5.637439771999615,5.947737324945992,-5.142295945444307,-6.872443268525209,4.643461344502708,-0.5740969546761258,-0.004152831583477618,-0.005350957591484068,-0.8187593100993061,-0.07102125632841633,-0.1542449384337862,0.19904454075188519,0.006682518551315297,0.0038200113294806215,0.03887706916430034,2466,809000000,17.21,0,2,2,-5.261223519344347,-4.769804212782114,4.69245931630871,-5.261223519344347,-4.769804212782114,4.69245931630871,355.0554139614105
-2.2835149731391997,-5.556359638266128,6.025798554811816,-5.111739103284372,-6.87319793997474,4.6789020656748095,-0.5715075049792226,-0.004036831052207243,-0.005800061276433845,-0.820566411106785,-0.05481194158639666,-0.15602026443668893,0.1992630195200995,0.0018961329487865441,0.003451535417298146,0.030956639602663927,2466,975000000,17.57,0,2,2,-5.233420803125946,-4.770572746791922,4.724093167548268,-5.233420803125946,-4.770572746791922,4.724093167548268,355.2634027004242
-2.2835149731391997,-5.556359638266128,6.025798554811816,-5.085120062101807,-6.871532697655511,4.710423295235792,-0.5698353340305138,-0.0039031516664200325,-0.006056402636609667,-0.8217273133372802,-0.04291280752829369,-0.15732434452241142,0.19919375944532822,0.0015716835036982957,0.0026879684355662903,0.020940666581736878,2467,148000000,17.95,0,2,2,-5.233420803125946,-4.770572746791922,4.724093167548268,-5.202320822950551,-4.773763275966391,4.759357928104218,355.469979763031
-2.2835149731391997,-5.556359638266128,6.025798554811816,-5.05893989690166,-6.868037136502969,4.741965782539009,-0.5687610078643597,-0.0037725148949705966,-0.006223557998479694,-0.8224706386189871,-0.032474342911632204,-0.15855238680564268,0.19976510897458688,0.0004500087726455604,0.0022058603008190403,0.012485607112466823,2467,314000000,18.2,0,2,2,-5.174828973176427,-4.7781740224575024,4.790514461871342,-5.174828973176427,-4.7781740224575024,4.790514461871342,355.6725995540619
-2.2771137865418183,-5.4732898816341,6.101793962904206,-5.03314156244188,-6.86297722539445,4.773593321402972,-0.568216106686863,-0.0036675007331348347,-0.006342371148729297,-0.8228467535745689,-0.0236913178508545,-0.15954376103757878,0.20006860191705794,0.0004930012380555127,0.0015059937368278042,0.004499270880842232,2467,466000000,18.37,0,2,2,-5.174828973176427,-4.7781740224575024,4.790514461871342,-5.147490327399739,-4.78371513423099,4.821474814426467,355.88231205940247
-2.2771137865418183,-5.4732898816341,6.101793962904206,-5.0076802160973175,-6.856653835373308,4.805212608429313,-0.5681721032028688,-0.0036226209786017647,-0.006444102526018969,-0.8228765468172659,-0.01635321912801443,-0.16015109234519528,0.19978655631717437,0.0008034807535750588,0.0009366568065161118,-0.00244392595050158,2467,629000000,18.47,0,2,2,-5.174828973176427,-4.7781740224575024,4.790514461871342,-5.120348645287826,-4.790014555066703,4.852325747603972,356.09728622436523
-2.2742242237043486,-5.388362463517386,6.175570504584939,-4.985655413492518,-6.85024300053024,4.832853562354776,-0.5684643497964981,-0.0035959582479712254,-0.006489781784600595,-0.8226744403633259,-0.01041127815724177,-0.1606480500672181,0.19993435038970087,4.403215676518357e-05,0.0005266532696168724,-0.0072934627041831845,2467,791000000,18.5,0,2,2,-5.174828973176427,-4.7781740224575024,4.790514461871342,-5.093431909928128,-4.796836059760409,4.883052401233212,356.32954025268555
-2.2742242237043486,-5.388362463517386,6.175570504584939,-4.957647261104058,-6.840928377124305,4.8684206957627785,-0.5691991375357408,-0.0035783126516612603,-0.006509567369012684,-0.8221661407767922,-0.0037715329128819052,-0.16109222499273984,0.19989700424792553,6.670687113796703e-05,0.0002153971067286875,-0.012237142982485238,2467,932000000,18.48,0,2,2,-5.174828973176427,-4.7781740224575024,4.790514461871342,-5.070079315646125,-4.803035000315661,4.909911778544629,356.5281858444214
-2.2748104832793112,-5.301711925520624,6.246979603717468,-4.929964914430035,-6.830576403988981,4.904016493489701,-0.5702168848142003,-0.003611726192927209,-0.00657441787041681,-0.8214599422591228,0.002516853855042844,-0.1613525952679454,0.20048731387910915,0.0009494914365859586,0.0002580683684527685,-0.014787152395001613,2468,100000000,18.41,0,2,2,-5.040319067956053,-4.811209988602719,4.944330251258265,-5.040319067956053,-4.811209988602719,4.944330251258265,356.74832487106323
-2.2748104832793112,-5.301711925520624,6.246979603717468,-4.90259832525688,-6.819293191217101,4.939677953010273,-0.5714130901188448,-0.0036598578990076178,-0.0066555358633252695,-0.8206274366138167,0.008012885010011472,-0.16134685951239736,0.20062840620195166,0.000979348089913401,0.00020004741259072034,-0.01718812509352574,2468,283000000,18.3,0,2,2,-5.010842338301532,-4.819469971088609,4.978621579345798,-5.010842338301532,-4.819469971088609,4.978621579345798,356.99106454849243
-2.2748104832793112,-5.301711925520624,6.246979603717468,-4.866354092740164,-6.804440575359448,4.987377429838562,-0.5734291612758667,-0.0036294056473220107,-0.006550555772039574,-0.8192209193082051,-0.0012361295223099998,-0.15782857816994703,0.20169641173606406,-0.004867940879194066,-0.0004721727520973218,-0.024865409432095475,2468,477000000,18.26,0,2,2,-5.010842338301532,-4.819469971088609,4.978621579345798,-4.97842925966748,-4.828571009647478,5.016654978859182,357.2762644290924
-2.2788285262904413,-5.213475002407638,6.315877451879423,-4.832636115876317,-6.796869942338697,5.031351204115114,-0.5762135538998816,-0.00339332615433417,-0.005936514881199585,-0.8172705692919229,-0.03638069061385154,-0.14888513439919837,0.20235990514785368,-0.005814692212879891,-0.002001187294808915,-0.034572101503727026,2468,714000000,17.91,0,2,2,-5.010842338301532,-4.819469971088609,4.978621579345798,-4.94319242334595,-4.838311491642691,5.058468095290473,357.5165638923645
-2.2788285262904413,-5.213475002407638,6.315877451879423,-4.798072077595786,-6.797476264119306,5.075527581818756,-0.5795170284203475,-0.0033037034237522202,-0.005218336875853978,-0.8149367265467842,-0.07078560617169342,-0.14120604333531372,0.20308476851011617,-0.006841335607532528,-0.0036342705016068066,-0.0376187585061416,2468,918000000,17.53,0,2,2,-5.010842338301532,-4.819469971088609,4.978621579345798,-4.908348415676113,-4.847704365445536,5.100178879211479,357.7706935405731
-2.286226134973271,-5.123790231571948,6.382125297973725,-4.769204930233882,-6.803378057971337,5.111939632731843,-0.5822394785601521,-0.0032726428447209088,-0.004488453774456024,-0.8129983598984241,-0.09374956946070835,-0.13649363636568096,0.2046126803693272,-0.006459762198574026,-0.004697473286796594,-0.036740915311384015,2469,137000000,17.05,0,2,2,-4.873974337056061,-4.852305192114934,5.142217345494882,-4.873974337056061,-4.852305192114934,5.142217345494882,358.01610827445984
-2.286226134973271,-5.123790231571948,6.382125297973725,-4.727244532406066,-6.815737733895895,5.164749150951766,-0.5849456911079441,-0.003608239932393534,-0.004163423193230146,-0.8110537497392843,-0.10094238619132383,-0.1340584415109825,0.20456704253417243,-0.00019095974295169071,-0.002355078322580084,-0.018181957966589835,2469,335000000,16.63,0,2,2,-4.873974337056061,-4.852305192114934,5.142217345494882,-4.84633018466291,-4.8484070658717435,5.177281972252988,358.3233051300049
-2.2969429936938752,-5.032797560119191,6.4455897276547764,-4.688528176175282,-6.830642918283464,5.21338510847663,-0.5863022747435463,-0.0037947682543597087,-0.004028859219467834,-0.8100734600379328,-0.11404594619027267,-0.12970612094251227,0.20377504633807902,0.0032460126703881542,-0.0011972186257480644,-0.008400402293773368,2469,596000000,16.19,0,2,2,-4.873974337056061,-4.852305192114934,5.142217345494882,-4.807204016206595,-4.831984193604895,5.2290482509594955,358.6087234020233
-2.3109107918163154,-4.940637950673698,6.506142932007222,-4.650170636236157,-6.8461718699415455,5.261672806250326,-0.5862810830927054,-0.004063108653935823,-0.004396420907387354,-0.8100855845149422,-0.10550774137209631,-0.1294451800011476,0.20199218276540876,0.004586323757393984,0.0008312382703934418,0.0071744751494406955,2469,836000000,15.94,0,2,2,-4.873974337056061,-4.852305192114934,5.142217345494882,-4.7718688210447775,-4.8080612866896315,5.277745202064067,358.9024724960327
-2.3109107918163154,-4.940637950673698,6.506142932007222,-4.625157404008936,-6.854121229238196,5.293603663954238,-0.585479237593614,-0.004175029727225191,-0.004767324025400608,-0.8106626327241278,-0.08785454311542648,-0.13124896243514272,0.20072662340772623,0.00432783867836406,0.0020427385834409506,0.015674031601520255,2470,76000000,15.89,0,2,2,-4.737277748715939,-4.781010579351562,5.3264288622887825,-4.737277748715939,-4.781010579351562,5.3264288622887825,359.11032485961914
-2.328053348328999,-4.8474529870219545,6.563662964936058,-4.597764493930228,-6.859270207200285,5.329271740116712,-0.5839993563536535,-0.004243286299224279,-0.00529927232334032,-0.8117257320134333,-0.06215592506742179,-0.13434419069436077,0.19930992531475283,0.005538491814149893,0.003333574272801343,0.024475086138409097,2470,236000000,16.06,0,2,2,-4.737277748715939,-4.781010579351562,5.3264288622887825,-4.711636479472723,-4.76331797131863,5.362556594950475,359.31535959243774
-2.328053348328999,-4.8474529870219545,6.563662964936058,-4.574198101465848,-6.859758552365837,5.360706304053927,-0.5823174431491653,-0.004244760864338688,-0.005837722751817275,-0.8129294547514538,-0.03950646629916425,-0.1370729628294616,0.19755296534671415,0.00526067797181895,0.004039041823489242,0.02645469539857004,2470,414000000,16.15,0,2,2,-4.737277748715939,-4.781010579351562,5.3264288622887825,-4.688985712372093,-4.7505838955578685,5.394200545866672,359.5248725414276
-2.348286757980274,-4.753384480702025,6.618033988749891,-4.548541068836693,-6.856179032687939,5.395746568624165,-0.5805514184335767,-0.004077834006820134,-0.006256781943959995,-0.814189335783932,-0.017051923122760923,-0.1395194205920736,0.19610732184987142,0.0014902943121342105,0.003946392462239601,0.021234622363408562,2470,576000000,16.37,0,2,2,-4.737277748715939,-4.781010579351562,5.3264288622887825,-4.666478759441628,-4.74062179377889,5.425380830239754,359.730770111084
-2.348286757980274,-4.753384480702025,6.618033988749891,-4.5237301595742965,-6.84887337933957,5.430520620611912,-0.5793806177954535,-0.0038703436564100765,-0.006528655675818891,-0.8150217768980204,0.0015320753133604616,-0.14154037573291173,0.1946000072477912,0.000995101845546742,0.0032014471344155027,0.011656825790851144,2470,747000000,16.61,0,2,2,-4.737277748715939,-4.781010579351562,5.3264288622887825,-4.641334274684734,-4.732261009253236,5.459900149501194,359.9406006336212
-2.348286757980274,-4.753384480702025,6.618033988749891,-4.502300821099111,-6.839755469115446,5.46122345984386,-0.5789065048665211,-0.003734939009181758,-0.006745433436669961,-0.815357472512258,0.016118984431347034,-0.14290512601993163,0.1936970889031887,0.001246371880370134,0.0027271411227047793,0.004007960251328768,2470,920000000,16.78,0,2,2,-4.61639822183465,-4.7262344664434774,5.4939218708345985,-4.61639822183465,-4.7262344664434774,5.4939218708345985,360.14626955986023
-2.3715195586141586,-4.6585740796424515,6.6691465074425995,-4.4788319909793675,-6.826990252167112,5.4955586770266915,-0.5789797302645303,-0.0036318450896226837,-0.006960145290684283,-0.8153041383567172,0.029873202568957112,-0.1439894822514946,0.19240797626618786,0.0012198571880617237,0.0020205516875648755,-0.0051015466397075215,2471,86000000,16.85,0,2,2,-4.61639822183465,-4.7262344664434774,5.4939218708345985,-4.594428290986086,-4.722390988984596,5.52376502802554,360.35424423217773
-2.3715195586141586,-4.6585740796424515,6.6691465074425995,-4.458454254855462,-6.813845012422475,5.525827300139039,-0.5796012012280091,-0.0035781507491292647,-0.007092716691571235,-0.8148615451364719,0.03977181929728106,-0.14457210138618132,0.19075159264921465,0.0008109002919809427,0.0012988549428882834,-0.012843643889937084,2471,257000000,16.86,0,2,2,-4.569984581154723,-4.719280248024862,5.556974720849597,-4.569984581154723,-4.719280248024862,5.556974720849597,360.567174911499
-2.397652919338544,-4.563162879944184,6.716897587203733,-4.438488591455265,-6.799313890908863,5.555839755021797,-0.5806939706219035,-0.003474714069565766,-0.007055778363383371,-0.8140839359901343,0.048668388380703954,-0.14468455517322668,0.18933194497339337,-0.0018038377675111406,0.0006314461984402442,-0.019947834516642615,2471,435000000,16.79,0,2,2,-4.569984581154723,-4.719280248024862,5.556974720849597,-4.548492554423216,-4.7173433658854,5.586165909915246,360.7656683921814
-2.397652919338544,-4.563162879944184,6.716897587203733,-4.416506934268859,-6.781566743457123,5.5893260418893975,-0.5823918677869867,-0.0033668752341041996,-0.00693171377646323,-0.8128716552020153,0.05714387155927804,-0.1444211519910579,0.18754078651422873,-0.001840598508806579,0.00012674201457230083,-0.02580710242909845,2471,596000000,16.74,0,2,2,-4.524599985996469,-4.7157764723381845,5.618714470189548,-4.524599985996469,-4.7157764723381845,5.618714470189548,360.97979760169983
-2.397652919338544,-4.563162879944184,6.716897587203733,-4.390292835092495,-6.758225469306562,5.629861827568324,-0.5849356615305624,-0.003250550955873264,-0.006722146851124522,-0.8110453245842667,0.0664284632252875,-0.14349962609117842,0.1857298105191095,-0.0024061919248197228,-0.0001193362898277428,-0.030573675394407474,2471,769000000,16.44,0,2,2,-4.503619148413946,-4.714786083568547,5.647347532238532,-4.503619148413946,-4.714786083568547,5.647347532238532,361.25627303123474
-2.4265808491002945,-4.467291041887107,6.761191063713475,-4.362463452950429,-6.731158321712484,5.673592726961644,-0.5881255614969532,-0.0030988175368594664,-0.006429432759540818,-0.808738142811477,0.0710922372753675,-0.14139411085282805,0.1833266043078731,-0.004855812358073308,-0.00048027008858753106,-0.035546957224141806,2471,988000000,16.12,0,2,2,-4.503619148413946,-4.714786083568547,5.647347532238532,-4.4751267646441,-4.713850242672546,5.686203584025429,361.54496669769287
-2.4265808491002945,-4.467291041887107,6.761191063713475,-4.334942853401546,-6.705981960152428,5.716812668593318,-0.5919060588428036,-0.0028659762899608263,-0.005799008654805998,-0.8059810017510998,0.05620380305405087,-0.13578571580715118,0.18122885235100045,-0.007685436503379606,-0.0020095992795177153,-0.04217672176309861,2472,225000000,15.71,0,2,2,-4.4444941965262865,-4.713059873715597,5.727964333212008,-4.4444941965262865,-4.713059873715597,5.727964333212008,361.8528621196747
-2.458190425185273,-4.37109741122714,6.801937735804835,-4.304876502190488,-6.685611623107278,5.763341885376006,-0.5966371930117554,-0.0026236758575865025,-0.004773855376448998,-0.8024926084051444,0.0245516396737725,-0.12717537093037212,0.17972079774251973,-0.006889168389534461,-0.0033956075412788778,-0.04717815791082103,2472,474000000,15.22,0,2,2,-4.414383997582658,-4.712196356999307,5.769119529954476,-4.414383997582658,-4.712196356999307,5.769119529954476,362.14744234085083
-2.492362041105416,-4.274719146831802,6.839055545102903,-4.283784974552379,-6.677332822944294,5.795281577985632,-0.600089328602025,-0.002548939957437003,-0.00408907147578536,-0.7999184834078594,-0.0011968132975076933,-0.1206531835924585,0.17787550887735024,-0.006382290757755982,-0.003933651532861404,-0.048166897977353074,2472,723000000,14.57,0,2,2,-4.38234703762418,-4.711045999438005,5.812970773483534,-4.38234703762418,-4.711045999438005,5.812970773483534,362.3780393600464
-2.492362041105416,-4.274719146831802,6.839055545102903,-4.262517800467301,-6.6736468450303015,5.826950968069248,-0.6034018454563113,-0.002542107166333391,-0.003474350350205896,-0.7974256576513679,-0.02298413749828261,-0.1150890034636141,0.1762770179023848,-0.005202835336604039,-0.0038353300624294207,-0.04441284436325077,2472,913000000,14.08,0,2,2,-4.38234703762418,-4.711045999438005,5.812970773483534,-4.360600822057325,-4.709838447996604,5.8429125512574505,362.591272354126
-2.5289696732811873,-4.178291355680664,6.872469741279475,-4.2411840613150265,-6.673719550800551,5.858370041548514,-0.6062808348754101,-0.002559052152384263,-0.0029769863730731874,-0.7952409308297652,-0.039737829615577175,-0.11060113036271643,0.1748030805728656,-0.003952854240196757,-0.0029438843057505437,-0.03666605371108744,2473,91000000,13.6,0,2,2,-4.38234703762418,-4.711045999438005,5.812970773483534,-4.339276740077492,-4.707381055165818,5.8725658994087375,362.792635679245
-2.5289696732811873,-4.178291355680664,6.872469741279475,-4.224586596985898,-6.675833574931482,5.882648023434046,-0.6081135177108006,-0.0025785033083332272,-0.0027066860376383757,-0.7938412780580122,-0.05038744083402411,-0.1079064287457598,0.1738519191043859,-0.0025075899884541286,-0.0020487653728196165,-0.02993422676809132,2473,261000000,13.17,0,2,2,-4.38234703762418,-4.711045999438005,5.812970773483534,-4.318442308453757,-4.701652317531706,5.902097758761153,363.03195095062256
-2.5289696732811873,-4.178291355680664,6.872469741279475,-4.198515420327877,-6.681963556517508,5.920612452502684,-0.6102885815985333,-0.0025830598346383775,-0.0024441640593767197,-0.7921711942720411,-0.06226713156795063,-0.10468843215580645,0.17308311310696048,-0.0008359498508525576,-0.0007305906933652295,-0.02013668381550815,2473,410000000,12.89,0,2,2,-4.38234703762418,-4.711045999438005,5.812970773483534,-4.302616665882232,-4.693763730549151,5.925073732278434,363.29864025115967
-2.56788116587496,-4.081946736232923,6.902113032590306,-4.172554288332866,-6.689890274995862,5.958416143799708,-0.6116224428777806,-0.0025716891058629194,-0.0024093925299560155,-0.7911419396107093,-0.06522166174138781,-0.103254335159911,0.17213313652088352,0.0012783459055754065,0.00041421045580136706,-0.011492585872474592,2473,634000000,12.54,0,2,2,-4.38234703762418,-4.711045999438005,5.812970773483534,-4.278422834681189,-4.675526252712449,5.961153208606426,363.5614881515503
-2.56788116587496,-4.081946736232923,6.902113032590306,-4.151608269928321,-6.695512332262777,5.989076900853265,-0.6120938568344487,-0.002623641373378073,-0.0026432091474268503,-0.7907763529449248,-0.05426438107498972,-0.10381231781022653,0.17029880857348417,0.002342269658583973,0.001659168628975749,-0.00354735377641191,2473,851000000,12.31,0,2,2,-4.254931825081594,-4.65421211090947,5.996938775831161,-4.254931825081594,-4.65421211090947,5.996938775831161,363.7671618461609
-2.6089585330799085,-3.985815231137935,6.927925721391705,-4.133452270163462,-6.697873145140727,6.015980552220443,-0.6119836340295485,-0.002751523893837464,-0.003098819623410336,-0.7908595691481456,-0.031079270350278188,-0.10588115579611426,0.16777936590619344,0.006132714042905718,0.00272722861609509,0.006009747812640853,2474,28000000,12.2,0,2,2,-4.236090820397435,-4.637705560876537,6.025711783616587,-4.236090820397435,-4.637705560876537,6.025711783616587,363.9736852645874
-2.6089585330799085,-3.985815231137935,6.927925721391705,-4.11594735765418,-6.696162440150656,6.0424139052177,-0.6114136893774544,-0.0028516186723264265,-0.0036335138533544918,-0.7912976470898132,-0.004381886677258572,-0.10826944250193793,0.16462185530736836,0.005825322659802623,0.0033018001431628363,0.011075976999563864,2474,187000000,12.19,0,2,2,-4.236090820397435,-4.637705560876537,6.025711783616587,-4.2196088937147405,-4.624401336049241,6.050870443514604,364.1751801967621
-2.652058278119881,-3.8900236902344916,6.949855824363648,-4.099166421121334,-6.6902259657680085,6.068311168803033,-0.6107335976170267,-0.0028071163059424416,-0.004014041028549825,-0.7918209900693651,0.021042550771577316,-0.11011953478263181,0.16142707556424202,0.0022276257595876814,0.0032355680559703615,0.00972579073277302,2474,352000000,12.25,0,2,2,-4.236090820397435,-4.637705560876537,6.025711783616587,-4.203378111944206,-4.612403123431663,6.075583535207963,364.3747727870941
-2.652058278119881,-3.8900236902344916,6.949855824363648,-4.083121639081822,-6.680515190735356,6.093689006032273,-0.6102780380175747,-0.002684004961554809,-0.004265841038321627,-0.7921712662240543,0.04307642288992642,-0.11140169737766643,0.15824722241297964,0.0011458877452241722,0.002953315060949535,0.00449430153821595,2474,505000000,12.33,0,2,2,-4.236090820397435,-4.637705560876537,6.025711783616587,-4.187445583944145,-4.601423915444998,6.099859398919302,364.5797584056854
-2.6970317281683824,-3.7946955447527406,6.967859177197259,-4.064029640985197,-6.66385688315526,6.124699079998005,-0.6102729372391138,-0.002527445877021678,-0.004492353631509393,-0.7921744585946537,0.0670834741451517,-0.11242516866172787,0.15452928322165693,0.000623124265075603,0.002392117539784522,-0.0036245834508008556,2474,672000000,12.38,0,2,2,-4.236090820397435,-4.637705560876537,6.025711783616587,-4.171808109176587,-4.591278224889956,6.123697373125326,364.8252053260803
-2.6970317281683824,-3.7946955447527406,6.967859177197259,-4.044147631627003,-6.640731318176855,6.15795034167339,-0.6110800234548482,-0.002357755028048399,-0.004621093575421986,-0.7915518248477588,0.08723024428844525,-0.11253605681949334,0.15067463217080518,-0.0005768413700479869,0.0017101621665460698,-0.013582230076281121,2474,872000000,12.37,0,2,2,-4.236090820397435,-4.637705560876537,6.025711783616587,-4.152684673437058,-4.579409146503256,6.152914006977696,365.1216199398041
-2.7437253843499,-3.6999504935978362,6.981899523535869,-4.025082682623116,-6.615053815844411,6.190494976140361,-0.6127025167327215,-0.0021913004706846997,-0.004594380104427751,-0.7902972326049814,0.09125800912141731,-0.11060296217814067,0.14818762817220957,-0.0032108042205436504,0.0006011491905155708,-0.023191398940980434,2475,84000000,12.26,0,2,2,-4.1321409522662,-4.567139671248492,6.184307020721955,-4.1321409522662,-4.567139671248492,6.184307020721955,365.40939235687256
-2.7437253843499,-3.6999504935978362,6.981899523535869,-4.004434471066677,-6.5896398571351185,6.2256414218055065,-0.6154741582763701,-0.001980300122329036,-0.004210295446474822,-0.7881433323435989,0.07416834152013958,-0.10590078797665184,0.14680214141986236,-0.0016424110413026938,-0.0011474403663669364,-0.03241014601371717,2475,314000000,12.04,0,2,2,-4.1321409522662,-4.567139671248492,6.184307020721955,-4.1121301113378586,-4.5554062238558775,6.214884517769499,365.6947088241577
-2.7919812859434368,-3.605904202557586,6.9919485879904775,-3.985730073672899,-6.568633620388946,6.257317170294031,-0.618338847374424,-0.0020349940626938788,-0.003993817537007142,-0.7858988344871842,0.0689362994095775,-0.10229553411364875,0.14352370675664636,-0.0018842422036868811,-0.0016392346537941194,-0.03375924534338992,2475,545000000,11.63,0,2,2,-4.090947261738093,-4.542814978828188,6.247322690654618,-4.090947261738093,-4.542814978828188,6.247322690654618,365.9612581729889
-2.7919812859434368,-3.605904202557586,6.9919485879904775,-3.968891796055846,-6.551963851002617,6.285541302800366,-0.6210557493403226,-0.0020569587813221435,-0.00370284890939003,-0.7837549451466679,0.05500800206520297,-0.09808873276860379,0.1407887380347998,-0.002518670521567401,-0.0019979265289293835,-0.0349190133420052,2475,763000000,11.2,0,2,2,-4.090947261738093,-4.542814978828188,6.247322690654618,-4.072127399633842,-4.531216644983307,6.276229565232182,366.2193295955658
-2.8416373878679044,-3.5126680172366744,6.997986133082629,-3.948975499769605,-6.535031045567135,6.318610410694482,-0.6241919965475726,-0.0020320525470520472,-0.0032329986415641264,-0.7812616526671359,0.04433583294847328,-0.09335405453165702,0.13671686607670847,-0.0036796645417780383,-0.0020874847450613743,-0.03232253548048902,2475,974000000,10.79,0,2,2,-4.055462138000104,-4.52060281109272,6.301810040981364,-4.055462138000104,-4.52060281109272,6.301810040981364,366.5051109790802
-2.8416373878679044,-3.5126680172366744,6.997986133082629,-3.9325922316634743,-6.5238040126924,6.345503611201034,-0.6266554078514742,-0.0019626714478918534,-0.002822011582074821,-0.7792888963548247,0.03050533441518117,-0.08940102484398212,0.13380068952300167,-0.0034925903719340567,-0.001864991850197839,-0.031011143437353894,2476,213000000,10.3,0,2,2,-4.055462138000104,-4.52060281109272,6.301810040981364,-4.036030272106629,-4.507619392383935,6.331638044526238,366.74594473838806
-2.8925279504904227,-3.420348690478687,7.0,-3.916427392718263,-6.514843617385281,6.371783284956336,-0.6289009842955957,-0.001933513729633374,-0.0024966320026296365,-0.777478990266188,0.02336136524794731,-0.08610870682587479,0.13041056377204435,-0.002563559019108652,-0.0016424795489911048,-0.027423809660831466,2476,414000000,9.92,0,2,2,-4.055462138000104,-4.52060281109272,6.301810040981364,-4.020369336707359,-4.496445341374966,6.355774751364636,366.9933395385742
-2.8925279504904227,-3.420348690478687,7.0,-3.8989097835760975,-6.507284066128226,6.399967320576218,-0.6311037702599961,-0.001883829168802754,-0.002208666963646998,-0.775692983171515,0.01169487688354211,-0.08258457469363964,0.1270872003594452,-0.0022315831529340358,-0.0008982310760075052,-0.024441249661322217,2476,614000000,9.56,0,2,2,-4.055462138000104,-4.52060281109272,6.301810040981364,-4.005202774436783,-4.484868888463935,6.379252053693174,367.2556502819061
-2.9444839407633383,-3.3290481249933923,6.997986133082629,-3.883156411579127,-6.502837417960036,6.42503543240166,-0.6328646072737827,-0.0017856086481339885,-0.00200937203877197,-0.77425781422338,0.0010355196761580542,-0.07953953164349307,0.12467863592973308,-0.0020670761841756757,-0.00021036410515762327,-0.021553972146648448,2476,827000000,9.2,0,2,2,-4.055462138000104,-4.52060281109272,6.301810040981364,-3.9890671101313,-4.471714152543901,6.404301386837159,367.47755885124207
-2.9444839407633383,-3.3290481249933923,6.997986133082629,-3.869095255321515,-6.500711916195394,6.447229385530599,-0.6342778602671547,-0.0016783764069690258,-0.0018797956680104014,-0.773101057686382,-0.007902589444340174,-0.07721075801061325,0.12287752043070096,-0.001797810466541705,0.00016744459969686432,-0.01944933810591465,2477,19000000,8.91,0,2,2,-4.055462138000104,-4.52060281109272,6.301810040981364,-3.97489543740228,-4.459288902412981,6.426358523193437,367.6974575519562
-2.997333443662269,-3.2388631318613967,6.9919485879904775,-3.8551280758279556,-6.500037288973397,6.4691252924815625,-0.6354742934717951,-0.0016217643412753632,-0.0018667286231935883,-0.7721180658041823,-0.01421532878120752,-0.07544145307972414,0.12129785363350569,-0.00034036332579034934,0.0005693103901194263,-0.01561920089443447,2477,199000000,8.66,0,2,2,-4.055462138000104,-4.52060281109272,6.301810040981364,-3.962554029629094,-4.447680758422812,6.445607608471074,367.9458694458008
-2.997333443662269,-3.2388631318613967,6.9919485879904775,-3.842775162764484,-6.5003502732774745,6.488365677210436,-0.6363430727965869,-0.0015726965683136944,-0.0018997794925958624,-0.771402236947224,-0.01873524072783348,-0.07429546594010178,0.1200515967994501,-6.174543543124855e-05,0.000869430152761197,-0.012988980506634107,2477,396000000,8.48,0,2,2,-3.9493016816409168,-4.434314743154899,6.466310258127345,-3.9493016816409168,-4.434314743154899,6.466310258127345,368.13785552978516
-3.050902082867557,-3.149885205540721,6.981899523535869,-3.8305207867292475,-6.50094526642407,6.507374762639205,-0.6370269483506251,-0.0015643523497950455,-0.0020199934839698927,-0.7708372976855363,-0.015772163752875663,-0.07368216354329657,0.1182393504100879,0.0017705098002807063,0.0013230788113105518,-0.008999884448712692,2477,556000000,8.27,0,2,2,-3.9493016816409168,-4.434314743154899,6.466310258127345,-3.9402935071540304,-4.424699853352663,6.4803664591919885,368.33628034591675
-3.050902082867557,-3.149885205540721,6.981899523535869,-3.818655171810102,-6.4994383653067365,6.525919833123266,-0.6373855603778538,-0.0016400775002164258,-0.0022517299597321562,-0.7705399971966354,0.009930349143309014,-0.07458309263953683,0.11406127680537581,0.003358454864610394,0.0008592989729550027,-0.0026489983838473563,2477,711000000,8.13,0,2,2,-3.9302943389188023,-4.413394727770981,6.495992411686182,-3.9302943389188023,-4.413394727770981,6.495992411686182,368.5296630859375
-3.1050134496039394,-3.062200315950648,6.967859177197259,-3.807566709825834,-6.492934223456059,6.543668989339147,-0.6374513965730715,-0.0016557732886522483,-0.0023615444418516904,-0.7704851708694376,0.04174221827795278,-0.07535638252814365,0.10895610371940027,-4.869420433539773e-06,0.0006642173218551761,-0.00034198020557596465,2477,866000000,8.03,0,2,2,-3.9302943389188023,-4.413394727770981,6.495992411686182,-3.9206024412478957,-4.4017952753622085,6.511154380635414,368.7456736564636
-3.1050134496039394,-3.062200315950648,6.967859177197259,-3.796085261425718,-6.479934814601779,6.56265103222734,-0.6374767417047172,-0.0015876532542338135,-0.0023903246367582838,-0.7704642558164604,0.0735725202280139,-0.07571666553163224,0.10324350553341724,-0.00035911860720716504,0.0009543777707676782,-0.000596946568975909,2478,36000000,7.99,0,2,2,-3.911194025130954,-4.389917214168113,6.52584826217303,-3.911194025130954,-4.389917214168113,6.52584826217303,368.95582842826843
-3.1050134496039394,-3.062200315950648,6.967859177197259,-3.7867047648381678,-6.463975382530452,6.578666205191473,-0.6375993859892157,-0.0014945611754201016,-0.002409722028540762,-0.770362890145166,0.09824642726112853,-0.0756112552079235,0.09826944870699816,-0.0006513011896913667,0.0011475428664198262,-0.0033160404655063758,2478,197000000,7.96,0,2,2,-3.911194025130954,-4.389917214168113,6.52584826217303,-3.9009667774150083,-4.376181097208285,6.541805777736531,369.17342710494995
-3.159489538528554,-2.9758887181581546,6.949855824363648,-3.7749517181790986,-6.436353018543914,6.599409028380306,-0.6381537870446752,-0.0013292105079501344,-0.0024020967809598058,-0.7699040246751667,0.1260514752576712,-0.07506864989435541,0.09172484190306744,-0.0013705712149203464,0.0010875511634367285,-0.009468640018894803,2478,376000000,7.95,0,2,2,-3.8911131119702502,-4.362042397818342,6.557152707792554,-3.8911131119702502,-4.362042397818342,6.557152707792554,369.42470836639404
-3.159489538528554,-2.9758887181581546,6.949855824363648,-3.7615762828127384,-6.393850756873396,6.623804253112946,-0.6396532449845019,-0.0011064281763295213,-0.002305085285445356,-0.7686593449502283,0.15129605938332397,-0.0734317222396956,0.0839664434521151,-0.0014136968616185186,0.0005108805680720252,-0.01753423312038649,2478,582000000,7.82,0,2,2,-3.8911131119702502,-4.362042397818342,6.557152707792554,-3.8806197387100596,-4.3458250419824624,6.573462208548143,369.76689743995667
-3.214151189536002,-2.8910247801396665,6.927925721391705,-3.7512469866730123,-6.353352361765725,6.643058560184268,-0.6414733201179678,-0.0009637842162134259,-0.0021796807379096915,-0.7671416425202692,0.15982144948113045,-0.07071131915937373,0.07810364636133219,-0.0025307555006293114,1.220344837404852e-05,-0.022402312060876284,2478,866000000,7.6,0,2,2,-3.8666620498093858,-4.322393972635497,6.595001864598767,-3.8666620498093858,-4.322393972635497,6.595001864598767,370.07842993736267
-3.214151189536002,-2.8910247801396665,6.927925721391705,-3.740604315289972,-6.311350300659153,6.662560020939734,-0.6440170418259639,-0.0008071348757437328,-0.0018920687846691988,-0.7650083780238888,0.14310524274720152,-0.06546916151965909,0.07300549227857143,-0.002087771622427681,-0.000732480856413531,-0.027525872610567603,2479,114000000,7.33,0,2,2,-3.855368650108326,-4.301591020567257,6.612229362696533,-3.855368650108326,-4.301591020567257,6.612229362696533,370.38023376464844
-3.2688185343304266,-2.807676829038037,6.9021130325903055,-3.7310244378250625,-6.2775064958363505,6.679379092039727,-0.646622760720472,-0.0007456820390452961,-0.001636975886956976,-0.7628078195630124,0.12190917239292476,-0.060176356979160996,0.06817873004134511,-0.0017636729808145901,-0.0009781210110304528,-0.028901415316795465,2479,369000000,6.96,0,2,2,-3.855368650108326,-4.301591020567257,6.612229362696533,-3.8438176262216666,-4.278268316467423,6.629571680950988,370.6692807674408
-3.323311446599366,-2.725907016280158,6.872469741279474,-3.7239164349946994,-6.255830894292882,6.691272329578684,-0.648611834863545,-0.0007144627200693971,-0.0014645478491688052,-0.7611176205538566,0.10436634747024269,-0.056494018066284735,0.06481275613733178,-0.0016537760870960483,-0.0009513724307907978,-0.029005304713791702,2479,600000000,6.58,0,2,2,-3.855368650108326,-4.301591020567257,6.612229362696533,-3.8337539631668918,-4.256141534608384,6.644364062055058,370.90427565574646
-3.323311446599366,-2.725907016280158,6.872469741279474,-3.7176323640923754,-6.239294836083289,6.701346541244511,-0.6503159111489668,-0.0006590774885983555,-0.0013114077925323103,-0.7596624655285759,0.08864917903528684,-0.05331952599994979,0.06181623723501839,-0.0019172705833625514,-0.0005180588459552382,-0.02723542093008291,2479,784000000,6.29,0,2,2,-3.855368650108326,-4.301591020567257,6.612229362696533,-3.8266328094851354,-4.239116242782427,6.654672949483487,371.1128077507019
-3.377449994611429,-2.645771201865616,6.8390555451029025,-3.7106178321184053,-6.223501075680074,6.71212026170516,-0.6520495890263407,-0.0006030215141632868,-0.0012041676242851712,-0.7581751247541468,0.07423211290915492,-0.05031157601494487,0.05847842934449412,-0.001092101933863887,-7.910247745712695e-05,-0.023687788780080155,2479,957000000,6.05,0,2,2,-3.855368650108326,-4.301591020567257,6.612229362696533,-3.8198397640228903,-4.221783495204603,6.664350874626513,371.3090088367462
-3.377449994611429,-2.645771201865616,6.8390555451029025,-3.704443173811624,-6.211498720207583,6.721205639598098,-0.653381066382276,-0.0005496786763250914,-0.0011376065297271816,-0.7570281274813347,0.06360998874929494,-0.048135117343655734,0.05563310012758037,-0.0010541830988586298,1.1105431774183216e-05,-0.020582761135301553,2480,122000000,5.78,0,2,2,-3.855368650108326,-4.301591020567257,6.612229362696533,-3.8140684203461275,-4.206108308995865,6.672394734044424,371.50512742996216
-3.377449994611429,-2.645771201865616,6.8390555451029025,-3.69757789771014,-6.199841798792071,6.730879904328371,-0.6546609818481341,-0.0005226277292303799,-0.001117959794303253,-0.755921606961854,0.05439039226549951,-0.045969580381952604,0.05234216531664816,-0.0001598124143242785,0.00017919135899546745,-0.017362131984555162,2480,284000000,5.57,0,2,2,-3.808534473130986,-4.190190001395446,6.679919178137512,-3.808534473130986,-4.190190001395446,6.679919178137512,371.73302841186523
-3.431054895051064,-2.567318858080564,6.8019377358048345,-3.6908122208516154,-6.189713763363605,6.739987170598662,-0.6557415516439244,-0.0004971907974519593,-0.0011168340309473737,-0.7549844521118805,0.04693754234313745,-0.044283395686266325,0.049359209365159716,-0.0002315471135716507,0.00022445413918603663,-0.014860138253425248,2480,468000000,5.38,0,2,2,-3.808534473130986,-4.190190001395446,6.679919178137512,-3.802619842114757,-4.171967750605186,6.687749198706268,371.9668745994568
-3.431054895051064,-2.567318858080564,6.8019377358048345,-3.683479358497142,-6.179605754527596,6.7493674350501545,-0.6567659740606882,-0.0004935642091965517,-0.0011036374586839382,-0.7540934913489483,0.043456040651774025,-0.04226144508502662,0.044911114163998477,-0.00019359141703034766,-0.0002470845259949783,-0.012678427628998179,2480,652000000,5.21,0,2,2,-3.808534473130986,-4.190190001395446,6.679919178137512,-3.7970396551550394,-4.153397511482355,6.694887994311813,372.2053482532501
-3.4839479668973814,-2.4905929928344888,6.761191063713474,-3.67713374049469,-6.17129272724854,6.757003943538039,-0.6575943676597942,-0.00045841696994758114,-0.001034910757755776,-0.7533713336965513,0.038757724623670664,-0.04016118918781447,0.040510367845394434,-0.0009007238702452014,-0.0001753325889808366,-0.011898527372977696,2480,840000000,5.05,0,2,2,-3.808534473130986,-4.190190001395446,6.679919178137512,-3.7911920288716088,-4.132435169942055,6.702063748258731,372.4495539665222
-3.4839479668973814,-2.4905929928344888,6.761191063713474,-3.6703477712334496,-6.163217656047066,6.764613539559317,-0.658463202622962,-0.00039024012175745343,-0.0009578780327901291,-0.7526122115497687,0.03253700524405874,-0.03793004239149457,0.03610992305527304,-0.0010211268772764015,0.00012537860101247134,-0.011291621922282502,2481,36000000,4.93,0,2,2,-3.785749638928923,-4.111105499388851,6.708376475046045,-3.785749638928923,-4.111105499388851,6.708376475046045,372.67697858810425
-3.5359525841516604,-2.4156300927604164,6.716897587203732,-3.665111924986957,-6.157576459803865,6.770056500049703,-0.6591071990363074,-0.00036437640831988514,-0.0009575156775287412,-0.7520483033503059,0.02899970908199149,-0.036266656839205824,0.03239605600040154,-0.00011990367383418743,0.00031727665543712646,-0.010280618062097346,2481,217000000,4.77,0,2,2,-3.785749638928923,-4.111105499388851,6.708376475046045,-3.781185866815584,-4.091600042747245,6.713317695210003,372.88724422454834
-3.5359525841516604,-2.4156300927604164,6.716897587203732,-3.6585461565366852,-6.1464540335612154,6.776426104778729,-0.6597643567298005,-0.0004100301623094053,-0.0008531275715504285,-0.7514719539926457,0.06614956026528326,-0.03612712389382851,0.025754741017508076,-0.000519192741421648,-0.0019244970076215395,-0.006048087243470945,2481,381000000,4.67,0,2,2,-3.785749638928923,-4.111105499388851,6.708376475046045,-3.7773889940859022,-4.073995693668066,6.717086217304565,373.1495096683502
-3.586894126218148,-2.3424600861619225,6.669146507442607,-3.6527408909768297,-6.12410713782064,6.781585303892221,-0.6602160651612933,-0.0005789070829494906,-0.0006204867710414106,-0.7510752473392363,0.10907044634252532,-0.03577206402813046,0.017893277562274393,-0.0005337792345017078,-0.0024898839910747483,-0.004488102376853931,2481,599000000,4.57,0,2,2,-3.785749638928923,-4.111105499388851,6.708376475046045,-3.772522845906078,-4.0494770492936505,6.721403027301809,373.45658683776855
-3.586894126218148,-2.3424600861619225,6.669146507442607,-3.6478227558071263,-6.0900004902738445,6.785203968392078,-0.6606716335997235,-0.0007612728076781207,-0.00036757346596777624,-0.7506745485962155,0.13632938706939945,-0.03471523974311687,0.010410118081962048,-0.0005315631824487355,-0.0017671274918029667,-0.006052576509318897,2481,841000000,4.51,0,2,2,-3.785749638928923,-4.111105499388851,6.708376475046045,-3.7677156357465122,-4.022275944013731,6.724899967710008,373.76725578308105
-3.636600424746965,-2.271106325832519,6.6180339887498985,-3.6442510307578835,-6.059655265315699,6.786859483839281,-0.6612966686409459,-0.000822149580734388,-0.00023641554100094973,-0.7501239792341968,0.1314341936340509,-0.03238024608918928,0.005002382443435456,-0.0005165436618881358,-0.0005243581995273416,-0.008916818660509307,2482,102000000,4.46,0,2,2,-3.785749638928923,-4.111105499388851,6.708376475046045,-3.7631247894235647,-3.9922281257625634,6.727195433987214,374.04602456092834
-3.636600424746965,-2.271106325832519,6.6180339887498985,-3.6414365661083576,-6.036922814798574,6.787450339082103,-0.6619928083463207,-0.0007679992285229869,-0.00022349424674973943,-0.7495097610606936,0.11651960751481764,-0.03026245771750905,0.0016824209659602823,-0.00048627982209836773,0.0008714641410279,-0.011174472911079647,2482,334000000,4.37,0,2,2,-3.785749638928923,-4.111105499388851,6.708376475046045,-3.7597150575546494,-3.9663479405526747,6.727944752671637,374.2520716190338
-3.6849022057545895,-2.201585591715775,6.563662964936066,-3.638336355856872,-6.0146523514564585,6.78735460108644,-0.6628642053245214,-0.0006777141974118696,-0.0003153423498298153,-0.7487392647391745,0.10181349838203162,-0.027922713909914243,-0.0025288474911701444,0.00013366125983793609,0.001531339444227342,-0.011845261724374723,2482,501000000,4.27,0,2,2,-3.7572187941859014,-3.944924847882732,6.727786214519359,-3.7572187941859014,-3.944924847882732,6.727786214519359,374.4990117549896
-3.6849022057545895,-2.201585591715775,6.563662964936066,-3.6355907689267544,-5.996947676936538,6.786559969814294,-0.6636505132962685,-0.0005724871510156384,-0.0004078925013791689,-0.748042446712597,0.09071776255170133,-0.02617363057747028,-0.006046751794060485,-3.513550623779338e-05,0.0015304049952646892,-0.011540612831595354,2482,707000000,4.14,0,2,2,-3.7572187941859014,-3.944924847882732,6.727786214519359,-3.7547785599154784,-3.9208340688486167,6.7267522368047485,374.72994589805603
-3.731633525847707,-2.133908113317202,6.506142932007231,-3.6330763679858884,-5.979340298691862,6.784997383636849,-0.6643388417333821,-0.0005623355794258921,-0.00042729866116776523,-0.7474312038969863,0.1011687069018252,-0.024836046657070836,-0.01108571762587964,9.009353334477055e-05,-0.0007821740950930689,-0.009198418138112174,2482,885000000,4.02,0,2,2,-3.7528922260982567,-3.898857913747515,6.724996787219487,-3.7528922260982567,-3.898857913747515,6.724996787219487,374.966655254364
-3.731633525847707,-2.133908113317202,6.506142932007231,-3.6305474832340603,-5.955571136458816,6.781873921411052,-0.6650166785114109,-0.000674252530483886,-0.0003327393427233385,-0.7468281274628759,0.11158069790603227,-0.02332416566894148,-0.017077490652054127,-0.0001988918270967588,-0.0018015787759395607,-0.007530551692980225,2483,71000000,3.91,0,2,2,-3.7528922260982567,-3.898857913747515,6.724996787219487,-3.7512738498962497,-3.8766576420409264,6.722492066193927,375.2300989627838
-3.7766322013895053,-2.0680776117219892,6.445589727654784,-3.6286240193246817,-5.924717822928805,6.77686368677965,-0.6656211392380408,-0.0008819959809874057,-8.959092266908622e-05,-0.746289295820333,0.13807358851151225,-0.022113391605835246,-0.024321536663203684,-0.0004917324815778557,-0.0029429293135763146,-0.006527762707264628,2483,295000000,3.82,0,2,2,-3.7528922260982567,-3.898857913747515,6.724996787219487,-3.749653291096146,-3.8492723264735487,6.718467080956404,375.51209259033203
-3.7766322013895053,-2.0680776117219892,6.445589727654784,-3.6275477905818323,-5.892837123631679,6.770896560384893,-0.6661820807082743,-0.0010724385769232056,0.00014985332588149933,-0.7457883498437567,0.14657798627272622,-0.0204919658519008,-0.02998169203355756,-0.0001288644263297556,-0.002340565833947039,-0.0070566982230957365,2483,532000000,3.75,0,2,2,-3.7483326461826274,-3.8190436873997555,6.71283349383398,-3.7483326461826274,-3.8190436873997555,6.71283349383398,375.7920308113098
-3.819740229463986,-2.0040913610163287,6.382125297973734,-3.6268581444321324,-5.861090331176125,6.763698447277781,-0.6667747752443439,-0.0011835422507243355,0.00024307051197615306,-0.7452583037057162,0.14101376287364337,-0.018250425007026356,-0.03560104336746222,-0.00024586628057932103,-0.0008582514226418425,-0.007273691198861343,2483,752000000,3.69,0,2,2,-3.747478910111562,-3.791108045314846,6.706626856767189,-3.747478910111562,-3.791108045314846,6.706626856767189,376.0685839653015
-3.819740229463986,-2.0040913610163287,6.382125297973734,-3.6265615728684306,-5.828970764465127,6.755322156674791,-0.6673610077297826,-0.001250968283210114,0.00036461825345343195,-0.7447332324354624,0.14796607540507928,-0.016722947023450424,-0.0409254394957134,-0.0001471612563364033,-0.001300874885146186,-0.007035735779936658,2483,963000000,3.61,0,2,2,-3.747478910111562,-3.791108045314846,6.706626856767189,-3.7469742287322085,-3.762925244179704,6.6993616650232966,376.33975887298584
-3.860804199513675,-1.9419402688543215,6.315877451879432,-3.626736963217127,-5.7897450043919365,6.7438724182967915,-0.6680224205453241,-0.0013515899191399567,0.0004578794680902541,-0.7441397779986293,0.148755873666199,-0.01470835612854261,-0.04733315513827163,0.00013769243309980084,-0.0004548780452751089,-0.006701171105305548,2484,182000000,3.53,0,2,2,-3.747478910111562,-3.791108045314846,6.706626856767189,-3.7468334164292902,-3.7344550596572974,6.690964434650103,376.64467763900757
-3.8996756945484794,-1.88160897585772,6.246979603717477,-3.627144822790228,-5.757816301246152,6.733026444970361,-0.6685609956243648,-0.001355429619665706,0.00043188351530798876,-0.7436559496278727,0.1393755270272488,-0.012782029766284102,-0.051844277056857124,0.0007117712186754943,0.0008313496380196739,-0.006337039303616621,2484,438000000,3.45,0,2,2,-3.7470963093165413,-3.700527971750057,6.679694628480128,-3.7470963093165413,-3.700527971750057,6.679694628480128,376.9161424636841
-3.8996756945484794,-1.88160897585772,6.246979603717477,-3.627649241880705,-5.7287768549536935,6.721112451159776,-0.6690400864892432,-0.0012687092444364947,0.0002445292097369682,-0.7432251968634975,0.12618784699350805,-0.010792411123157566,-0.05691438953781909,0.0003225425246000668,0.0018482446080270165,-0.005447807507152902,2484,662000000,3.37,0,2,2,-3.7476737127476003,-3.6715597197485255,6.6689939881013105,-3.7476737127476003,-3.6715597197485255,6.6689939881013105,377.1885595321655
-3.9362116808494942,-1.8230759734817077,6.1755705045849485,-3.628313230829738,-5.703395366291945,6.709220668871543,-0.6694155341604157,-0.0011999596623568664,0.00016076110900600164,-0.742887189872998,0.12667954912729237,-0.009344476900902248,-0.06211307730961134,8.67027388551378e-05,0.0005226794257850997,-0.004783081658388255,2484,882000000,3.28,0,2,2,-3.7476737127476003,-3.6715597197485255,6.6689939881013105,-3.748543375901834,-3.642434025948093,6.657350723843902,377.4494194984436
-3.9362116808494942,-1.8230759734817077,6.1755705045849485,-3.6294544527102355,-5.672791335516793,6.693719465906747,-0.6698130491154122,-0.001210613358486612,0.00016079474746846366,-0.7425287791022377,0.126555057438057,-0.007748641700661983,-0.06746081278908958,0.0006060304656330118,-0.0001476624419183281,-0.004148663447267609,2485,92000000,3.22,0,2,2,-3.7476737127476003,-3.6715597197485255,6.6689939881013105,-3.7495973439410535,-3.6157788092415535,6.645888183535357,377.7254087924957
-3.9702748851199168,-1.766313739927293,6.10179396290421,-3.630742176114366,-5.64559877988887,6.678277040503105,-0.6701239095653378,-0.0012427334336419338,8.672028400797749e-05,-0.7422482023703877,0.11981460600017244,-0.006179031000407656,-0.072975716868597,0.0009050664061760472,0.0006818666520302941,-0.0036285620126363938,2485,322000000,3.15,0,2,2,-3.7476737127476003,-3.6715597197485255,6.6689939881013105,-3.751176016538245,-3.5835681837851263,6.631014862489346,378.01682209968567
-3.9702748851199168,-1.766313739927293,6.10179396290421,-3.632136631501135,-5.6206215087416975,6.661730470457561,-0.6704173617146336,-0.001195670324459552,-8.812158811552886e-05,-0.7419832368178212,0.10774921069126756,-0.004578008034552715,-0.07769105439217691,0.0006099364838973997,0.0018590241438687372,-0.003406541031836241,2485,547000000,3.09,0,2,2,-3.7529148427755494,-3.553845264968426,6.616313715992252,-3.7529148427755494,-3.553845264968426,6.616313715992252,378.2860722541809
-4.001734158066968,-1.711288893629383,6.0257985548118205,-3.6332011273070446,-5.604174622698598,6.648969200937383,-0.6705927924055873,-0.0010902270644368606,-0.00023403838366307272,-0.7418248198898846,0.09867504633424004,-0.003313428648314024,-0.08178602780197317,0.0004415216977804448,0.0023845235773478635,-0.0026470623197383247,2485,773000000,3.02,0,2,2,-3.754910276138871,-3.5240085224032387,6.600670012199701,-3.754910276138871,-3.5240085224032387,6.600670012199701,378.5245225429535
-4.001734158066968,-1.711288893629383,6.0257985548118205,-3.6343757920751987,-5.588156215910626,6.635605660666606,-0.6707471617447331,-0.0010187403364866569,-0.0002817606756321862,-0.7416853293617403,0.1049964630446564,-0.002646747470107757,-0.08513200756345855,-0.0004644259860242528,-0.0006013429697304673,-0.0026647929871614906,2485,927000000,2.96,0,2,2,-3.756520524131154,-3.5022157269977856,6.588667754066688,-3.756520524131154,-3.5022157269977856,6.588667754066688,378.72845935821533
-4.030464823432771,-1.657962363799749,5.947737324945996,-3.6364197832449947,-5.562815302635311,6.6163350071996465,-0.6709717977178742,-0.00120073089555347,-7.557772358095488e-05,-0.7414818940477024,0.12605850626549647,-0.002240627043717102,-0.09018220051055958,-0.00020130587614630713,-0.003921450888810796,-0.002848469807759102,2486,91000000,2.92,0,2,2,-3.756520524131154,-3.5022157269977856,6.588667754066688,-3.758266485743649,-3.4803212861730133,6.576095408387426,378.9927613735199
-4.030464823432771,-1.657962363799749,5.947737324945996,-3.638783417168898,-5.535230416607306,6.597927471482177,-0.6711849859881013,-0.001561977096181218,0.00027501040166278854,-0.7412882025103206,0.14830170064464032,-0.0019357971004702735,-0.09423779645042002,-7.556417038756535e-05,-0.00558689612262242,-0.0028593372235263814,2486,306000000,2.88,0,2,2,-3.760866989956777,-3.450106009040273,6.557946975759163,-3.760866989956777,-3.450106009040273,6.557946975759163,379.2328314781189
-4.05634901152925,-1.6062895774554242,5.867767478235119,-3.642741712945702,-5.491799542366027,6.570713629682506,-0.6714659549338974,-0.0020585368349314696,0.0006958730259249288,-0.7410322189699582,0.16329011213020478,-0.0010103993841637992,-0.10064591644074898,3.9200542545358985e-05,-0.0042963178202626295,-0.00262723278865451,2486,503000000,2.87,0,2,2,-3.760866989956777,-3.450106009040273,6.557946975759163,-3.763411774327139,-3.422545178962811,6.540594858089504,379.5673384666443
-4.05634901152925,-1.6062895774554242,5.867767478235119,-3.6462920577400446,-5.454405122392217,6.54826358086345,-0.6716738172485079,-0.002406558906398122,0.0009947503087736076,-0.7408424273547454,0.17395699151522345,-0.0004335300757406646,-0.10483924883214775,0.000737916644766301,-0.003313359684398165,-0.002293666443620168,2486,781000000,2.85,0,2,2,-3.7672498597629165,-3.3838196688281035,6.5149890443291305,-3.7672498597629165,-3.3838196688281035,6.5149890443291305,379.8457145690918
-4.079275976371747,-1.5562206623165327,5.786050063307853,-3.6500610060932006,-5.41701816469738,6.5248433210259495,-0.6718038902625435,-0.002572676660013214,0.0010159409801620205,-0.7407238906818384,0.1674886509879247,0.0008491596708344676,-0.10938386131361799,0.0005920043008700304,-9.788429480295235e-05,-0.0011586129403440282,2487,2000000,2.84,0,2,2,-3.7672498597629165,-3.3838196688281035,6.5149890443291305,-3.7704879943403053,-3.353303627188776,6.493851986838164,380.13128876686096
-4.099142395547844,-1.5077006649126659,5.702749648162695,-3.653956267199963,-5.380567826468923,6.500583784860018,-0.6718777386182261,-0.0025869796511099295,0.0009586130496973278,-0.7406569333683201,0.16402553281083007,0.0016880139152056876,-0.11274213377338722,0.0006140470418358746,0.0007319754615764396,-0.0006257576671941933,2487,236000000,2.81,0,2,2,-3.7739518097064484,-3.322662603710709,6.471764284800723,-3.7739518097064484,-3.322662603710709,6.471764284800723,380.3989565372467
-4.099142395547844,-1.5077006649126659,5.702749648162695,-3.6578899729753274,-5.346110835299461,6.475456867087553,-0.6718881968072384,-0.0024533116904363597,0.0007324700480020955,-0.7406481592095505,0.15174505015189807,0.0028721150301496347,-0.11708190497357121,0.00032465270578541094,0.0029291812779774773,0.0002404571731062788,2487,445000000,2.78,0,2,2,-3.777627056630489,-3.2918777960410552,6.448687961025718,-3.777627056630489,-3.2918777960410552,6.448687961025718,380.66812896728516
-4.115852652002626,-1.460669783193934,5.618033988749894,-3.6618719849772963,-5.313466363061082,6.4492702069815895,-0.6718455511690874,-0.002256092076124941,0.0005287753673093212,-0.7406876438954951,0.1465089633698899,0.00373204754539522,-0.12191715442490125,6.772886358419328e-05,0.002237263174720283,0.0006549599561367359,2487,675000000,2.74,0,2,2,-3.777627056630489,-3.2918777960410552,6.448687961025718,-3.781496517189627,-3.2610317715019974,6.424752064456627,380.93540716171265
-4.115852652002626,-1.460669783193934,5.618033988749894,-3.665953418014324,-5.281909742089996,6.422116570439816,-0.6718062177526555,-0.0021096625574079145,0.00038630978714370605,-0.7407238391448688,0.1411401281846681,0.004677188241475963,-0.12594111376101186,0.0005414424208538549,0.0018444479792378843,0.00047002469898416166,2487,886000000,2.7,0,2,2,-3.777627056630489,-3.2918777960410552,6.448687961025718,-3.78557098553777,-3.2300904116792823,6.399932571063372,381.20014333724976
-4.129319096968019,-1.415063612902056,5.532073691133353,-3.66968452708266,-5.254963540337478,6.39656097224234,-0.6717562181731351,-0.001976750529247073,0.0001665644220212644,-0.7407696322470065,0.13048427547010763,0.005543324186388686,-0.13025679000721685,0.0007191721181243338,0.0028221571710673743,0.0008171988838512334,2488,106000000,2.66,0,2,2,-3.777627056630489,-3.2918777960410552,6.448687961025718,-3.7898032217734934,-3.1991356206074877,6.374390533150737,381.45404505729675
-4.129319096968019,-1.415063612902056,5.532073691133353,-3.672997803621868,-5.232828525256216,6.372833793467521,-0.6716969545987728,-0.0017963065965385149,-8.086604273126554e-05,-0.7408238440587807,0.11813938729229352,0.006376431274423808,-0.13384552466058092,0.0006625547712246771,0.0036102079320698977,0.0009496419181687088,2488,311000000,2.62,0,2,2,-3.777627056630489,-3.2918777960410552,6.448687961025718,-3.7937448642147027,-3.170991081682111,6.350462135434042,381.65709400177
-4.139462293312903,-1.3708134069182165,5.445041867912635,-3.6755422967976283,-5.217079171799516,6.353872477384523,-0.6716466201735665,-0.0015952792235549352,-0.0002485294007551368,-0.7408699014852478,0.10945298358331235,0.00708638795973267,-0.13742775551607517,-0.0004091321642363255,0.003800801823672373,0.0010009359925788885,2488,478000000,2.58,0,2,2,-3.777627056630489,-3.2918777960410552,6.448687961025718,-3.79733442911476,-3.145712226999013,6.328458168399003,381.84708881378174
-4.139462293312903,-1.3708134069182165,5.445041867912635,-3.6784358690793066,-5.200496233968703,6.331572043693027,-0.6715908072100863,-0.0013612131985883094,-0.00042315078005987223,-0.7409208835718898,0.10063489890145424,0.007881823855821882,-0.14144440048565876,-0.00029349722865390504,0.0033929932442333666,0.000868525449959634,2488,636000000,2.55,0,2,2,-3.777627056630489,-3.2918777960410552,6.448687961025718,-3.8001528564321863,-3.1260661467836934,6.310978399448831,382.0400900840759
-4.146211238641287,-1.327846346768223,5.357113789597283,-3.6813338496993007,-5.1852229652420085,6.308576356888,-0.6715516573683862,-0.0011256565976033896,-0.0005273383671441435,-0.7409566966410686,0.09329629810146316,0.00874386345532498,-0.14620655241240615,-0.0013990514048600744,0.0027296462349113426,0.00044466429187650647,2488,787000000,2.51,0,2,2,-3.777627056630489,-3.2918777960410552,6.448687961025718,-3.803399975050028,-3.103649621664099,6.290643863685909,382.23641705513
-4.146211238641287,-1.327846346768223,5.357113789597283,-3.684632453367644,-5.169342783869207,6.281762257577565,-0.6715395193105141,-0.0008898487712254126,-0.0005750375453714285,-0.7409679827800856,0.08623328426675256,0.009717377897417032,-0.1515159689841519,-0.0012704603136626247,0.0019396324432818801,-1.893819518983264e-05,2488,949000000,2.48,0,2,2,-3.8066850577567575,-3.0812373818780583,6.269865930060398,-3.8066850577567575,-3.0812373818780583,6.269865930060398,382.4519486427307
-4.146211238641287,-1.327846346768223,5.357113789597283,-3.687616370541878,-5.156203398724772,6.257053431667565,-0.6715476830631489,-0.0006897814152250554,-0.0005439596465582256,-0.7409608206120067,0.08122428362513766,0.01065082803007115,-0.1571635193507622,-0.0020268356820452027,0.0013238209589871985,-0.00021006608932339077,2489,120000000,2.44,0,2,2,-3.810414536478974,-3.0560429088504457,6.245999455216234,-3.810414536478974,-3.0560429088504457,6.245999455216234,382.641090631485
-4.149503567518681,-1.286085825431384,5.26846653163531,-3.6907662471389076,-5.142019079057472,6.231682979204016,-0.6716209519394987,-0.0006513588304695603,-0.0002678272182858245,-0.7408945950107455,0.10159343397006756,0.010531295028479848,-0.15933715495926,-0.003097565081588982,-0.005261894420982571,-0.002269466222060146,2489,280000000,2.4,0,2,2,-3.810414536478974,-3.0560429088504457,6.245999455216234,-3.813751448522593,-3.0337050398573995,6.224428168501437,382.84150195121765
-4.149503567518681,-1.286085825431384,5.26846653163531,-3.695149149785733,-5.11878496823186,6.199745841433367,-0.6718557878660796,-0.00103748952550552,0.0005150186919834886,-0.7406810775779822,0.13146215487985716,0.010141069179259493,-0.1602338143565734,-0.0025723363705765223,-0.009910159678838681,-0.0037608880802508793,2489,448000000,2.37,0,2,2,-3.8171092323054916,-3.011393048096397,6.202444059507047,-3.8171092323054916,-3.011393048096397,6.202444059507047,383.06341433525085
-4.149285732261113,-1.2454517405684427,5.17927861780687,-3.7004202841027656,-5.086710166287531,6.164389692915496,-0.6721639795038257,-0.001875592959009216,0.00128255557104307,-0.7403988262145205,0.16002676280138367,0.009206477518247838,-0.16201543299869742,0.0001518145566592466,-0.01032907721310039,-0.003821431710093748,2489,639000000,2.34,0,2,2,-3.8171092323054916,-3.011393048096397,6.202444059507047,-3.8213333526733777,-2.9835598316922383,6.174385779625938,383.333487033844
-4.149285732261113,-1.2454517405684427,5.17927861780687,-3.706553269130508,-5.0453123507497715,6.1255724056765235,-0.6724956026789736,-0.0027458704155196717,0.0020494213888091134,-0.7400931863252601,0.1824676426668863,0.008516331932213198,-0.1637300871843038,0.0003965774027392399,-0.008205765789170982,-0.0033539567311891005,2489,868000000,2.32,0,2,2,-3.8171092323054916,-3.011393048096397,6.202444059507047,-3.8260037667565325,-2.952979997536442,6.142714854263532,383.62806224823
-4.145513161777275,-1.2058607972548092,5.089729660701036,-3.7128793479178848,-5.000691134900331,6.0862015843056545,-0.6727172843507996,-0.003301950622083009,0.0024809734420927843,-0.7398880977746258,0.18680974535106862,0.008417624358646358,-0.16704234796688025,0.0009499088548636792,-0.0032860700457604253,-0.0015826512935745995,2490,115000000,2.3,0,2,2,-3.8171092323054916,-3.011393048096397,6.202444059507047,-3.8310869871024775,-2.919741410004731,6.107468594008817,383.92502331733704
-4.145513161777275,-1.2058607972548092,5.089729660701036,-3.719073736011766,-4.957689238506744,6.046068841249106,-0.6727421963559506,-0.0033657409710675613,0.002396956292870794,-0.7398654361641832,0.17161981101352156,0.008747490731373332,-0.170493300912523,1.7732406892845276e-05,0.002756980052254221,0.0006531681890464824,2490,356000000,2.28,0,2,2,-3.8171092323054916,-3.011393048096397,6.202444059507047,-3.836156096753101,-2.886621394666158,6.071408923934369,384.20918107032776
-4.138150398011617,-1.167226819279526,4.999999999999996,-3.724979430475675,-4.919404664853384,6.004806539811949,-0.6726168914637389,-0.002881323611785494,0.0019821280549598874,-0.73998262578271,0.14941311413461042,0.009559886229357594,-0.17550771763291262,-0.0001273986541150407,0.0068383224515855545,0.0019567772369555314,2490,597000000,2.28,0,2,2,-3.8415997036377516,-2.8509482672257636,6.031669263963441,-3.8415997036377516,-2.8509482672257636,6.031669263963441,384.473952293396
-4.138150398011617,-1.167226819279526,4.999999999999996,-3.7301432572082196,-4.888765094889046,5.965911731363688,-0.6724367804461173,-0.002251548486976728,0.001463137245480515,-0.7401496916584318,0.13384222832180362,0.010159632881512958,-0.17927045263254332,-0.002476119334460236,0.006502082851511659,0.002021818681896548,2490,819000000,2.24,0,2,2,-3.8415997036377516,-2.8509482672257636,6.031669263963441,-3.8461705640725152,-2.820891734478268,5.997437848295494,384.74064326286316
-4.127171209594953,-1.129461068046768,4.910270339298969,-3.733866971340089,-4.867386239223774,5.937233594132564,-0.672362386565977,-0.001846612940534471,0.0014085668124017281,-0.7402184995604245,0.1347569320921482,0.010343692354832833,-0.18045805559079076,-0.0027681324354489334,0.0026756227498481167,0.0007751140117306932,2491,38000000,2.23,0,2,2,-3.8507397609560723,-2.7909114098369727,5.962568079812454,-3.8507397609560723,-2.7909114098369727,5.962568079812454,384.97190833091736
-4.127171209594953,-1.129461068046768,4.910270339298969,-3.7385292526586387,-4.841034191449717,5.901123553285188,-0.6723339143848577,-0.0015652668480752015,0.0014696550354017406,-0.7402448903043546,0.13013117748503283,0.010720976432402827,-0.181724427935529,-0.001972131724414794,0.0010620565149110917,0.00013488150685248002,2491,211000000,2.24,0,2,2,-3.8507397609560723,-2.7909114098369727,5.962568079812454,-3.854051154924155,-2.7691570674274515,5.936845717820535,385.22315406799316
-4.112558682368897,-1.0924725680962926,4.820721382193136,-3.743654324908768,-4.8115761608556,5.8611409423475855,-0.6723830473250617,-0.0015918025624499523,0.0016045955056495733,-0.7401999250930312,0.13808825766624583,0.010104326805686575,-0.1828659579667427,-0.00033260847089877643,-0.002052033323707292,-0.0010186719805460598,2491,417000000,2.25,0,2,2,-3.858563396385736,-2.739357923883654,5.901068853498489,-3.858563396385736,-2.739357923883654,5.901068853498489,385.49029088020325
-4.112558682368897,-1.0924725680962926,4.820721382193136,-3.749192459849482,-4.77873628213422,5.8172537345884265,-0.672472684725863,-0.0017228067343204626,0.0017451475571295093,-0.7401178789183179,0.13888846281557707,0.009701144785033245,-0.18410535421316404,-0.0006357366999054648,-0.0018220401557300647,-0.0013145469552000577,2491,636000000,2.25,0,2,2,-3.858563396385736,-2.739357923883654,5.901068853498489,-3.863005202838949,-2.7096777728661836,5.8647497833896205,385.75297117233276
-4.094305286511201,-1.0561684382415397,4.731533468364695,-3.75381925639845,-4.749997069849809,5.780463936619642,-0.6726201472951974,-0.0018842297841486358,0.001989275770630928,-0.7399828578505152,0.14801131898639644,0.009148482667091205,-0.18522774989047036,-0.000448729807089876,-0.0031442100407730322,-0.002320133398825419,2491,858000000,2.26,0,2,2,-3.858563396385736,-2.739357923883654,5.901068853498489,-3.8673589186334807,-2.6801692464113755,5.828031431314942,386.027001619339
-4.094305286511201,-1.0561684382415397,4.731533468364695,-3.758385795199633,-4.721032893009595,5.743446661425951,-0.6727602233843871,-0.00199346585646357,0.0021093831895635205,-0.7398548901157768,0.14290052667194772,0.008975650573485167,-0.18650516686598578,-0.00012606944892468164,-0.0006009614025970222,-0.0016210363469326694,2492,72000000,2.26,0,2,2,-3.858563396385736,-2.739357923883654,5.901068853498489,-3.8711903357430906,-2.6534861090608985,5.794229236195721,386.280855178833
-4.072412920050574,-1.0204542273092634,4.642886210402723,-3.7631668131859186,-4.691486806029339,5.702155576065593,-0.672855353448357,-0.0018297700663868974,0.0019994622984115546,-0.7397691041317607,0.1273338562668661,0.009048292716361445,-0.19016696426525526,-0.00024154380469099124,0.003350699216753128,-0.0009027188355048565,2492,276000000,2.26,0,2,2,-3.8749247544056473,-2.6269061422971713,5.759965641713112,-3.8749247544056473,-2.6269061422971713,5.759965641713112,386.5507161617279
-4.072412920050574,-1.0204542273092634,4.642886210402723,-3.7672310753812845,-4.667757082039115,5.663892096085233,-0.6729222364718431,-0.00147144207718258,0.0017068362909999817,-0.7397097979814934,0.11267768483545541,0.00916799555778022,-0.19334559608133056,-0.0009103967840928817,0.0050962130444531795,-0.0009540025871501712,2492,485000000,2.27,0,2,2,-3.8749247544056473,-2.6269061422971713,5.759965641713112,-3.8789418194662186,-2.5977878322130348,5.721850244070435,386.79666566848755
-4.046892928621759,-0.9852342534527732,4.55495813208737,-3.7711811204044543,-4.644676658110846,5.625222765832329,-0.6730545167466607,-0.0011182322674986875,0.0017606963810202106,-0.7395899316457523,0.11856952741366004,0.008783337018070016,-0.19425121927172068,-0.0027371652095098398,0.00046398292283811315,-0.00231306878504256,2492,688000000,2.3,0,2,2,-3.8749247544056473,-2.6269061422971713,5.759965641713112,-3.882489355993175,-2.5714369148913474,5.686861367051048,387.0390832424164
-4.046892928621759,-0.9852342534527732,4.55495813208737,-3.7750869161645193,-4.621269687251294,5.5863756030095715,-0.6732477984896483,-0.0009567148343135874,0.0019476214305373112,-0.7394137497344302,0.1165654233807371,0.008683316697606783,-0.19514857651041376,-0.001899479218536726,-0.00030391403242902015,-0.0027896794790649437,2492,885000000,2.32,0,2,2,-3.8749247544056473,-2.6269061422971713,5.759965641713112,-3.8858961679794444,-2.545219781431076,5.65150871327363,387.3066658973694
-4.017766101374163,-0.9504119460020631,4.4679263088666525,-3.7791882762751943,-4.596497255908962,5.543194212439485,-0.6734718748076304,-0.0008759852155036589,0.0019851698008674992,-0.739209662811478,0.1095236763572908,0.008180160856628082,-0.19813201149322043,-0.00042317931558955024,0.0009149639197403303,-0.0026600619094097055,2493,96000000,2.33,0,2,2,-3.8749247544056473,-2.6269061422971713,5.759965641713112,-3.88917658863081,-2.519115058465926,5.615742404649278,387.5640354156494
-4.017766101374163,-0.9504119460020631,4.4679263088666525,-3.782322889070571,-4.577916764897062,5.50734186655307,-0.6736245544413497,-0.0007219002229275838,0.0018729276577145698,-0.7390709916210687,0.09865307636610879,0.008083197022383677,-0.20078560051346242,-0.00019205134975663896,0.002859109918063041,-0.0020559117047014297,2493,315000000,2.34,0,2,2,-3.8926595974326657,-2.4905539853072174,5.576041624870185,-3.8926595974326657,-2.4905539853072174,5.576041624870185,387.77956771850586
-3.985062643010358,-0.915890188808308,4.381966011250111,-3.7852598947486364,-4.56127587490661,5.470894733356408,-0.6737729688637148,-0.0004007255837015976,0.0017690107485662698,-0.7389361924067284,0.08780742147331524,0.008148847379909436,-0.20468067936884596,-0.001830208748287987,0.003787441323765961,-0.0024215580197051167,2493,492000000,2.37,0,2,2,-3.8926595974326657,-2.4905539853072174,5.576041624870185,-3.8953923044389067,-2.4673036061508085,5.543288383499673,388.00774359703064
-3.985062643010358,-0.915890188808308,4.381966011250111,-3.7881794913979006,-4.543867557232431,5.434177634927025,-0.6740063973226709,-0.00022930546174576864,0.0020082794494325385,-0.7387227427125633,0.1084365204237546,0.0073390431738012945,-0.20334275171708915,-0.0034436667647241848,-0.004061210529471282,-0.004445848935574759,2493,673000000,2.41,0,2,2,-3.8926595974326657,-2.4905539853072174,5.576041624870185,-3.898016375846386,-2.444147383291985,5.510292349677935,388.2191243171692
-3.948822121993608,-0.881571664037269,4.29725035183731,-3.791571354022266,-4.519792919006973,5.393730180406154,-0.674388917464658,-0.000558471296212651,0.0025664136386253627,-0.738371647364451,0.13105463050620486,0.005769406508409476,-0.20211482113884296,-0.0013264613130559155,-0.0075278643180354265,-0.005656068651660462,2493,839000000,2.42,0,2,2,-3.8926595974326657,-2.4905539853072174,5.576041624870185,-3.9005265221309893,-2.4211196074205232,5.477174139272504,388.49182319641113
-3.948822121993608,-0.881571664037269,4.29725035183731,-3.7957013661085797,-4.485536698675947,5.345621633233941,-0.6749039719697896,-0.001202435172343205,0.0033491358511906315,-0.7378969887850932,0.14997845057132825,0.004381663042241614,-0.2009286430370319,-0.002018317536567338,-0.007721421889073099,-0.005828038729305263,2494,56000000,2.36,0,2,2,-3.8926595974326657,-2.4905539853072174,5.576041624870185,-3.9033759261616465,-2.393137877850055,5.43643595212209,388.7748236656189
-3.9090933950267024,-0.8473591953666171,4.213949936692152,-3.799371830421963,-4.452570732898667,5.301386623326643,-0.6753584958171189,-0.0014747356784663168,0.0039015693475362044,-0.7374777996922642,0.14707473998504172,0.003896017165978087,-0.20329587939930197,-0.001267021377771016,-0.0027956502435699804,-0.00529606386407977,2494,284000000,2.34,0,2,2,-3.905978065790978,-2.3653252921140187,5.395360755343293,-3.905978065790978,-2.3653252921140187,5.395360755343293,389.04410433769226
-3.9090933950267024,-0.8473591953666171,4.213949936692152,-3.8024466788847113,-4.42451174826907,5.260596309386681,-0.6757082345848023,-0.0013790401342472498,0.003952952702449589,-0.7371572790982465,0.13462458628274815,0.0037679943868282077,-0.20623575612854786,-0.0023114783630262536,0.0018197499571215303,-0.004580643872031942,2494,499000000,2.31,0,2,2,-3.905978065790978,-2.3653252921140187,5.395360755343293,-3.9083631352082975,-2.3376768583999934,5.353975509071023,389.29634857177734
-3.8659345079668777,-0.8131560895451824,4.1322325217648865,-3.8053942662595386,-4.396189990375971,5.21962001474626,-0.6761280847999717,-0.0011355833286026522,0.004260538685199166,-0.7367709082240815,0.1460053832454735,0.0030340174668268475,-0.20564273029931548,-0.0037108781953065773,-0.001612772803127882,-0.006390106182152522,2494,710000000,2.32,0,2,2,-3.910359956327584,-2.3126896110177166,5.31616383132474,-3.910359956327584,-2.3126896110177166,5.31616383132474,389.5457396507263
-3.8659345079668777,-0.8131560895451824,4.1322325217648865,-3.8085379710946317,-4.364033862787634,5.174642487748192,-0.6766444301001485,-0.000997561120636618,0.004567188802291769,-0.7362950908927072,0.14566244076703666,0.002624755685536378,-0.20537740749168906,-0.0021043922288299655,-0.0008867658323197247,-0.006408792660295148,2494,914000000,2.33,0,2,2,-3.910359956327584,-2.3126896110177166,5.31616383132474,-3.9122026361038027,-2.287811840926964,5.278144041795678,389.822149515152
-3.8194125734041924,-0.7788664752786676,4.052262675053996,-3.8115341991662417,-4.330423741344307,5.129835116277138,-0.6771854766150461,-0.001058253103061375,0.004857047525896498,-0.7357955690620551,0.15599493619178437,0.0013835487212170306,-0.2044766042363156,-0.0010314386599930003,-0.0026209324914816534,-0.006811877574364189,2495,134000000,2.32,0,2,2,-3.910359956327584,-2.3126896110177166,5.31616383132474,-3.9139760645263344,-2.2605885503816627,5.236002772058003,390.09281277656555
-3.769603625192266,-0.7443956384154116,3.974201445188184,-3.814758748894731,-4.290198526610794,5.077001312975548,-0.6778180448011593,-0.001071825435113374,0.0049965006686123,-0.7352119315634362,0.14904645233176014,0.0003930498618935738,-0.20501917782912496,-0.0007790239521909825,0.001148144542639784,-0.006428845654227189,2495,352000000,2.3,0,2,2,-3.9154732168644957,-2.2335605423378975,5.193683308670038,-3.9154732168644957,-2.2335605423378975,5.193683308670038,390.40517473220825
-3.769603625192266,-0.7443956384154116,3.974201445188184,-3.8170295014112705,-4.258611334374629,5.031895635211079,-0.678328043284671,-0.0007771881808757101,0.004867168459577308,-0.7347426572231306,0.13762302280676997,-0.0004434033039026297,-0.20705917795449857,-0.0022591882043343503,0.0033038691981346346,-0.006498100265162066,2495,601000000,2.29,0,2,2,-3.9154732168644957,-2.2335605423378975,5.193683308670038,-3.9168384593788326,-2.201852407932947,5.143436741348913,390.673259973526
-3.7165924502813406,-0.7096503524181865,3.898206037095794,-3.8187668037788587,-4.23103326595949,4.990608173028808,-0.6788545259675747,-0.0004037091971831816,0.004870725124413115,-0.7342565257653391,0.13552921856925898,-0.0013218616866926978,-0.20783938388921558,-0.0023012388055576594,0.0023297307052416727,-0.007577221276733326,2495,827000000,2.32,0,2,2,-3.9154732168644957,-2.2335605423378975,5.193683308670038,-3.9176342393995642,-2.175198004248756,5.100686216251138,390.9418077468872
-3.7165924502813406,-0.7096503524181865,3.898206037095794,-3.8204151891513933,-4.199798268276003,4.940781913529707,-0.6795185056484401,2.16662564061095e-05,0.004759287665645678,-0.7336429303092886,0.1221112212270781,-0.0022643787022051686,-0.20945095493348265,-0.0015343255654443055,0.0040728582916926825,-0.007518886923207901,2496,35000000,2.34,0,2,2,-3.9154732168644957,-2.2335605423378975,5.193683308670038,-3.918082112715203,-2.151103325508088,5.061638161758461,391.2140898704529
-3.6604723982639324,-0.6745392031231582,3.824429495415056,-3.8213225707689786,-4.17668822487188,4.898716533332593,-0.6800688761988346,0.0004888873878119496,0.004525419921045136,-0.7331340976856241,0.10760743571064246,-0.003111882915129643,-0.21241642637292468,-0.0013318456126398814,0.005529463351194863,-0.007500893752876436,2496,269000000,2.37,0,2,2,-3.9154732168644957,-2.2335605423378975,5.193683308670038,-3.9183139530235604,-2.12239782521174,5.014728150202948,391.45224833488464
-3.6604723982639324,-0.6745392031231582,3.824429495415056,-3.8217699022960776,-4.158453069545068,4.860302962419272,-0.6805626581108054,0.0009577871571874528,0.004230293336009915,-0.7326770473047505,0.0938519811370836,-0.003776246343953111,-0.21523978184033274,-0.001055499546964711,0.0062940029692981625,-0.007490544339816552,2496,461000000,2.43,0,2,2,-3.918278959662126,-2.0985888657415286,4.975570087283648,-3.918278959662126,-2.0985888657415286,4.975570087283648,391.6811420917511
-3.601345169102129,-0.6389729068050737,3.753020396282527,-3.821885727225439,-4.142519071052112,4.821254625459191,-0.6810706143794267,0.0015557637970319178,0.004077760920907601,-0.7322047320891267,0.08212134631290376,-0.004422804837759868,-0.21916004683905105,-0.0034579280281832325,0.005724004313378828,-0.007899203228589613,2496,649000000,2.51,0,2,2,-3.918278959662126,-2.0985888657415286,4.975570087283648,-3.918085497003503,-2.077267677132606,4.940375576502634,391.92273688316345
-3.601345169102129,-0.6389729068050737,3.753020396282527,-3.821806992592212,-4.126693398724912,4.782012167259962,-0.6815969045146762,0.001901032026812979,0.004222764904753883,-0.7317132048075962,0.09294755791264152,-0.005303474443962843,-0.2171294442468779,-0.0036554687767420546,-0.001587248380019446,-0.008096104102151003,2496,836000000,2.6,0,2,2,-3.918278959662126,-2.0985888657415286,4.975570087283648,-3.91774079463479,-2.0560101811174687,4.905170745683821,392.13757395744324
-3.5393205795637037,-0.6028646205888604,3.6841225481205715,-3.821630755545668,-4.108591920383008,4.74319653934507,-0.682123269331159,0.0017881792228578953,0.004561961347014177,-0.7312207849621797,0.10529936990008473,-0.006855785199280989,-0.21512773543318747,-0.0013515180739887,-0.004751824553750339,-0.00788847501098644,2497,12000000,2.66,0,2,2,-3.9171985853510107,-2.0348227772262137,4.8699605310686715,-3.9171985853510107,-2.0348227772262137,4.8699605310686715,392.35726737976074
-3.5393205795637037,-0.6028646205888604,3.6841225481205715,-3.8211781685689443,-4.083697042508114,4.696292983855608,-0.6827268455081729,0.0014114488187292312,0.005063785394419692,-0.7306547887423792,0.11855713398869924,-0.008709757915179927,-0.212405654853482,-0.002426693799861823,-0.006454565664171241,-0.00737530776859785,2497,193000000,2.68,0,2,2,-3.9171985853510107,-2.0348227772262137,4.8699605310686715,-3.9163561953314745,-2.013742786384865,4.834678481016852,392.6113350391388
-3.474516308950366,-0.5661302442712226,3.61787470202627,-3.820557194680341,-4.054461365213079,4.650180492111045,-0.6833536413160937,0.0010280777618317041,0.005934639875020403,-0.7300626849837655,0.14123764859516466,-0.010450070018312035,-0.20880823377887853,-0.0029934175245216466,-0.008501969114149688,-0.008116348180919886,2497,408000000,2.67,0,2,2,-3.9171985853510107,-2.0348227772262137,4.8699605310686715,-3.9149662092055566,-1.9881778739231408,4.79161972310292,392.88463377952576
-3.474516308950366,-0.5661302442712226,3.61787470202627,-3.8197722083223415,-4.021560820282393,4.604840334613756,-0.6840332263646325,0.0006289195650301615,0.006704149369746745,-0.7294197721960929,0.15049876985333283,-0.011792662331185014,-0.20647796876945082,-0.002120634894708928,-0.005813111010866123,-0.008921558946894947,2497,619000000,2.63,0,2,2,-3.9131601759732906,-1.9628098728487413,4.748577343973749,-3.9131601759732906,-1.9628098728487413,4.748577343973749,393.1849293708801
-3.407057624756786,-0.5286887126424467,3.554410272345219,-3.818594582288525,-3.988672092043916,4.5596494697449055,-0.6848071767693182,0.0005397780981140896,0.007078575257321503,-0.7286897371701944,0.144798303975854,-0.013182517391920848,-0.2069145999545945,-0.0016550099189771572,-0.001306177944115916,-0.010171361918764887,2497,853000000,2.58,0,2,2,-3.9131601759732906,-1.9628098728487413,4.748577343973749,-3.910945848179545,-1.9376434875796114,4.705673521234407,393.45361065864563
-3.407057624756786,-0.5286887126424467,3.554410272345219,-3.8170254743856242,-3.956041369781792,4.5147061274767735,-0.6856724943248818,0.000588808613259802,0.00725786817113731,-0.7278737577219845,0.1452195617410267,-0.014452604464060303,-0.20503221979238268,-0.0011156190907968266,6.652999000600346e-05,-0.011423534124332946,2498,68000000,2.57,0,2,2,-3.9083103916825617,-1.9126602027493598,4.662903829575938,-3.9083103916825617,-1.9126602027493598,4.662903829575938,393.7100353240967
-3.3370770889519026,-0.49046227742735693,3.4938570679927823,-3.815182951108159,-3.927589889816429,4.473947096318539,-0.6865693068352761,0.0008238501458219562,0.007175585575434728,-0.7270284857928988,0.1350897413738586,-0.015769099867274216,-0.20530365143213358,-0.0008542375780962175,0.003384048295629327,-0.012851472092734184,2498,281000000,2.59,0,2,2,-3.9083103916825617,-1.9126602027493598,4.662903829575938,-3.905278287408845,-1.8878275071968456,4.620253627991774,393.9894645214081
-3.3370770889519026,-0.49046227742735693,3.4938570679927823,-3.812443043632353,-3.895467775768986,4.42520889211433,-0.6876932049634521,0.0011823614151254933,0.006971157385934908,-0.7259669832941991,0.1268241335063524,-0.0171664180594077,-0.2038827926974125,-0.0010011944254983973,0.003688374999910593,-0.013095370286464458,2498,495000000,2.64,0,2,2,-3.9083103916825617,-1.9126602027493598,4.662903829575938,-3.902200171449219,-1.865337740260137,4.581578716458172,394.25703406333923
-3.264714245625722,-0.45137677799617903,3.4363370350639464,-3.809967734435094,-3.873263640378258,4.388661026690744,-0.6885686656886212,0.0015564397033066904,0.0067526103235520055,-0.725138036777178,0.11594768074352038,-0.018427101584378124,-0.2044323115983786,-0.001035646175751026,0.005149781372892903,-0.01362098591926042,2498,719000000,2.71,0,2,2,-3.9083103916825617,-1.9126602027493598,4.662903829575938,-3.898103905683978,-1.8384789257249208,4.535384902128332,394.5322561264038
-3.264714245625722,-0.45137677799617903,3.4363370350639464,-3.8071044087103,-3.8533635227547243,4.351935347808824,-0.6894466330199981,0.002017687951616589,0.006445629058796073,-0.7243049930925191,0.10160639700602148,-0.019509844777610988,-0.20548116025293192,-0.000996364417460427,0.00651013206152129,-0.013362830850383034,2498,899000000,2.79,0,2,2,-3.8947325544121245,-1.818417310241386,4.5008674090555,-3.8947325544121245,-1.818417310241386,4.5008674090555,394.7700536251068
-3.1901152907940897,-0.41136190002975215,3.381966011250113,-3.8038517998529824,-3.8360561734105243,4.3148717213924055,-0.690317291431289,0.0026459623408094934,0.006239310756216277,-0.7234750217081076,0.08760601404227969,-0.020636460955177953,-0.20777157950435815,-0.0032980826290440746,0.006525856088046567,-0.013418610706139589,2499,89000000,2.89,0,2,2,-3.8947325544121245,-1.818417310241386,4.5008674090555,-3.891140286622893,-1.79844698562844,4.46655146127444,395.0059492588043
-3.1901152907940897,-0.41136190002975215,3.381966011250113,-3.799878350987796,-3.8184946147370695,4.2736000598780235,-0.6912409662019909,0.003184268437429208,0.006190083857503378,-0.7225908039412716,0.08533509536482858,-0.021597954458596604,-0.2060638943452351,-0.0031260659625331755,0.0023034530613585957,-0.012341220462985802,2499,274000000,3.01,0,2,2,-3.8873206312003656,-1.7785128795067826,4.4324060273241574,-3.8873206312003656,-1.7785128795067826,4.4324060273241574,395.23594522476196
-3.113432725201406,-0.3703514213601768,3.330853492557396,-3.7960026127222215,-3.803043674267276,4.236707721259419,-0.6920121183794795,0.00342422750649414,0.006211915006890199,-0.7218510336585214,0.08293131927815311,-0.023178680341421044,-0.20521515766689644,-0.0017830982528721506,0.0012894267456431407,-0.011586464461288415,2499,464000000,3.14,0,2,2,-3.8873206312003656,-1.7785128795067826,4.4324060273241574,-3.8827944189981807,-1.7563719696962814,4.39462063661332,395.4655270576477
-3.113432725201406,-0.3703514213601768,3.330853492557396,-3.79186730696502,-3.786752161674586,4.20021217982859,-0.6926863342724839,0.0034521981095708815,0.006397179634186746,-0.7212023299553939,0.09454268688307159,-0.024444984781459164,-0.20172841875508216,-0.0015840622495488788,-0.003194439341314137,-0.00950672820181353,2499,654000000,3.23,0,2,2,-3.878471506129062,-1.7364494424047117,4.360765884538782,-3.878471506129062,-1.7364494424047117,4.360765884538782,395.6903929710388
-3.034824991006352,-0.32828344424628625,3.283102412796271,-3.7870292911479577,-3.7665959905341877,4.160309062904469,-0.6933620409169424,0.00333377395872163,0.006817662463875315,-0.7205494331725014,0.10212495210727343,-0.026063407428423724,-0.1992253219026831,-0.0022378372250386747,-0.004056207262692624,-0.00937759350563283,2499,836000000,3.18,0,2,2,-3.873441946148229,-1.714343392738091,4.323387613036853,-3.873441946148229,-1.714343392738091,4.323387613036853,395.9316108226776
-3.034824991006352,-0.32828344424628625,3.283102412796271,-3.781961959155161,-3.743637688550704,4.1211963469881985,-0.6939745877717434,0.0030494008824258436,0.007381181889043575,-0.7199552005751593,0.12206533523466793,-0.027343132952876298,-0.1942239968607118,-0.0019638453750303597,-0.007225663011922734,-0.007962771906022681,2500,29000000,3.31,0,2,2,-3.873441946148229,-1.714343392738091,4.323387613036853,-3.8686900279707204,-1.6944397174715584,4.289927931777944,396.17145824432373
-2.954456093278317,-0.28510061338424086,3.238808936286529,-3.7761726331487857,-3.7141990049027354,4.079278483800543,-0.6946607713192192,0.0026535212104742247,0.008102383679730325,-0.7192869545557457,0.13789403274632345,-0.028954749270106696,-0.18998626542475472,-0.0018047325283987448,-0.006521818340843311,-0.009404936281498522,2500,224000000,3.3,0,2,2,-3.8630460497316554,-1.672354700508944,4.252961458854794,-3.8630460497316554,-1.672354700508944,4.252961458854794,396.4574861526489
-2.954456093278317,-0.28510061338424086,3.238808936286529,-3.7688473850016107,-3.6775904204043983,4.03069534521035,-0.6956707210362658,0.0024266615843105714,0.008655811630329947,-0.7183045566690061,0.13841048626065466,-0.030849578700008345,-0.1871849521656539,-0.0027748081947720493,-0.0026376568484920426,-0.012284190597711131,2500,451000000,3.27,0,2,2,-3.856294775185895,-1.6481711061850763,4.212589781291128,-3.856294775185895,-1.6481711061850763,4.212589781291128,396.76447653770447
-2.8724952072728698,-0.24075031899626043,3.1980622641951673,-3.7621802700259317,-3.646604271487152,3.9901219413556657,-0.6967395712969334,0.0025101644567346467,0.008982168936210868,-0.7172635425731372,0.1374326547850416,-0.03225665376848906,-0.18527314482497784,-0.002172370523112477,-0.0006866525609439122,-0.01455627461837139,2500,710000000,3.27,0,2,2,-3.856294775185895,-1.6481711061850763,4.212589781291128,-3.847635919556386,-1.6197768827457133,4.165367277156075,397.0455312728882
-2.8724952072728698,-0.24075031899626043,3.1980622641951673,-3.7550838777483473,-3.6166326584221964,3.94997148119444,-0.6979889140154589,0.0027306948491968917,0.00906414074420241,-0.7160459905409218,0.12950377262146154,-0.03357341541621301,-0.1835547504829329,-0.0017040786474353808,0.002072356323878921,-0.01685005827312125,2500,934000000,3.31,0,2,2,-3.856294775185895,-1.6481711061850763,4.212589781291128,-3.83973345292475,-1.595890790350148,4.125820390026333,397.313392162323
-2.789116272491974,-0.19518488438498813,3.1609444548970997,-3.747406029267893,-3.5896975720188715,3.90989500201225,-0.699414203799453,0.0032065287191771832,0.008860163158087084,-0.7146544530092583,0.11156599476103461,-0.03563643171211646,-0.18405140173750736,-0.0015547811699434533,0.005660553642883315,-0.01889289324026322,2501,149000000,3.39,0,2,2,-3.856294775185895,-1.6481711061850763,4.212589781291128,-3.83137776523656,-1.5721391422601754,4.086730546518459,397.5835380554199
-2.789116272491974,-0.19518488438498813,3.1609444548970997,-3.740639428759236,-3.5707478250317752,3.8769363050774266,-0.7006436357339324,0.0037432533262062705,0.008533362557429465,-0.7134505347138901,0.0960782320300797,-0.037233653980064466,-0.1849119826004051,-0.0014753248933629948,0.007188459949247772,-0.019326979418110568,2501,372000000,3.53,0,2,2,-3.856294775185895,-1.6481711061850763,4.212589781291128,-3.8225730245681673,-1.548450755880353,4.048100297413024,397.79137682914734
-2.7044975745700466,-0.1483617373876593,3.127530258720528,-3.732631727400831,-3.552766827630205,3.8400130816345954,-0.7020029818188762,0.004503330249564561,0.008277240255345946,-0.7121116631735678,0.0813642180799688,-0.039074900434546124,-0.18677067548128998,-0.0037310842344595585,0.006757104620191967,-0.018817087766365148,2501,542000000,3.69,0,2,2,-3.8149847623579807,-1.529104786710993,4.016814547972119,-3.8149847623579807,-1.529104786710993,4.016814547972119,398.03849625587463
-2.7044975745700466,-0.1483617373876593,3.127530258720528,-3.72499139607104,-3.538978070661088,3.8064245270510035,-0.7031324383691276,0.00513096434321107,0.008107766014137112,-0.7109941711774109,0.069948445109346,-0.04072918042801732,-0.18854500242737715,-0.0033341899325023405,0.0056762191888992675,-0.016976076403807383,2501,746000000,3.89,0,2,2,-3.8061960368933083,-1.5076901212708453,3.9824639854662034,-3.8061960368933083,-1.5076901212708453,3.9824639854662034,398.26719880104065
-2.6188213160588383,-0.10024356521196076,3.097886967409696,-3.7161531141076773,-3.5246485348839913,3.7692131205408597,-0.7042036282401977,0.00566346507032131,0.00826580636917589,-0.7099273565526306,0.07187023275211338,-0.041719616600600994,-0.18562807867916842,-0.004777115191245684,0.00020489216865371418,-0.013814287467539543,2501,935000000,4.07,0,2,2,-3.7979729502929853,-1.4884689280683403,3.9519246336745466,-3.7979729502929853,-1.4884689280683403,3.9519246336745466,398.48321628570557
-2.6188213160588383,-0.10024356521196076,3.097886967409696,-3.7062164503239567,-3.5070762176351757,3.729280351500309,-0.7050769146265375,0.005772568746339564,0.00879393662236097,-0.7090528108607094,0.08647922615702044,-0.042383230158875504,-0.17988940030763892,-0.001902730969050026,-0.004902216915070312,-0.009200976364809321,2502,125000000,4.23,0,2,2,-3.7979729502929853,-1.4884689280683403,3.9519246336745466,-3.788499157764186,-1.4671271791450013,3.9184018582606974,398.74578070640564
-2.532273177214056,-0.050798452185331265,3.072074278608297,-3.6979077932867344,-3.4893867305704624,3.6977065412832157,-0.705557482002891,0.00542715542184375,0.009262893856871977,-0.7085713685798795,0.10629659691464685,-0.04351084588704988,-0.17416499243963643,-0.000794465768194641,-0.007404864572890801,-0.006444122664106544,2502,340000000,4.32,0,2,2,-3.7777309929571845,-1.4437116764596896,3.8821149790272473,-3.7777309929571845,-1.4437116764596896,3.8821149790272473,399.0051326751709
-2.532273177214056,-0.050798452185331265,3.072074278608297,-3.6865309084381965,-3.461645507920766,3.6570822914186563,-0.7061221891879083,0.004878152131812373,0.009881159598424595,-0.7080042515785093,0.12211152472949442,-0.04494244138790024,-0.16796097628173173,-0.0016057940342761867,-0.006709805438731564,-0.006930041263331077,2502,536000000,4.24,0,2,2,-3.767582691958634,-1.422435448677083,3.8496477729221303,-3.767582691958634,-1.422435448677083,3.8496477729221303,399.27951192855835
-2.4450418679126313,-1.6055016990011418e-15,3.0501441756363534,-3.6738073645213376,-3.426708913683706,3.6149194638889535,-0.7068353907676642,0.0044232830655257325,0.010646875474390447,-0.707284107673768,0.1404494614748102,-0.046356641987331124,-0.16107865079047196,-0.0011784212460952403,-0.005880648541278788,-0.009289821446145652,2502,772000000,4.34,0,2,2,-3.767582691958634,-1.422435448677083,3.8496477729221303,-3.756010984270929,-1.3990441637039281,3.81453407359607,399.58788204193115
-2.4450418679126313,-1.6055016990011418e-15,3.0501441756363534,-3.6617173058743995,-3.391911481016496,3.5774597271413264,-0.7077972002545051,0.004148837769140263,0.011097630196009485,-0.7063163264862861,0.14320014255300823,-0.04767443201070974,-0.15666105073214615,-0.0008523373935531708,-0.0022470058411272475,-0.013979187679069582,2503,25000000,4.33,0,2,2,-3.7417275221714146,-1.3714511202643662,3.773863140405306,-3.7417275221714146,-1.3714511202643662,3.773863140405306,399.88390040397644
-2.3573186718534025,0.05217256991149122,3.0321408228027416,-3.6501082400671647,-3.3614550117642885,3.543711559372136,-0.7091254624315563,0.004255099239328708,0.011119279117114765,-0.7049817971363589,0.1316739764299932,-0.04987987189419037,-0.15498783597540836,-0.0001949446684079703,0.0020995122440581326,-0.019339596838108264,2503,258000000,4.36,0,2,2,-3.7417275221714146,-1.3714511202643662,3.773863140405306,-3.7279819032442365,-1.3460430364790061,3.737146439119513,400.1705129146576
