x_ref,y_ref,z_ref,x,y,z,eta,e1,e2,e3,u,v,w,p,q,r,sec,nanosec,angle2,angle3,control_mode,std_test
0.0,0.0,5.0,-0.19598176624575056,-0.6602106244872185,4.93331958921088,-0.6786490343363261,0.001093946291715133,0.0007255615547159839,-0.7344615476907645,-0.05917290184019808,-0.012571568868270152,0.002190433283583132,9.609251918618611e-05,-0.0015760044448143162,-0.017034061238518916,11397,181000000,9.45,0,2,3
0.0,0.0,5.0,-0.19352619683173336,-0.6669204870265543,4.933715813163123,-0.6795267115811899,0.0010142050629726271,0.0007960224808879124,-0.7336496343514077,-0.040755765660144994,-0.014729654160376457,0.0032364146467775247,-6.874060005657157e-05,-0.0015137124137254432,-0.017166623911180068,11397,326000000,9.32,0,2,3
0.002985000000000067,0.0,5.0,-0.1906386459488751,-0.6716197546529166,4.934330958368102,-0.6805398425631718,0.0009340885391536677,0.0008768977695913325,-0.732709957086019,-0.022094758318186497,-0.016637330296435677,0.004269831708894359,-5.260212034841061e-05,-0.0013687905379811127,-0.01734925444907276,11397,510000000,9.17,0,2,3
0.011880000000000134,0.0,5.0,-0.18844111757611354,-0.6732940733987108,4.934892774509748,-0.6813069759955726,0.000875094684036221,0.0009269618552352782,-0.7319967072403955,-0.009641336829537744,-0.01774765877663294,0.004924018366034629,0.00013814448180937688,-0.0012685292517744529,-0.017572895376360975,11397,692000000,9.0,0,2,3
0.026595000000000202,0.0,5.0,-0.18585621114327627,-0.6734671815111672,4.935639926722138,-0.6822168294296896,0.0008084131395089029,0.000975912562294505,-0.7311488163881331,0.0034138569251638854,-0.018826896810329327,0.005597315573463562,0.00013535609326709164,-0.0011286319590908533,-0.018009900304605253,11397,909000000,8.88,0,2,3
0.04704000000000026,0.0,5.0,-0.18325339480977051,-0.6719238988456924,4.936475142020333,-0.6831517580318466,0.0007531120348059663,0.0010229719094190224,-0.7302753329044688,0.014980650261308015,-0.019684118177580874,0.006162506848409289,-4.7966160821033554e-05,-0.00101373136658367,-0.01851609631557949,11398,101000000,8.74,0,2,3
0.07312500000000033,0.0,5.0,-0.18063581532283374,-0.6688744934048678,4.937380161309456,-0.6841078827861733,0.0007028597694012536,0.0010661400522822254,-0.7293797186948323,0.02508930465217512,-0.02046344981591176,0.006592718857125819,0.0001358610575152852,-0.000939450887926796,-0.018854770496545825,11398,291000000,8.59,0,2,3
0.07312500000000033,0.0,5.0,-0.17759781719286039,-0.6637932475019148,4.938481284116221,-0.6852146492080203,0.0006457433882143589,0.001105619345296673,-0.7283400614630978,0.03504580428612432,-0.021387875235836514,0.007002090039977182,0.00012924769237088185,-0.0008245792230354709,-0.019072223039984237,11398,426000000,8.45,0,2,3
0.1047600000000004,0.0,5.0,-0.17487093917387986,-0.6581447970914053,4.939497210640871,-0.6861899568319668,0.0006024689292742212,0.0011349943746681366,-0.7274212616922205,0.04244533433816227,-0.0223233314233209,0.007324848443345367,0.0001206103931394864,-0.0007065402144235122,-0.019194302876712754,11398,603000000,8.29,0,2,3
0.14185500000000045,0.0,5.0,-0.17164029302723618,-0.6505339595054248,4.940706779273224,-0.6873094932785925,0.0005705590972411896,0.0011726453671598715,-0.7263635176784994,0.04956446341897886,-0.023331904316743313,0.007549983188257369,-0.0002405608753974775,-0.000578198938683272,-0.01929759073391324,11398,760000000,8.13,0,2,3
0.18432000000000054,0.0,5.0,-0.1674195012947582,-0.6395985878939282,4.942255094687755,-0.6887207728620593,0.0005512004566093757,0.0012220289185182664,-0.7250254477269514,0.05676703699103418,-0.02463854869394083,0.007708055031287982,-0.00015125724956988051,-0.00043892753751606506,-0.019608620277722366,11398,903000000,7.96,0,2,3
0.2320650000000006,0.0,5.0,-0.1633789822958403,-0.6286642305432047,4.943666918513908,-0.6900138308252067,0.0005318260564706216,0.0012433615684501644,-0.723794918801575,0.06194466435628515,-0.026124164973495474,0.007738528017452034,3.61928528674893e-06,-0.00027655111409785604,-0.019986971892649308,11399,25000000,7.74,0,2,3
0.28500000000000064,0.0,5.0,-0.1595417720109569,-0.6183014009907312,4.944921637457918,-0.6911759596368486,0.0005103227340666467,0.0012485292994646982,-0.7226852520740802,0.06490108003395847,-0.027710915354123993,0.007682918232883765,0.00017868093351580683,-0.00025679805730760563,-0.020157110338914208,11399,174000000,7.54,0,2,3
0.3430350000000007,0.0,5.0,-0.15554323598833916,-0.6095771462944222,4.946104291049057,-0.6922350796046073,0.0005041771718740451,0.0011977371010723718,-0.7216709123942984,0.037156275225473184,-0.026464727677815075,0.006727447870119856,0.0006593430555312807,0.0010410189815956983,-0.016145311019499786,11399,316000000,7.35,0,2,3
0.4060800000000008,0.0,5.0,-0.15210894045494192,-0.6074094410832701,4.946927188858706,-0.6929302090511287,0.0005450019425197892,0.0010707934455979982,-0.7210036627914165,-0.00990413680071313,-0.023718478442132703,0.00472316901059746,0.0010782699519040762,0.002250929946967517,-0.01137393010139931,11399,448000000,7.16,0,2,3
0.4740450000000009,0.0,5.0,-0.14878136917697737,-0.612518658956314,4.947418825558663,-0.6933993035537543,0.000638205812418159,0.000903037358973474,-0.7205526927630189,-0.06059614287513755,-0.021387560087779676,0.0024332800814898404,0.0005731181090595783,0.002828877609317715,-0.007680836506551714,11399,590000000,7.03,0,2,3
0.5468400000000009,0.0,5.0,-0.14494953370536962,-0.6265355328242642,4.947604793178891,-0.6937491442844561,0.0007837068570566656,0.0007180608945606629,-0.7202159363667946,-0.11186327883827211,-0.020208287129216886,-9.528449207382538e-06,0.0002894521742291545,0.0029211464379841345,-0.004780395602210774,11399,729000000,6.91,0,2,3
0.624375000000001,0.0,5.0,-0.14037932863753264,-0.6512837079620561,4.947385765368356,-0.6939824947747185,0.0009609889836208722,0.0005309832534865783,-0.7199910357103173,-0.16062550126869563,-0.02056275962999366,-0.002424108121395884,5.319626126265575e-05,0.0027786922601080732,-0.0027171108058610116,11399,873000000,6.79,0,2,3
0.7065600000000011,0.0,5.0,-0.13520664911588243,-0.6822678867457674,4.946879445047409,-0.6941407363736647,0.001152532897183624,0.0003775007514662703,-0.7198382924433306,-0.18219571763985976,-0.02420816374858155,-0.003443850573501269,-0.0003048311356224076,0.0026271490241924766,-0.0022704743287249585,11400,41000000,6.66,0,2,3
0.7933050000000011,0.0,5.0,-0.12827878657331795,-0.7172280497629793,4.946301883347286,-0.6943653833991328,0.0013466901811317877,0.0002895286910217005,-0.7196213010574857,-0.16760053065388528,-0.03217479289744559,-0.0028283657388555533,-0.0007548411986135761,0.0014873482314214925,-0.0038046713825679035,11400,176000000,6.51,0,2,3
0.8845200000000012,0.0,5.0,-0.1215385621940391,-0.7410125225578101,4.945995119588364,-0.6945731178745898,0.0014349343677872994,0.00034944563819038377,-0.71942060213555,-0.13473991922550993,-0.04079212783059839,-0.0017259680742511146,-0.001311044150043017,-0.0005510728385615948,-0.003457987941146712,11400,329000000,6.32,0,2,3
0.9801150000000013,0.0,5.0,-0.11468695060627504,-0.7575847080242138,4.945870616833095,-0.6947229344963839,0.001453846942295799,0.00047126098853621646,-0.7192758222871682,-0.10735736012886457,-0.04828751643473893,-0.0007079622144104821,-0.0014782018411096942,-0.0013315955243342614,-0.002439913737362076,11400,522000000,6.16,0,2,3
1.0800000000000012,0.0,5.0,-0.10574639950106351,-0.7720013097868342,4.945892194734346,-0.6948350401214584,0.0014483169966957505,0.0006370566598238167,-0.7191674099652322,-0.0788514894520883,-0.05673915812292725,0.0003299880888053648,-0.0014215048054211366,-0.0015459782616744633,-0.0015415591633427539,11400,713000000,6.0,0,2,3
1.1840850000000014,0.0,5.0,-0.09559225547364199,-0.7820791485458942,4.94606320332126,-0.6949404444828251,0.0014433279601092839,0.0008119569082772292,-0.7190653907346618,-0.05349561194960345,-0.06527683002049679,0.0012197750878512798,-0.0015453555420208431,-0.0015805404018465197,-0.0023682519895373844,11400,881000000,5.83,0,2,3
1.2922800000000014,0.0,5.0,-0.0856987628308106,-0.7877371098875483,4.946320826376894,-0.6951061911693031,0.0014397111172596868,0.0009650878803291954,-0.7189049859580794,-0.03385495917962984,-0.07277075650588737,0.0018602006367510857,-0.0015086723124113632,-0.0015427350831487274,-0.004270095860192669,11401,17000000,5.65,0,2,3
1.4044950000000016,0.0,5.0,-0.07484400243483566,-0.7907820133390008,4.946661010355995,-0.6953851789937922,0.00144578490173488,0.001121613938290838,-0.718634889581603,-0.01635271968528302,-0.08037331910305431,0.002366178353169625,-0.0018298031022823125,-0.0014711064636685478,-0.006932780070201261,11401,166000000,5.46,0,2,3
1.5206400000000015,0.0,5.0,-0.05940216278661104,-0.7913160349539631,4.947198099521904,-0.6959805092169301,0.0014613755700476775,0.0013157122068470834,-0.7180579809966424,0.0033146611771340956,-0.09042815279142702,0.002906772846600468,-0.0015285127005881805,-0.0013128401178619242,-0.011371170876373071,11401,315000000,5.26,0,2,3
1.6406250000000018,0.0,5.0,-0.046192940098253726,-0.7894323617963352,4.947682195324753,-0.6966580367805952,0.0014880630893498897,0.0014676806174697716,-0.7174003145879251,0.01664808702871135,-0.09838566204488847,0.0032091007220892385,-0.001838107800722355,-0.0012229027333887643,-0.01515222566013108,11401,471000000,4.94,0,2,3
1.7643600000000017,0.0,5.0,-0.03193722327108364,-0.785796898216567,4.948210862148079,-0.6975039326168655,0.0015185456215357782,0.0016135539619417517,-0.716577528566738,0.028439094514284717,-0.1062553154600496,0.003422067760008409,-0.001768157267179049,-0.0011472082746877277,-0.018480472317605745,11401,655000000,4.64,0,2,3
1.8917550000000016,0.0,5.0,-0.016592567750977574,-0.780638498442097,4.94877088108552,-0.6985243831602892,0.0015618175436311527,0.001761640060333987,-0.7155823806388719,0.03860641288321265,-0.11428429994262859,0.0035303227347786006,-0.00206281806640618,-0.00100803141549477,-0.022118565902928822,11401,841000000,4.31,0,2,3
2.0227200000000014,0.0,5.0,-0.00012894225654501535,-0.7741940739479151,4.949355688310823,-0.6997263109903801,0.001616254950450962,0.0019067504128180745,-0.7144066361188087,0.04728953661579175,-0.1224788769241855,0.003655029588331786,-0.0019729448013094952,-0.0009186085321744031,-0.02574347181507619,11402,20000000,3.93,0,2,3
2.1571650000000018,0.0,5.0,0.020102300486388534,-0.7655126704062484,4.950055370263133,-0.7013088819565949,0.001684007660458704,0.0020669576117625025,-0.7128525400762917,0.05573715906076023,-0.13190936297006664,0.0036891365660060385,-0.002029874167419621,-0.0008255391776401666,-0.029505400561902206,11402,200000000,3.52,0,2,3
2.2950000000000026,0.0,5.0,0.0390718745809106,-0.7569558031549144,4.950672543242749,-0.7028601969505854,0.0017530466579380919,0.0022063620493630244,-0.7113224320492826,0.06205096914934988,-0.1403181196097799,0.0035514218699598753,-0.0021248765506243217,-0.0007435243787767831,-0.032556327278143726,11402,338000000,2.99,0,2,3
2.4361350000000024,0.0,5.0,0.06523697824232375,-0.7448748595045301,4.951450931738235,-0.7050640567324044,0.0018391893439269288,0.002369111707609631,-0.7091372790908109,0.06901775160527877,-0.1510571120582328,0.0033365468217134695,-0.0017923894006344199,-0.0006501987115825614,-0.036229936449672095,11402,497000000,2.49,0,2,3
2.5804800000000023,0.0,5.0,0.08699334997179559,-0.734794078181553,4.952047182571824,-0.706938378530637,0.0019231227035880448,0.0025031152596381636,-0.7072680997850372,0.07359935447519525,-0.15960824115769873,0.0031822799982409457,-0.002262293173771468,-0.0005914791245231754,-0.039105112955439836,11402,640000000,1.79,0,2,3
2.727945000000002,0.0,5.0,0.1307155811144937,-0.7167988179991241,4.953105437356711,-0.7100272235602287,0.002087934767009786,0.0027291339875162926,-0.7041658427951754,0.05387538974773133,-0.17607007977544065,0.0023896054945448737,-0.0024558221866755048,0.00044872768683035247,-0.016652384329063352,11402,789000000,1.2,0,2,3
2.878440000000002,0.0,5.0,0.15985285642326671,-0.7120462817445716,4.953597069248527,-0.7100226037232413,0.002300771526760859,0.0027818446416904884,-0.7041696315468595,0.012150548386174825,-0.18672831814752022,0.0012469174779153255,-0.0022217332343643648,0.0019828889207929024,0.011346270730427932,11402,934000000,0.28,0,2,3
3.0318750000000025,0.0,5.0,0.19069499336471907,-0.7148142094335277,4.953859257317373,-0.7084543389344987,0.002613373074572285,0.002822733694602888,-0.7057461669046065,-0.04291070142830122,-0.19835777145356775,-0.0008426499698096586,-0.0033911795526364585,0.002872669642783876,0.042160574230365455,11403,108000000,0.38,0,2,3
3.188160000000002,0.0,5.0,0.22342778882558112,-0.7261998464401425,4.953794414139338,-0.7053509941214405,0.0029838584025308054,0.002867453442319692,-0.7088461394348461,-0.09523241407211813,-0.20996492985582454,-0.0030860064706916116,-0.003748360541067086,0.003249480846534425,0.06505928322440013,11403,233000000,0.48,0,2,3
3.347205000000003,0.0,5.0,0.27170804133098414,-0.7537097093022903,4.953204166512341,-0.6992924215766857,0.0035274445284537484,0.002943953108663394,-0.7148209561845592,-0.1533924647218537,-0.22429942226899616,-0.005896982988688235,-0.003417633115532226,0.003432322887420014,0.08535311644664034,11403,383000000,0.4,0,2,3
3.5089200000000025,0.0,5.0,0.31868001405436225,-0.7854922139990038,4.952407014913667,-0.6931610497693949,0.003944215857414077,0.0029490317414625315,-0.7207659158531626,-0.17514466193542383,-0.23439802810210505,-0.00672431193142808,-0.0022795041104473057,0.003175375195496599,0.08397999627050012,11403,529000000,0.33,0,2,3
3.6732150000000026,0.0,5.0,0.35794563572101984,-0.8106178937190861,4.951780638822687,-0.689031607325615,0.00415846285462123,0.002917424869412683,-0.7247134881628031,-0.16175998229188499,-0.24122682190474784,-0.006422391283526924,-0.0013313720387486683,0.0021084665604576003,0.0630520298727788,11403,678000000,0.74,0,2,3
3.8400000000000025,0.0,5.0,0.3983861137649786,-0.832222108596183,4.951236672672251,-0.685832205225442,0.004273948800330607,0.0029384188830682886,-0.727741221404784,-0.13389431423114725,-0.24822830372743784,-0.005915570858560345,-0.0009893369565361354,0.00014851851659614113,0.04809192359971348,11403,833000000,1.02,0,2,3
4.009185000000003,0.0,5.0,0.45041352497342685,-0.8516637016748518,4.950702625422756,-0.6826437928208433,0.004286073913302545,0.0030738728008816597,-0.7307322580806099,-0.09602705898019985,-0.2580812687228847,-0.005146639263720995,-0.0009655851840761898,-0.0010711197660384641,0.040982425707625225,11403,979000000,1.16,0,2,3
4.180680000000002,0.0,5.0,0.49330131078934125,-0.8617479715590378,4.9503842946635075,-0.6804463198652386,0.0042574813326199,0.0032179190053160077,-0.732778496294638,-0.0700074865683755,-0.2669289871548321,-0.004678088886935156,-0.0009819190950111079,-0.0014173651379678631,0.03500189632177353,11404,146000000,1.22,0,2,3
4.354395000000002,0.0,5.0,0.5317956222128173,-0.8671140593815851,4.950173802079898,-0.6788566980417279,0.0042299305753856825,0.003356987121914905,-0.7342509256709675,-0.05018410803948302,-0.27500982588950984,-0.004315586547662369,-0.0012116264088035678,-0.0015068648622218461,0.027171406509296503,11404,300000000,1.21,0,2,3
4.530240000000003,0.0,5.0,0.5769641161093553,-0.8698225076781537,4.950004250526756,-0.6775976951154676,0.004213092837586892,0.0035291591598944167,-0.7354122370878604,-0.030620058522209247,-0.28462875057619413,-0.004012939891637243,-0.00158805712544563,-0.0014802936334490369,0.015193047875072807,11404,545000000,1.15,0,2,3
4.708125000000003,0.0,5.0,0.6293907047652784,-0.8691938213307068,4.949889576187879,-0.6771212081690648,0.004214994815828625,0.003737774714861183,-0.7358499387147824,-0.012088988086157914,-0.29579807081059367,-0.0037593862144207333,-0.001717068835205282,-0.0015586279914714396,0.0003067303016024425,11404,718000000,0.98,0,2,3
4.887960000000002,0.0,5.0,0.6775236707978484,-0.8659376456522128,4.949839142775285,-0.6775358312499369,0.004228146650489737,0.003933551710129086,-0.7354670946543447,0.0018420246901570461,-0.306247703248535,-0.0037413175017130774,-0.0018559193563305598,-0.001568933612361434,-0.012237835380801698,11404,879000000,0.65,0,2,3
5.069655000000004,0.0,5.0,0.7208349199053855,-0.8613539169240038,4.9498221765901524,-0.6784160482756488,0.004236293547367562,0.004091795414569224,-0.7346543244746596,0.012439093079888955,-0.31510438464839685,-0.00373086544973177,-0.0016571193327763467,-0.0015259570773196174,-0.021384417595982086,11405,33000000,0.29,0,2,3
5.253120000000004,0.0,5.0,0.7717126367007927,-0.8544919316948892,4.949831229382079,-0.6799548939360112,0.004256244591941293,0.004272319143740869,-0.7332291414582315,0.022792858142337023,-0.32501237940448163,-0.003782634737405418,-0.0019863149191223783,-0.0015050468050503696,-0.030725981741852593,11405,237000000,0.42,0,2,3
5.438265000000004,0.0,5.0,0.8174715994039221,-0.8473573716569688,4.949854397619505,-0.6817367983540925,0.00428411158320435,0.00443562032330485,-0.731571534048586,0.030424892345065856,-0.33376248540499837,-0.003915013540437948,-0.001961783823389851,-0.0015169318317020952,-0.038226207107072696,11405,447000000,1.02,0,2,3
5.6250000000000036,0.0,5.0,0.8644223031628816,-0.8393961578663536,4.949885631370249,-0.6838693980016304,0.00430908819367081,0.004589545333413664,-0.7295772846720621,0.03708671974465757,-0.3425396271041534,-0.0040553003475700105,-0.0017603920127839956,-0.001481780986978265,-0.04482320582610555,11405,603000000,1.66,0,2,3
5.813235000000003,0.0,5.0,0.9125986634796559,-0.8307824723650992,4.949921682598191,-0.6863160661035175,0.004340143857669563,0.004739183252429658,-0.7272750241150776,0.04301075611464718,-0.35132604623466746,-0.004288473282760805,-0.0019421712750045117,-0.0014159453257889254,-0.05079696165921632,11405,765000000,2.37,0,2,3
6.002880000000004,0.0,5.0,0.9620486208818297,-0.8194553371259927,4.951686744306419,-0.6890572899596998,0.004324687702924329,0.004822871858247224,-0.7246779202767979,0.08912732688377509,-0.36314254607097973,0.027662413145298697,0.001956670166691765,-0.0011630096196313389,-0.05733198740927037,11405,965000000,3.14,0,2,3
6.193845000000003,0.0,5.0,1.0276228956308566,-0.7932663059101123,4.96278909130838,-0.6931857683991095,0.003918126381315573,0.004392936952662183,-0.7207349310804395,0.1631069175341977,-0.3778018804823987,0.0822074822206292,0.010493072204553755,0.0006803715507430752,-0.0693061709171161,11406,123000000,3.98,0,2,3
6.386040000000003,0.0,5.0,1.1261690310078927,-0.7354998798674082,4.994636107931075,-0.7006332633321684,0.0028078537660118095,0.002551077847714905,-0.7135114843305326,0.2522060799114315,-0.3930256895965031,0.15039993961013323,0.021851011661055963,0.006158401583888917,-0.09205297101289034,11406,278000000,5.17,0,2,3
6.579375000000004,0.0,5.0,1.2048249222717746,-0.6783525640835817,5.02985251988923,-0.7079044833915269,0.0017385344526392843,0.00017358472509663493,-0.7063060170779203,0.3079319901325651,-0.39847371536673426,0.19521392844301708,0.026219486426271033,0.01153145931311883,-0.10958466591546312,11406,412000000,7.14,0,2,3
6.773760000000003,0.0,5.0,1.2783726974785508,-0.6238365625143024,5.0682526526880025,-0.7117021875535765,0.0008140270071856656,-0.0029215040019782076,-0.7024747670954818,0.30244401446270963,-0.41269589875400214,0.23114187937241254,0.033329576763208024,0.020676080384873785,-0.026960506147588603,11406,611000000,8.89,0,2,3
6.969105000000003,0.0,5.0,1.355802564603743,-0.572552879669688,5.1122146964194695,-0.7115044796189176,-0.00013724224830289527,-0.0068628277607018316,-0.7026480329737681,0.2756648292863096,-0.43560322474344765,0.26463298488977854,0.04049596609547734,0.02523594503145432,0.024003015823836904,11406,776000000,10.02,0,2,3
7.165320000000004,0.0,5.0,1.437683328484073,-0.5255070282979626,5.161129968634229,-0.7096225268070663,-0.0012769655532535035,-0.011183006076910307,-0.7044921427397285,0.2513956810571623,-0.4592961558892668,0.2952269697394018,0.044260715367272496,0.02422528705210425,0.03321034491818864,11406,917000000,10.51,0,2,3
7.362315000000003,0.0,5.0,1.5043529364071133,-0.49120463059228014,5.202164665172387,-0.7078318489930396,-0.002304031105268247,-0.014554288400170718,-0.7062272563990469,0.23517668704814976,-0.4767347752740264,0.31640800187664575,0.045250836410559714,0.022534530216944404,0.03846516010526102,11407,55000000,10.76,0,2,3
7.560000000000004,0.0,5.0,1.593654162745264,-0.44946025434078657,5.258171524953958,-0.7050425957928884,-0.003789454632646091,-0.0188228898726061,-0.7089049844429481,0.2161125845856083,-0.4968098349711959,0.3402125154301091,0.04602177104970906,0.020064456657564733,0.0493219711643178,11407,195000000,10.92,0,2,3
7.758285000000004,0.0,5.0,1.6972199704270587,-0.40564868108092017,5.323829580699585,-0.7008333430574619,-0.005533041983581514,-0.023405244056874077,-0.712919494231956,0.1960048490540184,-0.5171306954817311,0.36206923057803,0.04561705318337772,0.017196775297634304,0.06611512944800779,11407,339000000,11.07,0,2,3
7.957080000000003,0.0,5.0,1.8159227106040206,-0.3598248161612861,5.399239162717877,-0.6949213845452478,-0.007581427411307028,-0.02816990196028971,-0.7184937354519316,0.17682385272418621,-0.5370047506145339,0.38150133531389085,0.04500725990510546,0.012913951104565058,0.0785609103331808,11407,493000000,11.07,0,2,3
8.156295000000004,0.0,5.0,1.8933905741994006,-0.33064104564286295,5.448417047768878,-0.6911706429598679,-0.009009000650143166,-0.030971307142642103,-0.7219714387367442,0.17577465162636616,-0.5442918471343832,0.3905390922870942,0.043065457794000395,0.009701291764940834,0.0709824038494844,11407,639000000,10.89,0,2,3
8.355840000000004,0.0,5.0,1.9716720767417466,-0.30017073479663026,5.498123971807425,-0.6880068504863558,-0.010486256107216662,-0.0335172272002784,-0.72485392155765,0.18506566752951883,-0.5469927670430331,0.39675081999170503,0.04025630987598561,0.006334220324788475,0.05005776656616945,11407,805000000,10.76,0,2,3
8.555625000000004,0.0,5.0,2.0721207911057213,-0.2563363114053879,5.562083451811813,-0.6860290988332522,-0.012448264021061986,-0.03628833014305142,-0.7265619542560198,0.21823931957063764,-0.5429518705846963,0.40016401474878344,0.03493706608423963,0.0028372445740387775,0.009581189715390792,11408,69000000,10.73,0,2,3
8.755560000000003,0.0,5.0,2.1715310804832324,-0.2055162597556662,5.625543115127839,-0.6862734725959676,-0.014176642023795689,-0.0385339292692141,-0.7261837783420089,0.25544444140997447,-0.5376348961870536,0.40103816052059466,0.028168849166831933,0.004365841869002907,-0.013808130916004302,11408,257000000,10.97,0,2,3
8.955555000000006,0.0,5.0,2.248344135243708,-0.16181186319684374,5.674452053279723,-0.6872193880543032,-0.015180007547523272,-0.040117523938768516,-0.7251825041506093,0.2804376202719888,-0.5347482485815298,0.400854490751394,0.024121506066876464,0.007241002913360717,-0.022754445672035217,11408,432000000,11.52,0,2,3
9.155520000000006,0.0,5.0,2.335902948974995,-0.1082158790141135,5.729785369060502,-0.6887662262409618,-0.01595543618604554,-0.04185543307379558,-0.7235983916290182,0.3045426437931868,-0.5327914687782482,0.3999571722964948,0.020195244906062726,0.010552692856435897,-0.030449805854004808,11408,626000000,12.05,0,2,3
9.355365000000004,0.0,5.0,2.434488513570437,-0.044219903476060925,5.791207416925165,-0.6910321006746732,-0.01641515726914535,-0.04373996491576124,-0.7213126880335222,0.326771753138942,-0.5319477081314382,0.3980911663361414,0.01623831230972428,0.013574300010077422,-0.038814877916593105,11408,796000000,12.71,0,2,3
9.555000000000007,0.0,5.0,2.511447630111434,0.007685733642476566,5.838307066260489,-0.6931693527173258,-0.016537594203744545,-0.045138989812725426,-0.7191698186312342,0.3411681386592171,-0.5323115929170849,0.3961640927067941,0.013659153864864493,0.015049631929286988,-0.04524159448919818,11408,948000000,13.52,0,2,3
9.754335000000006,0.0,5.0,2.5998910450705113,0.06878714958778667,5.891373410822724,-0.6959614736269315,-0.01650693833410257,-0.04665092863218389,-0.7163719976880858,0.3553606116961242,-0.5331482585778086,0.3935992056929887,0.011273464042460546,0.01599594124854775,-0.051322711078682914,11409,137000000,14.19,0,2,3
9.953280000000005,0.0,5.0,2.689016309927416,0.13135461695062264,5.943564964020993,-0.6990769148755499,-0.016368131024692825,-0.04807404342115468,-0.7132407992564519,0.3674410298392455,-0.5344785030180106,0.39044309630361357,0.00951815745793283,0.016178690020751674,-0.056931166182039306,11409,337000000,15.01,0,2,3
10.151745000000005,0.0,5.0,2.790279093435304,0.20300733329308962,6.001140962708621,-0.7029403497123066,-0.016131269712379746,-0.049521337425404835,-0.7093393292518084,0.37906823349419344,-0.5365442836568179,0.386256680958136,0.0071660718276689295,0.015648976113880053,-0.06284057453740388,11409,534000000,15.87,0,2,3
10.349640000000004,0.0,5.0,2.9042167248565547,0.28363475915238784,6.063597937721153,-0.7076186851274128,-0.015830412149655283,-0.05092847522555904,-0.7045789415820792,0.3897707987873322,-0.5391448832806021,0.38080435351473196,0.0052160470659146085,0.01465093664592132,-0.06796763627789915,11409,692000000,16.89,0,2,3
10.546875000000004,0.0,5.0,3.0439757518683095,0.3789050066271248,6.136688436609058,-0.7124329519452632,-0.015450147924367063,-0.052530007336099555,-0.6996007291598134,0.38033462944486596,-0.551860898452031,0.37634897788415145,0.006670366519756499,0.013747540106123779,-0.04609056995832361,11409,831000000,18.07,0,2,3
10.743360000000003,0.0,5.0,3.1521104256633223,0.4466269618565784,6.190475267910312,-0.7146289657466796,-0.015327779634821376,-0.053780219372395494,-0.6972647908015679,0.3624251352154069,-0.566876976988582,0.3741263060273814,0.008587026150053134,0.011127374000352575,-0.02749313771346351,11410,20000000,19.35,0,2,3
10.939005000000002,0.0,5.0,3.2635654068182784,0.5101470459529224,6.243510393040746,-0.715669379407373,-0.015532323364819235,-0.05503018797548456,-0.6960946521278115,0.3388356261044273,-0.5861971265204138,0.372463676476441,0.012287004756217357,0.007293088083315524,-0.007782309603499016,11410,172000000,20.07,0,2,3
11.133720000000002,0.0,5.0,3.365732871900794,0.5627705835796629,6.289934156673269,-0.7156185243496767,-0.01608782953736727,-0.05614972230694122,-0.6960449109311992,0.3177197052014798,-0.6042816753932752,0.3698606339381115,0.015573177734040655,0.0032849617355168448,0.00674574062031752,11410,333000000,20.61,0,2,3
11.327415000000002,0.0,5.0,3.45732077629792,0.606227545456448,6.329854351332669,-0.7150575201106655,-0.01678848614827203,-0.0570242201039297,-0.6965336517265859,0.3018461200709727,-0.61849045436218,0.3666526666546486,0.016536566363356542,-0.00020916837755180495,0.014637205549661303,11410,493000000,20.94,0,2,3
11.520000000000007,0.0,5.0,3.6182929863962996,0.6764547316881445,6.39630620467918,-0.7132753769715082,-0.018345834186518514,-0.05823963828292002,-0.6982190283190713,0.28055134534673076,-0.6389931826437577,0.3585673727821537,0.01711648583295755,-0.0052337072702357545,0.025671779076219536,11410,654000000,20.76,0,2,3
11.711385000000007,0.0,5.0,3.7553431819709755,0.7322865349148602,6.449397576821513,-0.7112816919546024,-0.01978145545371906,-0.05890999092265189,-0.700154741239266,0.2687791823432621,-0.6520033310370594,0.35037991954615244,0.014388744602911174,-0.007928690138214733,0.029399155209830496,11410,808000000,21.3,0,2,3
11.901480000000008,0.0,5.0,3.8801762941866276,0.7816134295093629,6.4952750550050675,-0.7094991837260186,-0.02102771429840254,-0.05921364821374461,-0.7018992003049419,0.2646446497016333,-0.6596331959288266,0.34164267610013166,0.01128417225118028,-0.009431498983758502,0.02651466402312508,11410,958000000,21.33,0,2,3
12.090195000000008,0.0,5.0,3.9916275148648275,0.8257110613318216,6.5343847701483435,-0.7082282608523581,-0.022109778496343657,-0.05930312258954984,-0.7031408307558419,0.2681462810510802,-0.6614787273255688,0.3321342754647886,0.009294330357079161,-0.01028526785376016,0.018002905198954977,11411,114000000,21.33,0,2,3
12.277440000000006,0.0,5.0,4.116718144653235,0.8767463195811017,6.576268267190966,-0.7074192223174453,-0.023176000155088906,-0.05913097026974892,-0.7039349723288012,0.27822980910444095,-0.6599303250173043,0.31993432290630336,0.004990367006030283,-0.010375311740062898,0.0072125072165363235,11411,302000000,20.98,0,2,3
12.463125000000007,0.0,5.0,4.2272523347619755,0.9240147332546859,6.6115263179016575,-0.7072435005299714,-0.02393593426660127,-0.05875006539620452,-0.7041179814667701,0.29164925702659483,-0.6566324481483862,0.3083552440098496,0.0014755890560991247,-0.01001602986434591,-0.0010579405966382183,11411,509000000,21.48,0,2,3
12.647160000000005,0.0,5.0,4.337097903497054,0.973250806547012,6.64494808250141,-0.7074211423308437,-0.024457521717638646,-0.05819020889567204,-0.7039680792503543,0.30404296252469054,-0.6541186764202245,0.2968117514844858,-0.0021082664034111076,-0.008750495908316225,-0.005037422761233756,11411,761000000,21.65,0,2,3
12.829455000000008,0.0,5.0,4.44647860079786,1.0240463686137176,6.676605524597427,-0.7077535076502859,-0.024719057435649897,-0.05751819240853652,-0.7036800396133631,0.31391624416046154,-0.6530247847331101,0.2854212619182815,-0.005175954720471054,-0.007207513135654153,-0.00668836805743922,11411,924000000,21.86,0,2,3
13.009920000000006,0.0,5.0,4.541990025609383,1.069442155674815,6.702905773733659,-0.7081172547580546,-0.024754500709436595,-0.05686324255230722,-0.7033660070368629,0.32061046030995,-0.6532910909735701,0.27552504564430114,-0.007464810050805681,-0.006077283023842028,-0.008009821431187447,11412,116000000,22.08,0,2,3
13.188465000000008,0.0,5.0,4.651126234156259,1.1220840457505095,6.731403219829494,-0.7086230290579947,-0.02461708086006045,-0.05604974987568176,-0.7029266160542471,0.32642574173150574,-0.6547355542594159,0.2644239624920438,-0.009550213144393638,-0.005040623364038765,-0.009663781202107202,11412,265000000,22.28,0,2,3
13.365000000000007,0.0,5.0,4.746742949868874,1.1685795016793434,6.755013898564347,-0.7091307348063154,-0.0243771390575954,-0.055289311239907,-0.7024830589466471,0.33010337801671774,-0.6568313837659636,0.2547860298271068,-0.010981127707054839,-0.004536255210041418,-0.010382877553638536,11412,413000000,22.52,0,2,3
13.539435000000006,0.0,5.0,4.82886896992685,1.2086187377051727,6.774290317123901,-0.709589002644807,-0.024100879392805953,-0.054593429827270536,-0.7020841490574589,0.33241922757099845,-0.6591300019461439,0.24665451834929675,-0.012323695955274161,-0.004331856962380698,-0.010764320177258924,11412,654000000,22.75,0,2,3
13.711680000000007,0.0,5.0,4.966251061093385,1.2754672099323996,6.804494045745939,-0.7103642250245514,-0.02353218198808336,-0.053339418606652075,-0.7014155762733334,0.334628980450334,-0.663785177164179,0.23315349269957925,-0.013840317660651635,-0.004430256376508623,-0.010456347627041396,11412,845000000,22.95,0,2,3
13.881645000000006,0.0,5.0,5.076733634721253,1.328820449747368,6.826928042928598,-0.7109375185604929,-0.02300563767159971,-0.05224718573039796,-0.700934245790306,0.33510406988082986,-0.6682815411687771,0.22227821122367267,-0.014879026093694847,-0.004720446031569736,-0.009591163779987255,11413,29000000,23.3,0,2,3
14.049240000000006,0.0,5.0,5.187783732367787,1.3819578414111406,6.84790765742285,-0.7114692248983783,-0.0224444142154853,-0.05108583435465256,-0.7004984138606691,0.3350556867643225,-0.6730341007778669,0.21185088648873016,-0.01573711670062039,-0.005156962788532837,-0.00873231347213732,11413,202000000,23.59,0,2,3
14.214375000000006,0.0,5.0,5.299430941701154,1.4347798522991035,6.867462180356639,-0.7119173670581995,-0.021838130685470684,-0.04983535583426301,-0.7001522661806912,0.3340887609254387,-0.6777482964320394,0.20105602317251373,-0.017058386038115714,-0.005717423027817858,-0.00648965592517925,11413,373000000,23.88,0,2,3
14.376960000000006,0.0,5.0,5.425704819647447,1.4936904223499632,6.8877127693335485,-0.7122510473463984,-0.021090904735388598,-0.0483057441241495,-0.6999429793747581,0.3321200583789779,-0.6830106829530413,0.18859560645190254,-0.01837507115851622,-0.006359309008985292,-0.003689324057631893,11413,535000000,24.14,0,2,3
14.536905000000008,0.0,5.0,5.552683229260524,1.5519058831409063,6.906137889723839,-0.7123661040462336,-0.020256442635631727,-0.046631669812568416,-0.6999640688694181,0.3284925861278753,-0.6886053828747117,0.17606598678153182,-0.01999346823140513,-0.00700049181432405,0.00022390221516843667,11413,694000000,24.42,0,2,3
14.694120000000009,0.0,5.0,5.66623368543686,1.6027500568445034,6.921069678386488,-0.7121747948013994,-0.01942523132478965,-0.0450287956263689,-0.7002871765226046,0.32166767937306057,-0.6948691675660451,0.16535685407125827,-0.021640841077896766,-0.007371154151769588,0.006859699715278111,11413,834000000,24.65,0,2,3
14.84851500000001,0.0,5.0,5.766213233991089,1.6462345244476078,6.93307805177371,-0.711669836848671,-0.018620063336019576,-0.04353331698197958,-0.7009166761275515,0.31367079877551796,-0.7009081611900434,0.15585224327537778,-0.023647159287065733,-0.007921113410702674,0.014409597588382894,11413,989000000,24.79,0,2,3
15.0,0.0,5.0,5.881188524770733,1.694641739984078,6.945589320369093,-0.7106450972486815,-0.017608701396044982,-0.04169130892103631,-0.7020935223686424,0.30353378261510955,-0.7077553712060285,0.14464367573988318,-0.025881987312459387,-0.008718309345567832,0.02267415893584257,11414,143000000,24.83,0,2,3
15.0,0.0,5.0,6.0112692087402175,1.74761541287105,6.958025150130296,-0.7089762261897413,-0.01633153844167455,-0.03938294804110394,-0.703942451450026,0.29292470709578217,-0.7144898966020525,0.13074255386071904,-0.028234460660314653,-0.009841215796768665,0.030021982456673868,11414,287000000,24.78,0,2,3
15.0,0.0,5.0,6.11279490752903,1.7880565867410452,6.966416837440309,-0.7073992730239932,-0.015242288863955908,-0.03739988190646106,-0.7056594008363356,0.2865461350939988,-0.7185262056154291,0.11901871348210016,-0.031211091845761985,-0.010743208076746669,0.03427789706620388,11414,401000000,24.6,0,2,3
15.0,0.0,5.0,6.228935365890701,1.8338182784833041,6.974572297221703,-0.7053346580959107,-0.013827276533387797,-0.03487435842890352,-0.707881067437579,0.28032553113866965,-0.721106853497449,0.10466064784341907,-0.03649845457402989,-0.011492919838929083,0.039729873606120236,11414,609000000,24.39,0,2,3
15.0,0.0,5.0,6.373590871027721,1.8905141532815488,6.982411702331997,-0.7021751913909174,-0.011447046302822818,-0.03098061343311747,-0.7112377712954908,0.271290999628873,-0.7208961642284017,0.08379647180659774,-0.051058100507361814,-0.012385502486722544,0.050093047684640624,11414,764000000,24.07,0,2,3
15.0,0.0,5.0,6.488343487608497,1.9353412661728069,6.986601779770447,-0.69905769276347,-0.008428687794063196,-0.02660864501989068,-0.7145203142112122,0.26226052012199086,-0.7180205173476947,0.06349289242430498,-0.06523666670545936,-0.01318591912422562,0.05916408081247937,11414,924000000,23.52,0,2,3
15.0,0.0,5.0,6.60195060409735,1.979638774512912,6.988872454349021,-0.6954169967436559,-0.004616775266926837,-0.021274989891468317,-0.7182765907582445,0.25173980569368537,-0.7136572352198123,0.040823853253850954,-0.08475178765365854,-0.014194856521498878,0.06845089155831374,11415,88000000,22.94,0,2,3
15.0,0.0,5.0,6.7002740008889745,2.017852830061555,6.9892005688001895,-0.6917379529424683,-0.0011571603662883364,-0.01632839271105579,-0.7219630523997218,0.24088576690890395,-0.7096014107498924,0.020224227409280343,-0.08356054604519159,-0.01487537010689266,0.07769682633806951,11415,275000000,22.22,0,2,3
15.0,0.0,5.0,6.797632361032067,2.0554501869015693,6.987936889979659,-0.6875548779736438,0.0020817195216034827,-0.01148562586085658,-0.7260385916857763,0.22861634069717582,-0.7057986094538881,-6.97115356718548e-05,-0.07923607481643558,-0.015145043107622769,0.0868374525452964,11415,449000000,21.48,0,2,3
15.0,0.0,5.0,6.948883087164905,2.1131037476910053,6.982704243020886,-0.6799377088797431,0.0065438829301165975,-0.004338603148759491,-0.7332278405531802,0.20663351965164214,-0.7007057303938334,-0.03067833115720814,-0.0696284776495304,-0.01494239195380942,0.10180255849263631,11415,613000000,20.65,0,2,3
15.0,0.0,5.0,7.0577678272691875,2.1538564995447533,6.976473374120385,-0.6735742347976462,0.009337781515319617,0.00046910963832922075,-0.7390604413640908,0.18935662090735011,-0.6981222138622423,-0.051057099905078854,-0.0654504488920793,-0.013946812305221101,0.11174325263709761,11415,749000000,19.19,0,2,3
15.0,0.0,5.0,7.179481589366295,2.198710750105227,6.967277796016934,-0.6656685182033893,0.012135397945867354,0.005483664093932529,-0.7461287324702782,0.16949716750993885,-0.6964568779901045,-0.07173110185148313,-0.059048281764262356,-0.012298314049985493,0.12272114545339718,11415,915000000,18.05,0,2,3
15.0,0.0,5.0,7.300723022422543,2.2419831489338287,6.9561122357560325,-0.6566180294421962,0.014491800865398956,0.009936835525647982,-0.7540185743195327,0.140881930532804,-0.6963568929619611,-0.08870703425612446,-0.05121355316077825,-0.009918848172674188,0.14252906694309786,11416,77000000,16.73,0,2,3
15.0,0.0,5.0,7.408529665783699,2.2782098850895527,6.9449374919578934,-0.6471986407737069,0.016274186972497846,0.013431875693505606,-0.762029300574725,0.1084322451442266,-0.6975731407976155,-0.10079081319543085,-0.04496192268561572,-0.007455904233211186,0.1644061630940996,11416,233000000,15.42,0,2,3
15.0,0.0,5.0,7.530329531220734,2.315740534791748,6.931357132384218,-0.634757173296007,0.017976677757862616,0.0168516685061518,-0.7723187109442652,0.06450376234606534,-0.6998726980525037,-0.11142477364904228,-0.03824483064818196,-0.00418827721659909,0.1925500633660704,11416,390000000,14.32,0,2,3
15.0,0.0,5.0,7.653057887494527,2.3492668060797923,6.917070783112291,-0.6201109842065249,0.019347881944207914,0.019676639004280867,-0.7840286070088152,0.014738802511894095,-0.7013264513304946,-0.11921271345198621,-0.031144557578954846,-0.000771094482843182,0.22114752791821957,11416,584000000,13.28,0,2,3
15.0,0.0,5.0,7.762980183448469,2.3758592258261673,6.903989400596058,-0.6053553584827784,0.020292541875357832,0.021657573903910023,-0.7954018180724887,-0.029543787279138006,-0.7004163572263565,-0.12422979323172341,-0.024079445756797213,0.0021730269054387463,0.24220391060225666,11416,751000000,12.69,0,2,3
15.0,0.0,5.0,7.915066369023311,2.4087847482889515,6.8855946068796685,-0.5829170918620257,0.021157054394440603,0.023554815526999565,-0.8119145359765141,-0.084123593261028,-0.6952480216956329,-0.1290192870451797,-0.01179066312033683,0.0050052126880473224,0.26206939364783466,11416,905000000,12.75,0,2,3
15.0,0.0,5.0,8.01193061015296,2.4284246085505345,6.873694583451755,-0.5676026848506083,0.02137395538622516,0.024221439759219577,-0.8226686258983743,-0.11455181492509876,-0.6890424567847007,-0.1307333428786133,-0.007675780989302439,0.006057399241399253,0.2714739413931966,11417,35000000,13.86,0,2,3
15.0,0.0,5.0,8.122548312305092,2.4503921227568055,6.859953108475144,-0.54923988791866,0.02145982019194096,0.024694963228219305,-0.835024059789647,-0.1458114836924525,-0.6812560103515052,-0.13193734798196652,-0.0016473939126626647,0.006698564493490267,0.2809885365422815,11417,182000000,15.14,0,2,3
15.0,0.0,5.0,8.232551558804891,2.472556481579127,6.8460790171984875,-0.5300677823043506,0.02120067898050829,0.024699473960040057,-0.8473302858742925,-0.17086149835286993,-0.6700724493666833,-0.13225190194521425,0.0053565447615255835,0.006060290388631984,0.2875382750062272,11417,408000000,17.03,0,2,3
15.0,0.0,5.0,8.34140381200827,2.4956818108586813,6.832033566609476,-0.5102703003403467,0.02068295283233917,0.02443789797065098,-0.8594179572219115,-0.19158255885113826,-0.6584110546702833,-0.1322228022711072,0.008689086371305166,0.004799995758730802,0.29185498715378344,11417,578000000,19.26,0,2,3
15.0,0.0,5.0,8.449012439777826,2.520127305773157,6.8178425598873655,-0.4898640382126258,0.01997397393484025,0.024008324200051227,-0.8712392695467615,-0.21166839850713495,-0.6464695761574011,-0.1312535874678787,0.011580703721847385,0.0037067778748678393,0.29774906870443374,11417,751000000,21.75,0,2,3
15.0,0.0,5.0,8.55545703445287,2.545809258940079,6.803628707614982,-0.46875682630584464,0.019112258159679884,0.023410409953313675,-0.8828101223284244,-0.23312694272904974,-0.6340626205020616,-0.12927483522391586,0.014343750626721885,0.0027997669121759827,0.3038987488253042,11417,917000000,24.43,0,2,3
15.0,0.0,5.0,8.660908861678832,2.5725249362188407,6.789507620158454,-0.446978950790035,0.018134000827282427,0.022646991403837656,-0.8940738724205008,-0.2561449301682327,-0.6211787563699479,-0.12635218425466715,0.01678329299465986,0.0020431943084986415,0.3089202946284786,11418,86000000,27.25,0,2,3
15.0,0.0,5.0,8.778566187327947,2.603508950274059,6.773881462333896,-0.4218019581015132,0.016931276167198712,0.021598583141894227,-0.9062725535043757,-0.28377497667820173,-0.6056338110285069,-0.12203812861789987,0.01847087223723065,0.0012221152246638667,0.31284537981264293,11418,261000000,30.17,0,2,3
15.0,0.0,5.0,8.882455450214108,2.63166876974515,6.760333088128665,-0.3989317422405224,0.01579099261912918,0.020508059413137335,-0.9166152568467051,-0.3093098449722565,-0.5905267596058741,-0.11734078191185209,0.020309918363636825,0.00034871352738718997,0.3150828357320279,11418,458000000,33.55,0,2,3
15.0,0.0,5.0,8.99875887062148,2.663956052131509,6.745572495278228,-0.372757607568726,0.014476246612199043,0.01917261699768145,-0.9276177095340097,-0.33831214843975044,-0.5729907214880795,-0.11153811687272734,0.02133178186340956,-0.0005332149100922834,0.31629131990484893,11418,609000000,36.59,0,2,3
15.0,0.0,5.0,9.114636266477254,2.696715115931949,6.731377999395104,-0.34753930851596204,0.013328302595003946,0.017725385570687504,-0.9374031129095707,-0.36637011639319816,-0.5547134961443831,-0.10574399285553034,0.021050416034995578,0.001380478636292537,0.28826782072428614,11418,832000000,40.04,0,2,3
15.0,0.0,5.0,9.217655593360664,2.7256855921609113,6.719317782607748,-0.32708297136265746,0.012568255873851474,0.01635819956386054,-0.9447704367177738,-0.39459510446079815,-0.5365049531342527,-0.09980389738049907,0.020764637520187534,0.0030333726272147032,0.25936646561603993,11418,974000000,43.32,0,2,3
15.0,0.0,5.0,9.321393720937035,2.7532684366152904,6.707975333774822,-0.3087140065016743,0.012024238014763688,0.01490045478065499,-0.9509621739781127,-0.42968874771558224,-0.5137672992878712,-0.09261755565538933,0.021177113558223937,0.004673080002248753,0.22639075323240831,11419,123000000,45.95,0,2,3
15.0,0.0,5.0,9.426704100916474,2.7776069523329445,6.697594038421954,-0.29293471300591195,0.011683698788812738,0.013301050314910258,-0.9559685283309678,-0.47074368720696336,-0.4853393378464011,-0.08425458103106329,0.022153003374114633,0.0062070419062365545,0.18857871182262897,11419,282000000,48.26,0,2,3
15.0,0.0,5.0,9.547787233449887,2.7990809361679716,6.687261545171605,-0.2788011060781815,0.01151658717871328,0.011287282077940051,-0.9602134703974061,-0.5195054859234801,-0.44824984893411673,-0.07445328400803193,0.023371993665932678,0.007669885962968692,0.14385229296749458,11419,444000000,50.19,0,2,3
15.0,0.0,5.0,9.67176768088368,2.8133993698705773,6.678391193369714,-0.2682019704741728,0.011463982211299583,0.009151760856217835,-0.9632510189036191,-0.5630821052936416,-0.410815449455597,-0.06497512163766557,0.023688599321758375,0.007100760421963059,0.10655646547093056,11419,610000000,51.84,0,2,3
15.0,0.0,5.0,9.783917753308968,2.8204140471886454,6.671669615548004,-0.26138342048994456,0.011383704926915771,0.0072274854922271085,-0.9651408613298751,-0.5928667655047307,-0.38052903668676946,-0.05744873422818368,0.023726967447146308,0.005637096410282538,0.07500868159695528,11419,763000000,52.98,0,2,3
15.0,0.0,5.0,9.911224900660484,2.823333992293382,6.665180398483479,-0.2564564438282733,0.011176189181904262,0.005150515986097067,-0.966477447951789,-0.6110203411093615,-0.35586620951293635,-0.05087875526139165,0.02246707554149907,0.0030030592597540817,0.04184977296972647,11419,915000000,53.65,0,2,3
15.0,0.0,5.0,10.038150649249062,2.8236805844604755,6.659397828263122,-0.2544018608053356,0.010792956096569408,0.0032720867088206597,-0.9670328323102841,-0.6108946980195955,-0.34441811945929995,-0.04676914444557445,0.020107559248572215,0.0001509467075777593,0.010765507886389969,11420,104000000,54.04,0,2,3
15.0,0.0,5.0,10.163433062269998,2.823925067452463,6.6539427429703615,-0.2542904799544452,0.01021682959588355,0.00177152174456768,-0.9670722981805728,-0.5982711483294235,-0.3426703155526195,-0.04417571932779708,0.016267427236016374,-0.0034841973956645234,-0.00492668300466903,11420,263000000,54.08,0,2,3
15.0,0.0,5.0,10.272655162084165,2.825672563635439,6.6490745450958295,-0.25515328056067776,0.009559278932065889,0.0007665200446268644,-0.9668530581491916,-0.5780238795702326,-0.3487530014544158,-0.04387463576181376,0.012734581105178222,-0.005718526426790049,-0.015776245345477946,11420,454000000,53.9,0,2,3
15.0,0.0,5.0,10.366197307692422,2.829293615308518,6.644564647950635,-0.2565171594646156,0.008944483715792644,0.00010305747961033423,-0.9664982837493394,-0.5573824585354866,-0.3565375409769238,-0.04466923774979988,0.010066816412290791,-0.006326157881630934,-0.02369864123465959,11420,635000000,53.64,0,2,3
15.0,0.0,5.0,10.483521789507403,2.8369972273646193,6.638313319957377,-0.2586407729998252,0.00815925838263461,-0.0005137185694123868,-0.9659389800282052,-0.5309484204376981,-0.3652927270661225,-0.04558445916995507,0.007662013649678556,-0.007129748928491608,-0.023002804664429277,11420,800000000,53.34,0,2,3
15.0,0.0,5.0,10.597588981614724,2.8476116206544067,6.631662800057085,-0.26060033281045875,0.007378036417914226,-0.0009888245359580246,-0.9654180717925944,-0.5069829331831025,-0.37142618732110005,-0.04610170425094697,0.006610084983549314,-0.006825251102782204,-0.022382620591088198,11420,949000000,52.93,0,2,3
15.0,0.0,5.0,10.684218049221462,2.85752917372498,6.626262639257117,-0.26212877261814,0.006817126825109028,-0.001328001740880663,-0.9650079117597605,-0.49023746315856637,-0.37478265309943737,-0.046347995107984694,0.006374257827701513,-0.006168225399960647,-0.022785407418268733,11421,119000000,52.55,0,2,3
15.0,0.0,5.0,10.769151004904538,2.8686421706946623,6.620706219257145,-0.2637012818252726,0.006311349531455417,-0.0016500758500993707,-0.9645823334897279,-0.47491612735155675,-0.37718717963700643,-0.04633563039777771,0.006052769958841964,-0.005396779761213111,-0.023647995658393484,11421,288000000,52.25,0,2,3
15.0,0.0,5.0,10.876012246534646,2.88436179514232,6.613419087707851,-0.26582735933376095,0.00573919810797657,-0.0020668764933039516,-0.9640013509618532,-0.4569983433596924,-0.3789831357768721,-0.046043347959108104,0.005800552980872453,-0.004482059648580616,-0.02524481424188707,11421,466000000,51.94,0,2,3
15.0,0.0,5.0,10.968938803498045,2.899406978349001,6.606861795456415,-0.2678575393289748,0.005297560108051589,-0.0024262573194014187,-0.9634409103608526,-0.4425438594818337,-0.37970953550303244,-0.045498489536825795,0.005382210338211735,-0.003800968534051208,-0.027256702378508635,11421,630000000,51.52,0,2,3
15.0,0.0,5.0,11.082578311876722,2.919299271311066,6.5986347558200915,-0.27061525603691833,0.004813125126055459,-0.002847565384175481,-0.9626713397613833,-0.4261018938188631,-0.3797252526671656,-0.04467667606410416,0.004979829645890277,-0.0032620222327750525,-0.02978085685754195,11421,813000000,51.12,0,2,3
15.0,0.0,5.0,11.204545511716494,2.942170474807175,6.589619763446922,-0.27384973858502354,0.004334836914325901,-0.003303417705275936,-0.9617570469184538,-0.4096293221133028,-0.37849844878271605,-0.0434530430739525,0.004801473232873832,-0.0027923402058149804,-0.03136184786853846,11422,0,50.57,0,2,3
15.0,0.0,5.0,11.30214161101723,2.9613913201678788,6.582326239420674,-0.27663968955949964,0.0039847507486361145,-0.0036435484380953863,-0.9609585467004673,-0.39752167019762613,-0.3770328571250988,-0.042341976035118675,0.004292221319701639,-0.0025046452265087282,-0.033020233240677044,11422,174000000,49.92,0,2,3
15.0,0.0,5.0,11.397870533996805,2.9808969052380423,6.575132188423663,-0.279533036009128,0.003656826695474327,-0.003971180718667989,-0.9601208981798794,-0.3858887256161019,-0.37492752478283675,-0.04116870123631775,0.004179814004601212,-0.0023177084358394495,-0.03392640210222453,11422,327000000,49.34,0,2,3
15.0,0.0,5.0,11.460681150921324,2.993984858283955,6.570387140333026,-0.28172553698521774,0.003474882714512498,-0.004245319035759494,-0.9594793506203224,-0.3785085391877101,-0.3733775718582857,-0.040570736704147445,0.005184775409361464,-0.0008461851052743441,-0.04166724465903826,11422,471000000,48.73,0,2,3
15.0,0.0,5.0,11.553504944144551,3.013478118838697,6.563356268571653,-0.28567594145741565,0.003310770011287403,-0.004720189247416072,-0.9583089350975602,-0.36962675050690663,-0.3694392996000464,-0.03919665728742035,0.005622881917588529,0.0004963732692431222,-0.04866417875746265,11422,661000000,48.58,0,2,3
15.0,0.0,5.0,11.655229462917918,3.033104313142143,6.556019203353603,-0.2904705533514269,0.0031993682149396643,-0.005486180933126595,-0.9568628551143106,-0.37124667791730515,-0.3556825705477247,-0.03517004466019326,0.008145906303980155,0.0019590012243497767,-0.050890030615846626,11422,829000000,47.59,0,2,3
15.0,0.0,5.0,11.746166914700428,3.046923554584785,6.55017634687943,-0.29491799843733435,0.0031610622794823627,-0.00630165212127986,-0.9554965573268822,-0.3787854753112626,-0.3391294632743601,-0.03071495863226368,0.008369674287678208,0.0026881620669882977,-0.05229388989391737,11422,966000000,46.76,0,2,3
15.0,0.0,5.0,11.836732956608259,3.0565833309089565,6.545127988527611,-0.2993294352158443,0.003137702788743348,-0.007085093045178546,-0.9541183603154874,-0.3877020573056965,-0.3221300698791717,-0.02615909022650716,0.007919788822619012,0.002453596880513942,-0.05067873207735829,11423,120000000,46.0,0,2,3
15.0,0.0,5.0,11.916800635284345,3.0620714475248714,6.541255948167303,-0.3032443269631246,0.003090923070726373,-0.007721048016564435,-0.9528765448770256,-0.3909862350372161,-0.31076046538829816,-0.022895525172579253,0.007207178214230225,0.0018737306163529865,-0.05189308212720789,11423,283000000,45.24,0,2,3
15.0,0.0,5.0,12.00591968061983,3.066084167429601,6.537386402446708,-0.30789362444249607,0.0030022151588010807,-0.00829986412276255,-0.9513798478984863,-0.38715400637178504,-0.3034124692285604,-0.02053774427205567,0.005582740686804755,0.0009800013003768981,-0.056400739413220435,11423,442000000,44.56,0,2,3
15.0,0.0,5.0,12.07406290883791,3.068874209991315,6.534542826796095,-0.3115850937232462,0.002869114321624176,-0.008537577014691398,-0.9501755665829359,-0.3756461830801038,-0.30328757188381866,-0.019886269186181985,0.0027905674187422846,-0.001478402293741965,-0.05443091504275799,11423,634000000,43.78,0,2,3
15.0,0.0,5.0,12.14080199282288,3.072382910222954,6.5316959742580565,-0.3150837834552097,0.002628594651327161,-0.008599012645143497,-0.949021262604394,-0.36028988710454457,-0.30547474364977084,-0.01990714426055744,0.0007474353822090052,-0.003651005886240455,-0.05050939980719704,11423,856000000,43.17,0,2,3
15.0,0.0,5.0,12.22426497210644,3.078669634345182,6.527894882906681,-0.3191602743090153,0.00219102757558796,-0.008509003117879058,-0.9476600210872551,-0.3392699985038564,-0.3084514615401971,-0.020291122551446366,0.00010550279441190469,-0.00521542456226598,-0.045345498801907524,11424,39000000,42.83,0,2,3
15.0,0.0,5.0,12.313933072724964,3.087812944833747,6.523490137063841,-0.32271718501078706,0.0015758541842925853,-0.008336669799999866,-0.9464574132621864,-0.3181545464497936,-0.30961915804962775,-0.02050012653601246,0.000325833838132894,-0.006638356717303395,-0.03135703409498092,11424,220000000,41.92,0,2,3
15.0,0.0,5.0,12.400602813817066,3.0988329524795692,6.518951199028328,-0.32536636331111957,0.0009138293940158934,-0.008182329874058748,-0.9455521900029459,-0.29996292347591014,-0.3094006208356005,-0.02048590100501053,0.0005884206927930791,-0.006320795364445075,-0.026213301316602156,11424,362000000,41.3,0,2,3
15.0,0.0,5.0,12.459648857449263,3.107479997417191,6.515724448965872,-0.3268036589548283,0.00046553703838601856,-0.008089128727926288,-0.9450575208766,-0.2886942672068871,-0.3086025493097758,-0.02029094730791824,0.0007847064978250273,-0.006245386430236977,-0.018814665781974327,11424,525000000,40.82,0,2,3
15.0,0.0,5.0,12.53376301839946,3.119533069753282,6.511556773793741,-0.3280010347995553,-0.00010188722416506514,-0.00800418440770357,-0.9446434479852077,-0.276076530592923,-0.30680487015157226,-0.019881049539868068,0.0013187677268433617,-0.006107353783590952,-0.009655334906710777,11424,725000000,40.54,0,2,3
15.0,0.0,5.0,12.61391016186821,3.1339198773801464,6.506951632982666,-0.32863530407444874,-0.0007088660801734528,-0.007990357282714886,-0.9444228335948202,-0.26404593971742363,-0.303952083321814,-0.01923375641862137,0.001948712838384381,-0.005322222477843752,-0.0051592667659861036,11424,895000000,40.29,0,2,3
15.0,0.0,5.0,12.684232985226156,3.1475936264945923,6.502850532831863,-0.3290823997778744,-0.0011835126850811115,-0.008011700587862573,-0.9442664804533991,-0.25454166693359975,-0.3013270309473607,-0.01866370193976336,0.001856146627687849,-0.004470138583201333,-0.005548483295569895,11425,83000000,40.11,0,2,3
15.0,0.0,5.0,12.753023641143816,3.1618310626881496,6.496435429239251,-0.330208836708561,-0.001482377669465278,-0.007996663646490813,-0.9438728622471084,-0.2456246838784683,-0.300083601102344,-0.07083339761680998,-0.0032890445481825736,-0.0013587007288151653,-0.019931295173591934,11425,252000000,39.98,0,2,3
15.0,0.0,5.0,12.813018230599864,3.174897893062494,6.475922937124579,-0.33206817792212173,-0.0011089894220312692,-0.007289915620921794,-0.9432265647680751,-0.2377104813241866,-0.29978657730722824,-0.16967792706807772,-0.015571345102216583,0.0045320521621761145,-0.027909909476875328,11425,422000000,39.79,0,2,3
15.0,0.0,5.0,12.87925277255805,3.1898919152828427,6.435217331142213,-0.33494490733201177,0.00022648961876915253,-0.0057353575185880665,-0.9422202308531357,-0.2287163042231902,-0.2979228682601226,-0.2691405144702245,-0.025951949464797508,0.011768277636292623,-0.039344067772617564,11425,571000000,39.5,0,2,3
15.0,0.0,5.0,12.937101276546706,3.203294899760326,6.385419071611913,-0.33843063569264964,0.001887279386386884,-0.004110853637801585,-0.9409804694485191,-0.2214437775316715,-0.29540613661910164,-0.34440427401820745,-0.028516959901025984,0.013825087808072567,-0.0512673199409619,11425,721000000,39.07,0,2,3
15.0,0.0,5.0,13.001395122058748,3.2179503219965726,6.316811599113974,-0.34318986768637844,0.0037113230040460177,-0.0022255760301894342,-0.9392560820193283,-0.21800118326096918,-0.29029623217863665,-0.41226998426390404,-0.026954166060022544,0.010071183169202413,-0.060220997329452075,11425,889000000,38.57,0,2,3
15.0,0.0,5.0,13.065556468850728,3.2307417162149057,6.2379997995424485,-0.3485374252425682,0.005007193643753434,-0.0002983039237100453,-0.9372814423810301,-0.22469868906752094,-0.28000612162765487,-0.4630312935197732,-0.02483832013240317,0.003270247043474228,-0.06575232182512991,11426,87000000,37.9,0,2,3
15.0,0.0,5.0,13.130081651270993,3.2402872942679237,6.151565295789134,-0.3539514381538161,0.005761047864453157,0.001755508050446181,-0.9352444108081233,-0.23565952058815604,-0.26722031701373566,-0.5013949093918981,-0.023671563576499466,-0.0022403836283046985,-0.06319107415038161,11426,284000000,37.16,0,2,3
15.0,0.0,5.0,13.187579274509888,3.2460983293361547,6.069786046829148,-0.35850051514952164,0.006224149132894075,0.003763044511747352,-0.9335011944829538,-0.24202709865771746,-0.25656782060244365,-0.5278817515483196,-0.025076098791032564,-0.004583041982186842,-0.05936421439400874,11426,438000000,36.41,0,2,3
15.0,0.0,5.0,13.244722810083749,3.2501820770241707,5.9843562236298995,-0.3626764224963505,0.006699383781242412,0.005832849845426661,-0.9318727964077933,-0.24170205877714968,-0.2480074613499033,-0.5489258286627658,-0.02627861667860998,-0.0036221938898961525,-0.053003605353296734,11426,609000000,35.75,0,2,3
15.0,0.0,5.0,13.307727670823464,3.254330466364532,5.884881329464929,-0.3668756650935554,0.007467665565417309,0.00820037578591215,-0.9302038669937542,-0.23052486562141783,-0.2420811774313884,-0.5674505368020308,-0.027563377261685673,-0.000852882271829003,-0.04839329449168872,11426,814000000,35.12,0,2,3
15.0,0.0,5.0,13.361991931288022,3.2587428806324863,5.794237842454828,-0.37005521755967524,0.008308301858028664,0.010288000372722482,-0.9289156394018931,-0.21765278972726315,-0.23683095942999235,-0.5792606344124887,-0.02700815675780177,-0.00019851326271691505,-0.03868031744787004,11426,991000000,34.46,0,2,3
15.0,0.0,5.0,13.427383999889747,3.265254437888563,5.678940374940641,-0.3729536746561276,0.009284498740043879,0.012761960213523011,-0.9277157361040859,-0.2027121477223654,-0.22927714721882228,-0.5893033139683858,-0.024884144113457296,-0.0010941987170554057,-0.02565682170825312,11427,173000000,33.94,0,2,3
15.0,0.0,5.0,13.471569343869017,3.2703623694350754,5.5974469336790005,-0.3744338359206072,0.009867391542918266,0.014459152317182915,-0.9270883830661383,-0.19348968658480087,-0.22337569447617617,-0.5928861250568664,-0.02404896731604822,-0.0022705032733938424,-0.02138799463864416,11427,316000000,33.43,0,2,3
15.0,0.0,5.0,13.526608979188564,3.2774466779428613,5.492217199094968,-0.3761393551890729,0.010394757372069425,0.016424867671053476,-0.9263591950313401,-0.18331322882988152,-0.216368498794328,-0.5950981301335042,-0.020714507991215214,-0.003920649260180653,-0.020500924983934965,11427,501000000,33.15,0,2,3
15.0,0.0,5.0,13.58560583481241,3.285793342050802,5.375388786530046,-0.3780929016054893,0.010767937841956598,0.01851158351894635,-0.9255199244456029,-0.17363105108025295,-0.2084042928083944,-0.5933092989731399,-0.018835430273611564,-0.0056218012105091475,-0.022014044952811673,11427,669000000,32.83,0,2,3
15.0,0.0,5.0,13.63128644355792,3.292691501560762,5.282428144312859,-0.3797919399728994,0.010850624152296283,0.019924086630798726,-0.9247936943227152,-0.167001120904077,-0.20274165583232437,-0.5899662556415854,-0.014798448319197632,-0.0067087919433106435,-0.023754528774588834,11427,845000000,32.49,0,2,3
15.0,0.0,5.0,13.670412311572713,3.298404969701282,5.201668327672365,-0.38155149129794463,0.010791879435105046,0.02107238349474222,-0.9240443438928799,-0.16840302700720156,-0.19507336896683367,-0.584804407479002,-0.013801946352032246,-0.0084155413787812,-0.030659079675388057,11428,19000000,32.24,0,2,3
15.0,0.0,5.0,13.714717879731884,3.3031722302921187,5.110411521449572,-0.3842288897463749,0.010554648492668624,0.02234766157730281,-0.922907005987868,-0.17932516971629414,-0.18287563506298626,-0.5763441169480734,-0.013106721326039406,-0.011297794844722375,-0.04244484625814948,11428,210000000,32.0,0,2,3
15.0,0.0,5.0,13.759224916786708,3.3043757632173594,5.020671293838044,-0.387758741974131,0.01011389784128322,0.02354435688115295,-0.9214046507111564,-0.19884060928719152,-0.16753814789327076,-0.5652873225162703,-0.00970766113823629,-0.012309294743317878,-0.051535095190047286,11428,366000000,31.67,0,2,3
15.0,0.0,5.0,13.79854346297903,3.301889249982196,4.94358236809615,-0.391248975931606,0.009671785629741502,0.02432027870777726,-0.9199126151101407,-0.2171458847421889,-0.15424726216391596,-0.5544210368522878,-0.005900682526771561,-0.01062867868313333,-0.05565164865402039,11428,523000000,31.25,0,2,3
15.0,0.0,5.0,13.849477954126273,3.294162440269336,4.846660749529985,-0.39597935064794826,0.009224485056567987,0.02479988955967456,-0.9178781118502053,-0.23538884829124268,-0.14058177522843893,-0.5391343488811303,-0.0005445443008511575,-0.0057759665196499554,-0.057865428243530914,11428,700000000,30.83,0,2,3
15.0,0.0,5.0,13.90029741443266,3.2828702726646926,4.752479024688195,-0.4004290528980477,0.009081291255306365,0.024674190050430193,-0.915950483426732,-0.24339165532116094,-0.131863548482404,-0.5226653170631634,0.003497476677694067,0.00020804043643352088,-0.05026824837841559,11428,877000000,30.25,0,2,3
15.0,0.0,5.0,13.955657862614167,3.2688127665654925,4.651238492630022,-0.4044039263467624,0.009320576273124912,0.023848541149488273,-0.9142219852411668,-0.2367167631523306,-0.12878880781456195,-0.5044855291678665,0.007341697300944361,0.006671103710687021,-0.03873805653711315,11429,65000000,29.68,0,2,3
15.0,0.0,5.0,13.998354864517932,3.258505789709298,4.572853461757455,-0.4068592127443866,0.00979009092746581,0.022969882428822367,-0.9131495603820088,-0.21960871819085898,-0.13058176820262618,-0.4901346238142465,0.007440350282195141,0.009746583327796543,-0.0304370896628825,11429,206000000,29.15,0,2,3
15.0,0.0,5.0,14.03923357348028,3.2501924682055963,4.4967811039974235,-0.40888981880224695,0.010311117615148057,0.02212225115774511,-0.9122573118024901,-0.19944107439906925,-0.13351082040914936,-0.47583651472660843,0.006607774048461579,0.00901348776096711,-0.02620986215333687,11429,386000000,28.81,0,2,3
15.0,0.0,5.0,14.078216266609711,3.2442200004981565,4.423093701011029,-0.41072597275091205,0.010704112759340877,0.021396726863047687,-0.9114448844320759,-0.1801434920410851,-0.13620156166733113,-0.46071132357355954,0.00597588368691504,0.00613760144005937,-0.02477087218721863,11429,573000000,28.52,0,2,3
15.0,0.0,5.0,14.110892789760678,3.2407181832616465,4.3606504570429685,-0.41229658127186253,0.010834860584274148,0.020814035864858613,-0.9107474462103476,-0.16532743082097384,-0.13817109661966442,-0.44708723987132626,0.007036952138150809,0.003162546568091784,-0.024654538719914854,11429,755000000,28.27,0,2,3
15.0,0.0,5.0,14.142373616991978,3.2386050563407265,4.300105044873024,-0.41386924634854716,0.010765825932837814,0.02030200847241017,-0.9100462473802391,-0.15241156906394043,-0.13975078916604214,-0.43340119411302114,0.007043727691780077,0.00019892008893407365,-0.02456603033351712,11429,896000000,28.08,0,2,3
15.0,0.0,5.0,14.181293220031849,3.237601495561839,4.225061324976966,-0.415882548074619,0.010414045367558519,0.019737844276074317,-0.9091444722206575,-0.13850769142608518,-0.1412677389387355,-0.41570270863101805,0.007443145204888424,-0.0028704838996418403,-0.024368721460632514,11430,47000000,27.91,0,2,3
15.0,0.0,5.0,14.21868513700296,3.2381646363276633,4.1531649942444675,-0.4178852063673761,0.0098290882465906,0.019211106206582194,-0.9082435117972798,-0.12692756732617863,-0.14226318106964878,-0.3981069620592621,0.008043221623665886,-0.004896157633993425,-0.024306586965394672,11430,201000000,27.7,0,2,3
15.0,0.0,5.0,14.250774559175648,3.2397422814896406,4.091831825325163,-0.4196521321317318,0.009193615275058728,0.018782219262547275,-0.907444099476678,-0.11813129992953633,-0.1427340049451326,-0.3827647769701712,0.008149524455802748,-0.00592595433772658,-0.02397602966084378,11430,357000000,27.5,0,2,3
15.0,0.0,5.0,14.281879126037651,3.2421508639837096,4.032885600151656,-0.4213954327744853,0.008515587277291129,0.01837657553343783,-0.9066508012910983,-0.1104392483529687,-0.1427925382291529,-0.36748657014555824,0.008137606073432835,-0.0060557888446055586,-0.023689918634772766,11430,528000000,27.33,0,2,3
15.0,0.0,5.0,14.308339827671954,3.2448252929621506,3.983286992046942,-0.42289677384708413,0.007928402335252306,0.017989599299783814,-0.9059645872897966,-0.10438726494039485,-0.14261851359568228,-0.35385917575071935,0.008724545477889478,-0.005404658213592484,-0.023269874873221852,11430,708000000,27.14,0,2,3
15.0,0.0,5.0,14.337772493313505,3.248430385317414,3.928888356513091,-0.42458433041283394,0.007296147318457211,0.017486221259498252,-0.9051901152068865,-0.09810499330148612,-0.1422449939055619,-0.3382919444258947,0.009241380030289292,-0.004483722932491219,-0.023027294446364976,11430,906000000,26.97,0,2,3
15.0,0.0,5.0,14.366383033176293,3.252537902502015,3.8769548963364824,-0.42625113885661386,0.006712592476258065,0.01691253216023166,-0.9044218451483887,-0.09220203364602868,-0.1416415435551954,-0.32246216175811526,0.009716252498037647,-0.0035752073699768516,-0.022753284974896815,11431,58000000,26.77,0,2,3
15.0,0.0,5.0,14.404454458954872,3.258880431710076,3.8095808581130046,-0.42852595189487486,0.0059822904785516735,0.016036176347364768,-0.9033673459902,-0.08497545517629615,-0.14069131041116384,-0.30102024864383825,0.01014552371998434,-0.00255899744843191,-0.022743178305972833,11431,222000000,26.56,0,2,3
0.0,0.0,5.0,14.441173434435402,3.2658337050083053,3.746796461365816,-0.43076736736204,0.005337081605313813,0.015112687814947193,-0.9023206732880076,-0.07953358330400637,-0.13899601474486606,-0.27991122187223516,0.010674125041987281,-0.0017040818761415721,-0.02222569764853688,11431,382000000,26.27,0,2,3
