x_ref,y_ref,z_ref,x,y,z,eta,e1,e2,e3,u,v,w,p,q,r,sec,nanosec,angle2,angle3,control_mode,std_test,x2,y2,z2,real_x2,real_y2,real_z2,time
0.0013280625,0.0,5.0,-1.2978892613597706,-1.2946471609044197,4.911737623305776,-0.9201162167453394,-0.00016383399017942923,0.000682784038010413,-0.3916448067402716,0.08135190188420388,-0.002503971731833248,0.0006663531965249291,0.00022370013397221555,-0.0013456658166433044,0.0005213453221131203,4766,539000000,0.42,0,2,3,0.14850702998128132,0.23169488603049626,4.916622536933722,0.14850702998128132,0.23169488603049626,4.916622536933722,0.0006868839263916016
0.0013280625,0.0,5.0,-1.288168132453045,-1.2851053545410223,4.911860415988826,-0.9201022983482807,-0.0002178222511489074,0.0007673679649195366,-0.3916773216234053,0.08821215091678206,-0.0024055586501425127,0.0006182345240889873,0.00019207409422961064,-0.0011441267929512833,0.00038914548667889903,4766,709000000,0.42,0,2,3,0.15159831504729507,0.23420382103534804,4.916632951644753,0.15159831504729507,0.23420382103534804,4.916632951644753,0.2544987201690674
0.005294500000000001,0.0,5.0,-1.2777623335025563,-1.274835926787009,4.9119757584767685,-0.9200888455408164,-0.00025595431445391324,0.0008443057787819294,-0.3917087412178958,0.09393713352814213,-0.002390804626552665,0.000508734900379765,-9.121503730114e-06,-0.0010190349371441698,0.000494286194907545,4766,864000000,0.41,0,2,3,0.15400277325407596,0.2360004319218555,4.916635734168195,0.15400277325407596,0.2360004319218555,4.916635734168195,0.5123341083526611
0.005294500000000001,0.0,5.0,-1.2625442676510132,-1.259769142833486,4.912108739880805,-0.9200652107107641,-0.0002949906638483852,0.0009384714402949837,-0.3917640109704068,0.10011639834465555,-0.0023917819611321616,0.0003487212981013602,-8.650915006569448e-06,-0.0008404132870509784,0.0005409013738244539,4767,27000000,0.4,0,2,3,0.15581084811764348,0.23717847233733966,4.916628944718333,0.15581084811764348,0.23717847233733966,4.916628944718333,0.8310568332672119
0.011872687500000001,0.0,5.0,-1.2450523396340092,-1.242380225497667,4.912223308540963,-0.9200460201718206,-0.0003258460765255476,0.0010218207409246182,-0.3918088443012762,0.104193210868321,-0.002306334906960485,0.00017189551662354771,-0.00017264607805600463,-0.0006305811893980717,0.0002592085820651846,4767,239000000,0.4,0,2,3,0.15746562211702447,0.2379359357002893,4.916607128630067,0.15746562211702447,0.2379359357002893,4.916607128630067,1.1776890754699707
0.011872687500000001,0.0,5.0,-1.224634554797742,-1.2220790894368108,4.912295655821161,-0.9200424015487764,-0.0003338513263511555,0.0010823919730838399,-0.39181717206277267,0.09704880874489186,-0.002387131090730571,-5.568247186676558e-05,2.862047221441344e-05,1.4238252077358737e-06,-0.00013995680063771943,4767,478000000,0.39,0,2,3,0.15836107541905545,0.23781192186211533,4.916590676221279,0.15836107541905545,0.23781192186211533,4.916590676221279,1.5933363437652588
0.021036000000000003,0.0,5.0,-1.2084878697452672,-1.2062067589186958,4.912321440951738,-0.9200555586076054,-0.0003156158194347415,0.001030329688030224,-0.3917864314682627,0.07431137798900461,-0.0025675938230006537,-0.00012662695251717016,2.4933709674712645e-05,0.0011968755302405043,-0.00024455003426737676,4767,760000000,0.39,0,2,3,0.1584787166018163,0.23665649264394134,4.916589152876482,0.1584787166018163,0.23665649264394134,4.916589152876482,1.9762835502624512
0.032757812500000004,0.0,5.0,-1.1996810082041807,-1.19781589749883,4.912316583603651,-0.9200629354898751,-0.0002486047816054412,0.0008681085767669403,-0.3917695487412407,0.04887612359635478,-0.0027615317826061706,-0.00015798170918198784,-3.761451958794737e-05,0.0020925037233610055,-0.00016083982643522177,4768,24000000,0.39,0,2,3,0.15788378409372647,0.2348112330342231,4.916602223726938,0.15788378409372647,0.2348112330342231,4.916602223726938,2.2955806255340576
0.047011500000000005,0.0,5.0,-1.1949755992691233,-1.1936725135949802,4.912304903555763,-0.9200724871928747,-0.0001434687975029833,0.0006545895643555375,-0.3917475835789208,0.022691090593458797,-0.003001600555904419,-8.996096772201006e-05,-0.0001464694960873203,0.002903549625443702,-0.0003332903332875503,4768,228000000,0.39,0,2,3,0.1570788391823264,0.23301005471176384,4.916620377896308,0.1570788391823264,0.23301005471176384,4.916620377896308,2.5631425380706787
0.047011500000000005,0.0,5.0,-1.193297723189594,-1.1927470436412566,4.912296169807194,-0.9200894937688692,-2.489394847087444e-05,0.0004069165741254292,-0.39170799998894446,-0.000538983778808156,-0.003294338972857644,-3.765899606940745e-05,-0.00012339423989260467,0.003083017918470432,-0.0005895825324842008,4768,400000000,0.4,0,2,3,0.15616379105164177,0.2311784126569749,4.916641950001721,0.15616379105164177,0.2311784126569749,4.916641950001721,2.839383125305176
0.0637704375,0.0,5.0,-1.1940463833937198,-1.1943145926481062,4.912285661316482,-0.9201028100196522,8.885097983945406e-05,0.00019364820738964911,-0.3916768739660472,-0.01853321882281154,-0.0035222495792171125,-8.793263124610817e-05,-0.00027550576078283484,0.002905984706558229,-0.0002901929804011161,4768,581000000,0.41,0,2,3,0.15699158510117467,0.23116163454935584,4.9166674521308416,0.15699158510117467,0.23116163454935584,4.9166674521308416,3.1011171340942383
0.0637704375,0.0,5.0,-1.1966379790432529,-1.197846618804646,4.9122617271132425,-0.9201090572086867,0.00018477221195554628,-5.709333596809013e-06,-0.39166221246014365,-0.03442840017112821,-0.0037162230526012743,-0.00021576977147426133,-6.476963605450692e-05,0.002627921071507444,-0.00013688231774722226,4768,745000000,0.42,0,2,3,0.16108014907855395,0.234647739062286,4.916693858023471,0.16108014907855395,0.234647739062286,4.916693858023471,3.3623242378234863
0.08300800000000001,0.0,5.0,-1.2021214967898899,-1.2046760922001498,4.912213143730017,-0.920104138255142,0.00029809781677354744,-0.00022287495213114795,-0.391673634841828,-0.051455718364549555,-0.00410286690781043,-0.0002913914013223533,-0.0002524346072618755,0.002273165409860667,0.0003659241201603436,4768,907000000,0.43,0,2,3,0.1683368318806081,0.24144104356815846,4.916726372346908,0.1683368318806081,0.24144104356815846,4.916726372346908,3.6764960289001465
0.08300800000000001,0.0,5.0,-1.2096996673018627,-1.2137943088150722,4.9121486014146765,-0.9200840906841133,0.0004136832400273802,-0.00040301546663275257,-0.39172047752791606,-0.06507106409561161,-0.00444189396585979,-0.0004444143400542143,-0.0002773809143263861,0.0018958744590236165,0.0006188868724166241,4769,106000000,0.43,0,2,3,0.1812443123806569,0.2539356979581301,4.916779203043229,0.1812443123806569,0.2539356979581301,4.916779203043229,3.985626459121704
0.10469756250000001,0.0,5.0,-1.2156745039537804,-1.221040297624416,4.912094824913922,-0.9200557202716138,0.0004435115226710604,-0.0004743519966565497,-0.39178699555140195,-0.05301865238096665,-0.004488292979884137,-0.00037141494737990633,4.103651143338993e-05,0.000368596636235452,0.001092717479878047,4769,304000000,0.44,0,2,3,0.1973173189975651,0.269712235448078,4.916847333300602,0.1973173189975651,0.269712235448078,4.916847333300602,4.245271682739258
0.1288125,0.0,5.0,-1.2202341258810625,-1.2269566537281775,4.912058534864478,-0.9200125649490858,0.00041534729481029883,-0.00041681575909635583,-0.39188842045542954,-0.029220418267028418,-0.004532636189423572,-0.00012179701017719989,3.540792512524149e-05,-0.001607068270459422,0.0013113387922203401,4769,467000000,0.43,0,2,3,0.21069120679645534,0.28283773841021903,4.91690162279819,0.21069120679645534,0.28283773841021903,4.91690162279819,4.511188983917236
0.1288125,0.0,5.0,-1.221652410658682,-1.229493804226501,4.912055551659186,-0.91996695939383,0.00035810322410161435,-0.0002599384988950914,-0.3919956604577765,-0.007662226084760931,-0.0046519801469970335,2.5809776992356973e-05,-0.00013979082496007322,-0.002357103085159906,0.0015696679838583805,4769,648000000,0.42,0,2,3,0.2242318745855832,0.2959814407747845,4.916950143991452,0.2242318745855832,0.2959814407747845,4.916950143991452,4.769888401031494
0.15532618750000002,0.0,5.0,-1.2205530155758642,-1.2295849071951372,4.912079651398708,-0.9199123409285751,0.00027194390658684007,-5.728147268900454e-05,-0.39212396990320986,0.01371483862312024,-0.00486186601075534,0.00023916795806768588,5.196731756029749e-05,-0.0024505877490810235,0.001494137279678398,4769,813000000,0.4,0,2,3,0.2344323425277267,0.3057052061014307,4.916990944464447,0.2344323425277267,0.3057052061014307,4.916990944464447,5.037536144256592
0.15532618750000002,0.0,5.0,-1.2174572552459977,-1.2275220464194503,4.912127708799173,-0.9198668016505388,0.00020362578171291744,0.00012090518261867356,-0.3922308136030187,0.03027916122379016,-0.005198125598151465,0.00034180292784525917,-0.0001264021307179064,-0.002300890741935291,0.0014217817010830913,4769,980000000,0.37,0,2,3,0.24400243730304688,0.3145709512399187,4.9170351597432616,0.24400243730304688,0.3145709512399187,4.9170351597432616,5.3025429248809814
0.18421200000000001,0.0,5.0,-1.2126111789528617,-1.2237103111510323,4.912196348981397,-0.9198284532867174,0.00015285924741089432,0.0002899987991906457,-0.3923206712103146,0.04481456344103454,-0.005508351908346687,0.0004924440497243306,-0.00028085767098673386,-0.0020915313598379726,0.0010213794439550838,4770,143000000,0.35,0,2,3,0.2510650951962766,0.32084452205486735,4.917071420179005,0.2510650951962766,0.32084452205486735,4.917071420179005,5.5685882568359375
0.18421200000000001,0.0,5.0,-1.206247918791395,-1.2183807478772959,4.9122881572770725,-0.9198007169953701,0.00010055762184785666,0.0004399484346571458,-0.3923855722989091,0.05720526641470723,-0.005771962798017044,0.0005682649780399684,-6.898462743265554e-05,-0.0018821336993823934,0.000787844601290999,4770,305000000,0.34,0,2,3,0.25694847894817835,0.32579935238599883,4.917094821034804,0.25694847894817835,0.32579935238599883,4.917094821034804,5.836180210113525
0.2154433125,0.0,5.0,-1.1985893709117046,-1.211761888062121,4.912387806501045,-0.9197806269461755,5.839853698483169e-05,0.0005768796860417505,-0.39243249367749716,0.06784196219655865,-0.006068168256389927,0.0005466794900747037,-0.00023104922206584888,-0.0016938258795562433,0.0005005723835438403,4770,471000000,0.32,0,2,3,0.2618162109931728,0.32960755797670493,4.9171081184440215,0.2618162109931728,0.32960755797670493,4.9171081184440215,6.106979131698608
0.2154433125,0.0,5.0,-1.1921014125487241,-1.206068174355996,4.912461578700536,-0.9197718329013824,3.256819007507977e-05,0.0006706845815954419,-0.3924529583564588,0.07475323858536137,-0.006319922294500659,0.0005185574574961937,-0.00020652351082617315,-0.0015313796893678955,0.0002434438627574309,4770,621000000,0.32,0,2,3,0.26579701013781437,0.3324210137787736,4.917123203653097,0.26579701013781437,0.3324210137787736,4.917123203653097,6.380065441131592
0.2489935,0.0,5.0,-1.1825930905298143,-1.197652776512756,4.91255904518455,-0.9197698011606188,2.176255955006756e-06,0.0007807160586979905,-0.39245751789289907,0.08268858291128929,-0.006688060317853366,0.00048489722751332424,-0.00017682193771406673,-0.0013124174301992753,-0.00011821044125781555,4770,755000000,0.31,0,2,3,0.26828940956949104,0.3339573030350933,4.917136555458313,0.26828940956949104,0.3339573030350933,4.917136555458313,6.631085395812988
0.2489935,0.0,5.0,-1.172246759323396,-1.1884421878695375,4.912655978471079,-0.9197800106031923,-2.3622226478965625e-05,0.000874430897102591,-0.39243339168244573,0.08930396011653281,-0.006965783506902227,0.0004556877069207303,-0.0001511433126211159,-0.0011124105867565959,-0.0005124726840222138,4770,914000000,0.31,0,2,3,0.2710556386784614,0.3353331620801492,4.917156999453326,0.2710556386784614,0.3353331620801492,4.917156999453326,6.890690803527832
0.2848359375,0.0,5.0,-1.1597567750922364,-1.17729285391954,4.912764881801456,-0.9198030230921628,-4.7711133457521867e-05,0.000962657041890997,-0.3923792422205661,0.09564302014876197,-0.00751222298779244,0.0004278609964564196,-0.00012679119691938467,-0.0009175313323339651,-0.000748897753055644,4771,63000000,0.31,0,2,3,0.2732915126597159,0.3360329747849793,4.917180342807701,0.2732915126597159,0.3360329747849793,4.917180342807701,7.170683145523071
0.2848359375,0.0,5.0,-1.1479935028393817,-1.1668129492049208,4.912855130387,-0.9198316913864111,-5.561887504663282e-05,0.0010352890890030176,-0.39231184611767306,0.10026898330281324,-0.007908781229165631,0.0003233871566079388,-0.000277931144410104,-0.0008344191314790805,-0.0010402796192465757,4771,237000000,0.32,0,2,3,0.2752747183691131,0.3361293761696525,4.9172098569726375,0.2752747183691131,0.3361293761696525,4.9172098569726375,7.490203142166138
0.322944,0.0,5.0,-1.1309739674773378,-1.151709189897642,4.912958171063161,-0.9198865598921995,-6.307316305838642e-05,0.0011230742754418763,-0.39218293136703797,0.10529279785399046,-0.00866510287385698,0.0001909993354880025,-0.00022485974966457434,-0.0006928942411832395,-0.001500733253578801,4771,417000000,0.32,0,2,3,0.27680438006297714,0.3356141691318546,4.917235470391671,0.27680438006297714,0.3356141691318546,4.917235470391671,7.829447269439697
0.36329106250000004,0.0,5.0,-1.1118626060395442,-1.134935170997314,4.913045636357507,-0.9199765195228213,-6.858597490088801e-05,0.0011980575906887225,-0.39197163606650065,0.10336660977202047,-0.00940362755226728,6.928948232524748e-05,-0.00017891422174898253,-0.0003779251898095026,-0.0022948794821786578,4771,620000000,0.34,0,2,3,0.27809416872125337,0.3344342174883562,4.917247416488064,0.27809416872125337,0.3344342174883562,4.917247416488064,8.239850282669067
0.36329106250000004,0.0,5.0,-1.094136209258302,-1.119896229261682,4.913105694918182,-0.9201015821974542,-4.9999335347336604e-05,0.0012114907669534178,-0.39167793941953055,0.08747503711202911,-0.010286010190234602,5.654483951359924e-06,-0.00030358322362644685,0.0005235707476458629,-0.0030043978313187836,4771,861000000,0.37,0,2,3,0.2792984687158304,0.33233657519098686,4.91722644699173,0.2792984687158304,0.33233657519098686,4.91722644699173,8.640556335449219
0.40585050000000006,0.0,5.0,-1.0810639214027964,-1.109750634694038,4.913151158591294,-0.9202444813452556,3.051181412742313e-05,0.0011050393334216318,-0.3913423980489491,0.061896901402037394,-0.011318412831372053,6.344373804597942e-05,-0.0002646162357677895,0.0017446966808165598,-0.003542144736456976,4772,102000000,0.41,0,2,3,0.280281771983987,0.32964346898536573,4.917197842075478,0.280281771983987,0.32964346898536573,4.917197842075478,9.00492000579834
0.4505956875,0.0,5.0,-1.0742281966194764,-1.105355264743259,4.91318118570611,-0.920360510807128,0.00012113151199132733,0.0009425949160670796,-0.39106984924540455,0.038931134087199316,-0.012024501921926124,0.00010362746082872933,-0.00022816145133219834,0.0026139906367461663,-0.0038022509215807077,4772,336000000,0.45,0,2,3,0.28110343530592474,0.3267584493827711,4.917186179112741,0.28110343530592474,0.3267584493827711,4.917186179112741,9.308737754821777
0.49750000000000005,0.0,5.0,-1.069739755420735,-1.1035567351759314,4.913208935948941,-0.9204787859293727,0.0002416556455222463,0.0007481968497659649,-0.3907917430780886,0.01764724619900101,-0.012704586761674106,0.00013524234540547098,-0.0005457384133933374,0.002990239158862096,-0.0037085738540554303,4772,493000000,0.48,0,2,3,0.281727757564076,0.32448934600770707,4.917185451465494,0.281727757564076,0.32448934600770707,4.917185451465494,9.586788654327393
0.49750000000000005,0.0,5.0,-1.0672613693367703,-1.1044124501298416,4.913233691705583,-0.9206007043515821,0.00037891741117061317,0.0005132351082918201,-0.39050471976493417,-0.003641833514705784,-0.013703682002225007,8.227920116994873e-05,-0.00029293878469616175,0.002940209742519073,-0.0032085345537780086,4772,653000000,0.51,0,2,3,0.2824285082735792,0.322154299069914,4.917190504183064,0.2824285082735792,0.322154299069914,4.917190504183064,9.872161865234375
0.5465368125000001,0.0,5.0,-1.0670078290991982,-1.10742603901156,4.913237025867228,-0.9206838268892238,0.0004972904177315222,0.00031765846685772014,-0.390308778661142,-0.019823990022446124,-0.014697042407651888,-6.341107440704564e-05,-0.00042440978518243355,0.0027082477799922344,-0.0021931433366262354,4772,825000000,0.55,0,2,3,0.2858199119705189,0.32207239957731776,4.917202225711183,0.2858199119705189,0.32207239957731776,4.917202225711183,10.150577068328857
0.5465368125000001,0.0,5.0,-1.0683232119352617,-1.1122756267790426,4.913217332669161,-0.9207372677155385,0.000605496265283662,0.00014293926913707265,-0.3901826454141219,-0.03398343348689121,-0.015566725401009188,-0.00020942466808442135,-0.0003663202306825042,0.0023806525405234424,-0.0013126586281941854,4772,984000000,0.57,0,2,3,0.29255290581034454,0.32573846144267465,4.917219294241131,0.29255290581034454,0.32573846144267465,4.917219294241131,10.421783447265625
0.5976795000000001,0.0,5.0,-1.0722822676515256,-1.121517953624865,4.913159136028092,-0.920758526848634,0.000761538460738167,-5.573900816189533e-05,-0.39013222398036956,-0.049901520733365845,-0.016964927907844027,-0.00039021146012309886,-0.0006253248386656196,0.0020679895669672987,0.00021945521950783586,4773,152000000,0.59,0,2,3,0.3025410781292511,0.33266262985556916,4.917245424916914,0.3025410781292511,0.33266262985556916,4.917245424916914,10.769561529159546
0.6509014375000001,0.0,5.0,-1.077456550284129,-1.1319086146014703,4.913080595353874,-0.9207271149481522,0.0008876103102016342,-0.0002079916400520929,-0.3902060336369324,-0.059928109778641846,-0.018037108673692067,-0.0005333657810431,-0.0005089382028700129,0.0017349954418932612,0.0011786491882048722,4773,375000000,0.6,0,2,3,0.3205357687279416,0.3463486398892807,4.917281177369249,0.3205357687279416,0.3463486398892807,4.917281177369249,11.063452243804932
0.6509014375000001,0.0,5.0,-1.0809674503968076,-1.1402895804895923,4.913017392439703,-0.9206436412262748,0.0009145699592821425,-0.00020048124424723785,-0.3904028806741651,-0.03547398539773981,-0.018624021623140224,-0.0003385405787525218,-0.0002685858618178827,-0.0010452267133587156,0.003167684826621553,4773,565000000,0.59,0,2,3,0.33917760027093646,0.36088765643640214,4.917291744416518,0.33917760027093646,0.36088765643640214,4.917291744416518,11.346855163574219
0.7061760000000001,0.0,5.0,-1.0811536015060539,-1.1454110096250716,4.912991308150563,-0.9205053145076886,0.0008832321824094332,-3.5950774449057163e-05,-0.3907290423958206,-0.00866257232093667,-0.01939458208719035,-6.606551369646947e-05,-0.00039154156468157453,-0.002271630933137203,0.0044616278501052875,4773,752000000,0.57,0,2,3,0.3550030338568626,0.372785676153608,4.9172927799030886,0.3550030338568626,0.372785676153608,4.9172927799030886,11.619584560394287
0.7061760000000001,0.0,5.0,-1.078563876868438,-1.1472721041813103,4.913004548558775,-0.9203521671852775,0.0008349924465477906,0.0001518546603830984,-0.3910897187157179,0.012623845304889404,-0.020005631275767988,0.00015068310405780334,-0.00033596492414744716,-0.002417071073068655,0.005217118405198562,4773,925000000,0.52,0,2,3,0.3690534523813858,0.3826187850464357,4.91729687303084,0.3690534523813858,0.3826187850464357,4.91729687303084,11.883494853973389
0.7634765625000001,0.0,5.0,-1.0729130123590178,-1.1466992473510769,4.913051224747711,-0.9201753017568147,0.0007859829241256587,0.0003677038171691643,-0.3915056334990604,0.03388845278741873,-0.020771310431157205,0.00027843432566946095,-0.0004534449146831321,-0.0023904481167846825,0.004734576896225917,4774,92000000,0.47,0,2,3,0.38008277436091137,0.389637099902599,4.917303326155202,0.38008277436091137,0.389637099902599,4.917303326155202,12.164510726928711
0.7634765625000001,0.0,5.0,-1.065735400034752,-1.1440984767488354,4.913110581704726,-0.9200480586467557,0.0007430834865558823,0.000553943877441386,-0.3918044292162206,0.05033355146460615,-0.021303730577820278,0.00035920198560597777,-0.0003895320872970842,-0.0022920723949937383,0.0034826483442884637,4774,266000000,0.41,0,2,3,0.3911212769782093,0.39583239853573016,4.917301083157845,0.3911212769782093,0.39583239853573016,4.917301083157845,12.448856115341187
0.8227765,0.0,5.0,-1.0555644032299156,-1.139153608287348,4.9131967935267165,-0.9199535321264944,0.0006962681122611457,0.0007453246433393846,-0.3920260940675743,0.06627593267754639,-0.02212517795697304,0.0004366411853418215,-0.00032690418834135926,-0.0020231488633726258,0.0019971060055468115,4774,433000000,0.37,0,2,3,0.39990041110198415,0.4000353370671682,4.917289438993028,0.39990041110198415,0.4000353370671682,4.917289438993028,12.742813348770142
0.8840491875,0.0,5.0,-1.0434770707046466,-1.132440349671506,4.913302888205543,-0.9199133551785219,0.0006526395370735966,0.0009159098707949782,-0.39212007616919786,0.07941082342056574,-0.02304359260155146,0.0005032170977800019,-0.0002730753351443127,-0.0018472026567906141,0.00046832705322685797,4774,612000000,0.34,0,2,3,0.4088226506101313,0.403516483084678,4.9172707685228,0.4088226506101313,0.403516483084678,4.9172707685228,13.040866613388062
0.8840491875,0.0,5.0,-1.0297784787246542,-1.124290334529932,4.913420161110934,-0.9199268054025135,0.0006229692445117946,0.0010750730525268246,-0.3920881646124733,0.09040407859338045,-0.02398978873978055,0.00047164521139617197,-0.0003955499693120146,-0.001666712114456459,-0.001037163121964113,4774,782000000,0.32,0,2,3,0.4169004341332025,0.4058565639370433,4.917254641890718,0.4169004341332025,0.4058565639370433,4.917254641890718,13.340877771377563
0.947268,0.0,5.0,-1.0164232352409777,-1.1160328960283779,4.913518386206146,-0.9199847093070099,0.0006130987656391381,0.0012031996088292497,-0.39195192442683696,0.09895139175051039,-0.02486167847855733,0.0003540582119953706,-0.0005072829196706152,-0.001401594522576488,-0.0024413055825789343,4774,964000000,0.32,0,2,3,0.4243235856688519,0.40723620619367745,4.917230452335533,0.4243235856688519,0.40723620619367745,4.917230452335533,13.630479574203491
0.947268,0.0,5.0,-1.0039353286372892,-1.1081431719030577,4.913590696302996,-0.9200653150057959,0.000615157948046391,0.0013041690931963016,-0.3917623474084265,0.1052951426002687,-0.02563097898636424,0.000196946935474157,-0.0006183097923440073,-0.0012588681101988186,-0.0033557938422745792,4775,122000000,0.33,0,2,3,0.4304701487381959,0.40778010438594314,4.917202757089833,0.4304701487381959,0.40778010438594314,4.917202757089833,13.945246934890747
1.0124063125000002,0.0,5.0,-0.9869286385500944,-1.0972571397805106,4.913656742421869,-0.9202020053656974,0.0006214443264436348,0.0014205442946575056,-0.39144075564739644,0.11230622772887895,-0.026642236798099312,-5.164074530146799e-06,-0.0005218795251948904,-0.0010839001220119826,-0.00433214804616,4775,274000000,0.35,0,2,3,0.4355857157989425,0.40780707987886033,4.91717052733704,0.4355857157989425,0.40780707987886033,4.91717052733704,14.251490116119385
1.0794375,0.0,5.0,-0.9649200083985845,-1.0830485697420016,4.9137014592935655,-0.9204250280976976,0.0006274997343635156,0.001539388252780336,-0.3909155972575707,0.11842886607882105,-0.027755996551603306,-0.00021794147703798938,-0.00042119632723824907,-0.0008877831703557604,-0.0059207051890552975,4775,437000000,0.39,0,2,3,0.4418833108937846,0.4073143553178513,4.917114328614272,0.4418833108937846,0.4073143553178513,4.917114328614272,14.661209106445312
1.0794375,0.0,5.0,-0.9421956960058387,-1.0685352108142,4.913711171929525,-0.9207052214026075,0.0006328540423051429,0.001635295844421345,-0.39025481494177355,0.1186104608249053,-0.02906756514853579,-0.0003975022433393851,-0.00033985458003371605,-0.0006206235696026852,-0.007190183305283426,4775,672000000,0.46,0,2,3,0.44928191703975034,0.40604608341637544,4.917042524566023,0.44928191703975034,0.40604608341637544,4.917042524566023,15.028101205825806
1.1483349375,0.0,5.0,-0.920400313489715,-1.0555073057049422,4.91368552990925,-0.9210731720228633,0.0006598579412985248,0.0016684541111289684,-0.3893854037173414,0.10382808226835702,-0.0306714992190028,-0.0005402802916691669,-0.0005473806936606707,0.00027140070102404934,-0.009642481745686382,4775,883000000,0.54,0,2,3,0.4565291477681474,0.4042004932214815,4.91698766854289,0.4565291477681474,0.4042004932214815,4.91698766854289,15.419793367385864
1.2190720000000002,0.0,5.0,-0.9046016309359716,-1.0473732692503244,4.913636076852863,-0.9214412779385512,0.0007393430680387135,0.0016187382818361397,-0.38851358324925034,0.08491770703932988,-0.03199196750365572,-0.0006298741882431826,-0.0005499109192896867,0.0011581765079426987,-0.01105666615330847,4776,113000000,0.65,0,2,3,0.46377269275570837,0.4019144933005961,4.916941291681748,0.46377269275570837,0.4019144933005961,4.916941291681748,15.813749313354492
1.2916220625000001,0.0,5.0,-0.8899126665667497,-1.0417295902327246,4.913551328588297,-0.9218949257807159,0.0008839342445048713,0.0014815706671210502,-0.3874361488405256,0.05925555991913922,-0.03353848702405014,-0.0007092524934838041,-0.0008095739019609027,0.0022550706717083813,-0.01211272856380674,4776,287000000,0.75,0,2,3,0.4698341103803565,0.3998064848667845,4.916914370808746,0.4698341103803565,0.3998064848667845,4.916914370808746,16.144404411315918
1.2916220625000001,0.0,5.0,-0.8806004501099136,-1.040071042640225,4.9134704741630575,-0.9222635871558358,0.0010319322801575213,0.0013154841854290252,-0.3865579910227919,0.03882797929863908,-0.03490301461165253,-0.0006787072171724007,-0.0008507484437814128,0.0027842063900607172,-0.011747617190849269,4776,478000000,0.89,0,2,3,0.4767646165441037,0.39726641709845434,4.916899157970413,0.4767646165441037,0.39726641709845434,4.916899157970413,16.425851106643677
1.3659585000000003,0.0,5.0,-0.8732385789947704,-1.040752351727632,4.9133822154240345,-0.9226107624995372,0.001168274881065443,0.0011278543267981705,-0.38572884776542454,0.02122068618778055,-0.03656519906414474,-0.0007303287795137013,-0.0005658609381953283,0.002772467496470199,-0.010764633225335274,4776,647000000,0.99,0,2,3,0.4825016899626561,0.39512122974194896,4.916896203244817,0.4825016899626561,0.39512122974194896,4.916896203244817,16.695242881774902
1.4420546875,0.0,5.0,-0.8681641741832179,-1.0430471554764575,4.913293636593421,-0.9228746352206865,0.001291147495722217,0.00097211785537761,-0.38509712488060016,0.0076373766675472896,-0.037914045551091534,-0.0007885099080552017,-0.0008515775675732584,0.0026644656145435874,-0.008728030388738262,4776,809000000,1.1,0,2,3,0.48847672805514125,0.3929325061889872,4.916890615119908,0.48847672805514125,0.3929325061889872,4.916890615119908,16.957934141159058
1.4420546875,0.0,5.0,-0.8647171073080653,-1.0461366032622854,4.913210717543614,-0.9230551363712787,0.0013956973073084636,0.000847551824807589,-0.3846642027841043,-0.002714045640607865,-0.039088457588430624,-0.0008372965176967074,-0.0007677370035708009,0.002488346444806666,-0.006916405573065276,4776,952000000,1.18,0,2,3,0.4945371090836351,0.3916632179643186,4.916889240011532,0.4945371090836351,0.3916632179643186,4.916889240011532,17.22555899620056
1.5198840000000002,0.0,5.0,-0.8615943173494076,-1.0509144605049565,4.913106109559357,-0.9232120418369758,0.0015092778687357978,0.0007163055525535899,-0.3842873076148523,-0.013237657162081248,-0.04059311314687545,-0.000926681239804636,-0.0008465998405426944,0.0022014190562913427,-0.004774116496264469,4777,58000000,1.23,0,2,3,0.5008118927170767,0.39153059847536015,4.9168869734280385,0.5008118927170767,0.39153059847536015,4.9168869734280385,17.51451086997986
1.5198840000000002,0.0,5.0,-0.8585139748785483,-1.0596493259008017,4.9129305295062045,-0.9233279411544959,0.0016602431564301768,0.0005574675369118787,-0.384008393015057,-0.026022577565538395,-0.04265546411383953,-0.0011045564161838541,-0.0007581698469039111,0.0019239348603150574,-0.0015802326402081235,4777,208000000,1.28,0,2,3,0.5097888513906162,0.39288302659288166,4.916878917661596,0.5097888513906162,0.39288302659288166,4.916878917661596,17.839607000350952
1.5994198125,0.0,5.0,-0.8567400756153687,-1.0702890213599578,4.912727149275957,-0.9233244944369021,0.0018176776980754917,0.00043082151736736267,-0.3840161304078842,-0.0352516117587787,-0.044730688552171924,-0.0012410612435625828,-0.000838782688106221,0.0015720843407507346,0.0013126194744472741,4777,400000000,1.31,0,2,3,0.5252942792370922,0.397208575517469,4.916885795978537,0.5252942792370922,0.397208575517469,4.916885795978537,18.15060019493103
1.5994198125,0.0,5.0,-0.8552921208002732,-1.0791136444515974,4.91257276417246,-0.9232411922058901,0.0019023197200890426,0.00036909607497493833,-0.3842160147130995,-0.03062682954344867,-0.04576404650023638,-0.0010855371436760924,-0.0006178822957281227,0.0008244262403422908,0.003613138619584788,4777,598000000,1.32,0,2,3,0.5420651709733133,0.40244224705252163,4.916899879922044,0.5420651709733133,0.40244224705252163,4.916899879922044,18.41447949409485
1.6806355000000002,0.0,5.0,-0.8522429913127897,-1.0865200739096221,4.912453364162736,-0.9230776153274797,0.0019317513148082326,0.0004167945437512302,-0.3846086461593127,-0.00702305177088631,-0.046410943152146056,-0.0007905466531555027,-0.0005240456744104449,-0.0014886468306940515,0.006779222076147562,4777,763000000,1.3,0,2,3,0.5553717519216178,0.4062456696264488,4.916899655259916,0.5553717519216178,0.4062456696264488,4.916899655259916,18.672779083251953
1.7635044375,0.0,5.0,-0.8461844555683368,-1.091020919540159,4.9123808746988225,-0.9228325250394571,0.001900152287583981,0.000593110435632188,-0.385196272529466,0.0184683305774125,-0.046946333213901424,-0.0005010239704238414,-0.00044657152500349184,-0.002595413025119342,0.00883419770616456,4777,925000000,1.25,0,2,3,0.5682027057541987,0.4092879410642486,4.916884538479001,0.5682027057541987,0.4092879410642486,4.916884538479001,18.937843084335327
1.7635044375,0.0,5.0,-0.8385745187235047,-1.0927319774549427,4.912353484094337,-0.9225844230554292,0.001852868300118309,0.0007818702902667137,-0.3857900178768137,0.03879603631798044,-0.04756527299742771,-0.00027901502254948466,-0.00038970059108578425,-0.002772181323962286,0.009369645886181388,4778,88000000,1.18,0,2,3,0.580578177928338,0.4115971366263237,4.916865584057595,0.580578177928338,0.4115971366263237,4.916865584057595,19.209843397140503
1.848,0.0,5.0,-0.8289935931828369,-1.0925791177317419,4.912358123506877,-0.9223407546918249,0.0018126906216584038,0.0009745743457605734,-0.3863719666229287,0.057286373301338414,-0.04842288188749009,-8.351741643657719e-05,-0.0006906255464400601,-0.002718583186833712,0.008291414633276872,4778,226000000,1.11,0,2,3,0.5910776192236252,0.4130703899751395,4.916846557951405,0.5910776192236252,0.4130703899751395,4.916846557951405,19.48259711265564
1.848,0.0,5.0,-0.8158517111067042,-1.0903887402994694,4.912393978680297,-0.9221263398295303,0.0017774429582918974,0.0011916969509749471,-0.3868829719017112,0.07566910320129075,-0.0494467857372458,-7.2807722048908205e-06,-0.0006003837654589006,-0.002609342800496961,0.0054786939017503755,4778,367000000,1.04,0,2,3,0.6013652841848771,0.414103501448737,4.916825734292195,0.6013652841848771,0.414103501448737,4.916825734292195,19.75381827354431
1.9340955625,0.0,5.0,-0.8006921195823261,-1.0863763080917697,4.91244135676872,-0.9220123171854164,0.0017405215658857262,0.0013935308224350027,-0.38715412385108944,0.091508665753264,-0.05064781213981891,-5.597727607276497e-07,-0.000512408655595209,-0.0023824338541089674,0.002116638779625646,4778,522000000,0.97,0,2,3,0.6129677481969122,0.4148355981711641,4.916800336274802,0.6129677481969122,0.4148355981711641,4.916800336274802,20.054649353027344
1.9340955625,0.0,5.0,-0.777039868262595,-1.0783857050081616,4.912513676449186,-0.9220206731398144,0.0017072648965547805,0.0016447519421598153,-0.3871333857218015,0.10944087327599712,-0.05190699405552014,-8.55138628658396e-05,-0.0006940040577774198,-0.00208559481507109,-0.002220341616521182,4778,688000000,0.94,0,2,3,0.6244559360554661,0.41515837642553766,4.91677116248795,0.6244559360554661,0.41515837642553766,4.91677116248795,20.38311195373535
2.0217645000000006,0.0,5.0,-0.7482275646181401,-1.0670873349615622,4.912604772194131,-0.9222270406783615,0.0016931387970761794,0.0018875504820589837,-0.38664047366490656,0.12263492172257336,-0.053404298244593695,-0.00016990709532470062,-0.0005990698753066681,-0.0016760615835664794,-0.006663870544798556,4778,906000000,0.95,0,2,3,0.6402028149732062,0.41504919084252656,4.916708918841166,0.6402028149732062,0.41504919084252656,4.916708918841166,20.76715850830078
2.0217645000000006,0.0,5.0,-0.7183730917036222,-1.0553205351713426,4.9126326407347864,-0.9226513046565029,0.0016949222935039982,0.0020585645279498927,-0.38562606183472103,0.11932533427120426,-0.05502482246712805,-0.0006208493275691375,-0.0006301741052539,-0.0008353619591616734,-0.011750558314815862,4779,150000000,1.01,0,2,3,0.6574484566169143,0.4143414286654679,4.9166141368073415,0.6574484566169143,0.4143414286654679,4.9166141368073415,21.163778066635132
2.1109801875,0.0,5.0,-0.6969699780009088,-1.0479790251296586,4.912600986040818,-0.9231433056587001,0.0017363850680584617,0.0021032150780133613,-0.38444635343667743,0.10695944767708195,-0.05648168493218977,-0.0008165085363886708,-0.0005526239931441523,1.6276552272653788e-06,-0.01575180867803283,4779,379000000,1.14,0,2,3,0.6748832361277389,0.41316432528152625,4.9165030904038165,0.6748832361277389,0.41316432528152625,4.9165030904038165,21.534481048583984
2.2017160000000002,0.0,5.0,-0.6773703262849722,-1.042891094807199,4.912532233515644,-0.923749665521841,0.0018063426601079447,0.002058431976564863,-0.38298701731557283,0.0879399819561192,-0.057869074109544574,-0.0009751435520849444,-0.000466493798967349,0.0011659311667244765,-0.01875339130492648,4779,562000000,1.29,0,2,3,0.6881604391225667,0.4120630096762347,4.916425618517542,0.6881604391225667,0.4120630096762347,4.916425618517542,21.886441230773926
2.2939453125,0.0,5.0,-0.6582758838704089,-1.0404536211807516,4.912414577950363,-0.9244906505455436,0.0019420376241353076,0.0019272968084748595,-0.38119489906182646,0.06598707050661706,-0.059625469201153615,-0.0011212749580897998,-0.0007430155505971925,0.001968628475879086,-0.019723492550838273,4779,750000000,1.47,0,2,3,0.701650054051956,0.4108198477270316,4.91634258069449,0.701650054051956,0.4108198477270316,4.91634258069449,22.23883366584778
2.2939453125,0.0,5.0,-0.6418404170960265,-1.041296652385248,4.912271486282301,-0.9252227118631431,0.0021027730568376063,0.0017578539789904542,-0.37941457766863845,0.04644597620598773,-0.06182736268542248,-0.001143261244424422,-0.0008226035163261258,0.002163340764127497,-0.018851157983590383,4779,949000000,1.7,0,2,3,0.7169248334664658,0.40930973011495914,4.916237735657782,0.7169248334664658,0.40930973011495914,4.916237735657782,22.5731942653656
2.3876415,0.0,5.0,-0.6289540013294265,-1.044536170533703,4.9121340173591825,-0.9258171752222522,0.002265253974075122,0.001609215028750912,-0.37796142278665656,0.031651891403025864,-0.06402806240989153,-0.0011669137808947307,-0.000988111582955753,0.0021158423123779357,-0.016510431851202156,4780,140000000,1.92,0,2,3,0.7325516652118711,0.40771299584191634,4.916121728965413,0.7325516652118711,0.40771299584191634,4.916121728965413,22.937893390655518
2.4827779375000003,0.0,5.0,-0.6199851291476721,-1.0484643059848544,4.912023087419466,-0.926209341947366,0.002380566179620608,0.0014995139494218455,-0.37699912367538335,0.021648909473667245,-0.06552491666087197,-0.0011861701871668272,-0.0008730607646612043,0.0019518415683705825,-0.013557650345319416,4780,320000000,2.1,0,2,3,0.7469275322957873,0.40623784529402773,4.9160176385053225,0.7469275322957873,0.40623784529402773,4.9160176385053225,23.263627529144287
2.5793280000000003,0.0,5.0,-0.6085181631798098,-1.0559100301732762,4.911853439214027,-0.9266338145029009,0.002536466807685418,0.001360792353341008,-0.3759541041139302,0.009609684186574473,-0.06771612138219753,-0.0012994864918244619,-0.0009014614704483392,0.0017461648781136319,-0.009236308960680617,4780,477000000,2.19,0,2,3,0.760023828652015,0.4049142014916241,4.9159344631739685,0.760023828652015,0.4049142014916241,4.9159344631739685,23.60448980331421
2.5793280000000003,0.0,5.0,-0.601227335760134,-1.0622410104120341,4.911715271515058,-0.9268301707871531,0.002644541763127393,0.001280030457977537,-0.3754693095840805,0.002800372684598337,-0.0695556680700613,-0.0014655188880399693,-0.0009694879395283351,0.0015281323157978477,-0.00622614070380223,4780,662000000,2.36,0,2,3,0.7751343854179371,0.40343328273896883,4.915850625364404,0.7751343854179371,0.40343328273896883,4.915850625364404,23.917462587356567
2.6772650625,0.0,5.0,-0.5943637282533422,-1.0693387806321737,4.911559467799274,-0.9269619580782794,0.0027460946898646577,0.0012163006792387978,-0.37514331641693144,-0.00203208524605936,-0.0713849096102685,-0.0015696133032750334,-0.0010309462481927767,0.001208127400786907,-0.003924644806829747,4780,803000000,2.42,0,2,3,0.7871615246100824,0.4023003172382772,4.915792046981083,0.7871615246100824,0.4023003172382772,4.915792046981083,24.224236488342285
2.7765625000000003,0.0,5.0,-0.5839095052373966,-1.0793426417222802,4.911330260862818,-0.9270090681368313,0.0028039101243669904,0.00123009679701476,-0.37502641579223234,0.011561262152717439,-0.0728149724399099,-0.0015779295103386045,-0.0003489941235557126,-0.001141727761932998,0.0013467942721945292,4780,956000000,2.47,0,2,3,0.7994363226756326,0.40118732793800677,4.915739037691381,0.7994363226756326,0.40118732793800677,4.915739037691381,24.57104253768921
2.7765625000000003,0.0,5.0,-0.5727404039922995,-1.0847940153332143,4.911166901526681,-0.926878935988023,0.0027922243552858063,0.001392920148730578,-0.3753474407509918,0.03935164399835444,-0.07320022890118544,-0.0013953721154958527,-0.0006351182378239173,-0.002387043696217006,0.006306806244538166,4781,155000000,2.5,0,2,3,0.8173999093547863,0.3996355491319212,4.915664322745375,0.8173999093547863,0.3996355491319212,4.915664322745375,24.848646640777588
2.8771936875,0.0,5.0,-0.5584412163180408,-1.087303304706609,4.911045621388549,-0.9266463761532668,0.002756809102413543,0.0016044265737423717,-0.37592062909736706,0.06529176193134253,-0.07376848518779686,-0.0011058518576284072,-0.0005427626945220254,-0.002693201713555027,0.00882756530700135,4781,300000000,2.46,0,2,3,0.8322139789125484,0.3984494921706713,4.915607038344226,0.8322139789125484,0.3984494921706713,4.915607038344226,25.190550327301025
2.8771936875,0.0,5.0,-0.5389389837412335,-1.0869372912304747,4.910973225751442,-0.9263505034132413,0.002717299134224837,0.0018506282354764634,-0.3766482925576371,0.09074758358895889,-0.07434930242915279,-0.0008593228653104353,-0.0006212744267486414,-0.002603905704745557,0.00837099851196399,4781,457000000,2.4,0,2,3,0.847411443699501,0.397318098765833,4.91555666774753,0.847411443699501,0.397318098765833,4.91555666774753,25.56178116798401
2.9791320000000003,0.0,5.0,-0.505960758547468,-1.0821121761486898,4.910924088786675,-0.9261394447303282,0.0026687263078640135,0.002166469102925752,-0.3771656310245129,0.11122330288666091,-0.07627580167150042,-0.0008864669573551542,-0.0006421992395644338,-0.0019903016664102324,-0.0004604218133863469,4781,650000000,2.32,0,2,3,0.8650138343623736,0.39611448423807755,4.9154957070521474,0.8650138343623736,0.39611448423807755,4.9154957070521474,25.959653615951538
3.0823508125,0.0,5.0,-0.4764530282631713,-1.0770639250255012,4.910882535966425,-0.9263330873780431,0.0026670862459944526,0.0023517081152041705,-0.3766886875771023,0.11106475058342787,-0.07819095194346097,-0.0010301880180210827,-0.000808459367362957,-0.0011077087265221053,-0.008629177045804681,4781,897000000,2.26,0,2,3,0.8914576880853751,0.39451002032198484,4.915395576810733,0.8914576880853751,0.39451002032198484,4.915395576810733,26.396556854248047
3.1868235000000005,0.0,5.0,-0.44761035895078455,-1.073414510331052,4.910794797172705,-0.9268825845579474,0.0027322340638149334,0.002432365193045059,-0.3753335755561546,0.10022288750032578,-0.08059180927918044,-0.0013350218526464869,-0.0009345689250039868,-5.137458991555377e-05,-0.01665685067564482,4782,134000000,2.33,0,2,3,0.9147403343554978,0.3932897707662357,4.915302526082993,0.9147403343554978,0.3932897707662357,4.915302526082993,26.759350776672363
3.1868235000000005,0.0,5.0,-0.4206045834482958,-1.0724110794156152,4.910646755492745,-0.9277194188548588,0.002858158285357462,0.0024167629266865793,-0.37325952106781507,0.08389135512825181,-0.0831340526331885,-0.001571440891383475,-0.0010060656450150418,0.0008211179249428824,-0.022579754295293242,4782,352000000,2.5,0,2,3,0.9388122669207491,0.3921825222470959,4.9152041355499465,0.9388122669207491,0.3921825222470959,4.9152041355499465,27.11369562149048
3.2925234375000008,0.0,5.0,-0.40009376834146765,-1.0738080371150616,4.910497298434209,-0.9285118959458174,0.0029813849926336885,0.002355012090192066,-0.37128321312535034,0.07115519136415373,-0.08537704979579176,-0.0016459715623594975,-0.000921401277764744,0.0011768238209697301,-0.024315490372828208,4782,567000000,2.76,0,2,3,0.9636189228752745,0.3911809186384758,4.915101925457175,0.9636189228752745,0.3911809186384758,4.915101925457175,27.45388698577881
3.3994240000000002,0.0,5.0,-0.37886444467195435,-1.0775329379397465,4.910303934158484,-0.9293776158008298,0.0031007638269372113,0.0022523545469396154,-0.36911049756278874,0.0582978210536787,-0.08751062439405537,-0.0018176845002441833,-0.0007978272378750262,0.001369402423279098,-0.022475356308859773,4782,745000000,3.01,0,2,3,0.9844667151778088,0.3904647526082997,4.915016740086447,0.9844667151778088,0.3904647526082997,4.915016740086447,27.792840480804443
3.5074985625000004,0.0,5.0,-0.3609699221589457,-1.0825964657351075,4.910099499034518,-0.9300607936680154,0.003251815903526355,0.0021743845524454485,-0.3673848361415711,0.04885339572434555,-0.08946022699661896,-0.001967278837834824,-0.0011902318874490447,0.0013019439847994363,-0.019405097191338427,4782,943000000,3.29,0,2,3,1.0081668689421073,0.3897744526961657,4.914921277341097,1.0081668689421073,0.3897744526961657,4.914921277341097,28.090819120407104
3.5074985625000004,0.0,5.0,-0.34389342142476964,-1.0889728473685178,4.909871295813897,-0.9306333982736823,0.0033603776234989863,0.0020985177495087782,-0.36593138988485263,0.04217278460222949,-0.09161630278737823,-0.0020981612013122133,-0.0006848608563814196,0.0010417659268568968,-0.01587226342962822,4783,117000000,3.51,0,2,3,1.0299815959658005,0.3892381527110587,4.914835231329656,1.0299815959658005,0.3892381527110587,4.914835231329656,28.397511959075928
3.6167205000000004,0.0,5.0,-0.3270927986060278,-1.096168060511886,4.909623906547799,-0.9310814756286016,0.003488054271348026,0.0020829030417321604,-0.36478867955788397,0.04054828725159315,-0.0937692711313253,-0.0022222638290816375,-0.0012529100104075042,0.0003435740694612832,-0.012109417275496526,4783,301000000,3.7,0,2,3,1.052261347102864,0.38877335760747,4.914739229222847,1.052261347102864,0.38877335760747,4.914739229222847,28.705958604812622
3.6167205000000004,0.0,5.0,-0.31177087323117364,-1.102569236610316,4.909391090874036,-0.9313698438917367,0.003525501290305228,0.0021132507382223406,-0.3640512586175898,0.04573726877768528,-0.09482160223779268,-0.0023184838770128413,-0.00040790113189359545,-0.0006122397905983235,-0.00830977305668057,4783,479000000,3.84,0,2,3,1.0750888936601788,0.38837575900839216,4.9146408113060085,1.0750888936601788,0.38837575900839216,4.9146408113060085,29.009779691696167
3.7270631875,0.0,5.0,-0.2930955435038534,-1.1086732322962083,4.909124803355049,-0.9315540203913513,0.0035291622216633437,0.0022312884260866778,-0.36357897829588914,0.06120231514354542,-0.09554625967593403,-0.0023368245388431024,-0.0005194831885546591,-0.0016984682247311866,-0.0034436576015650644,4783,656000000,3.94,0,2,3,1.095795625273084,0.3880875842047497,4.9145555159483925,1.095795625273084,0.3880875842047497,4.9145555159483925,29.299577236175537
3.8385000000000007,0.0,5.0,-0.26384420112073087,-1.1128879856427158,4.908799043303576,-0.9315497084660042,0.003479792198216651,0.0024778198733242263,-0.36358890537506083,0.09394864044203935,-0.09531260805022705,-0.0022364894279294995,-0.0005700522308416112,-0.002244508027615666,0.00252442969213007,4783,831000000,4.01,0,2,3,1.1195895764656187,0.38785032617597853,4.914449860734746,1.1195895764656187,0.38785032617597853,4.914449860734746,29.67469620704651
3.8385000000000007,0.0,5.0,-0.23188413937614097,-1.1119397457390066,4.908547809698375,-0.9314181489247335,0.0034496443735288237,0.002729902496350567,-0.36392427706829245,0.12301858670351565,-0.09530635286909322,-0.0021457622326241732,-0.0006515919892535749,-0.0021480057966982713,0.00294638828108873,4784,62000000,4.02,0,2,3,1.1520641754410723,0.3876621529829404,4.91429987279235,1.1520641754410723,0.3876621529829404,4.91429987279235,30.074493408203125
3.9510043125000003,0.0,5.0,-0.1889722794691046,-1.1061877561432145,4.908327011929829,-0.9314096055375936,0.003432422682642116,0.0030018033656129517,-0.36394416379904476,0.14424417987367896,-0.09611941353579026,-0.0020435210730460843,-0.0006941683295735857,-0.0017303774484389578,-0.004744313991977833,4784,293000000,3.99,0,2,3,1.1825713205597614,0.3875967137607957,4.91417081680094,1.1825713205597614,0.3875967137607957,4.91417081680094,30.48552393913269
4.0645495,0.0,5.0,-0.14753096184119527,-1.0996129775224828,4.908125403233152,-0.931865854793871,0.0034443888472068676,0.0031858063230158747,-0.3627726774342707,0.14534451193429526,-0.09744616756480821,-0.0022671001266692022,-0.0006862875579827232,-0.001086193265109614,-0.015743453150207642,4784,555000000,4.0,0,2,3,1.2195095143423305,0.38765655594037285,4.913988711224631,1.2195095143423305,0.38765655594037285,4.913988711224631,30.882766485214233
4.179108937500001,0.0,5.0,-0.10658285456587945,-1.0942363532217068,4.907873282436809,-0.9328132854593394,0.003500605328964626,0.0032765082131488996,-0.36032816255021327,0.1363488738940765,-0.09952297962959523,-0.00254293694032679,-0.0008679584311721555,-0.00022465722651077158,-0.026788012837641872,4784,788000000,4.15,0,2,3,1.2544529472996888,0.3878448059395238,4.913788136139233,1.2544529472996888,0.3878448059395238,4.913788136139233,31.267115592956543
4.179108937500001,0.0,5.0,-0.07052497436875645,-1.0915521861937274,4.907591230609481,-0.9340315870173062,0.0036024576620044537,0.0032842808166218384,-0.35715715063854353,0.12398055395042158,-0.10177162124205183,-0.002759988507835357,-0.0008770597162310878,0.00038225626042276417,-0.03345345066918526,4785,23000000,4.46,0,2,3,1.2901657080708884,0.38815390438736613,4.913559380973985,1.2901657080708884,0.38815390438736613,4.913559380973985,31.631097316741943
4.294656000000001,0.0,5.0,-0.03621119924965177,-1.091375943119067,4.90724914497365,-0.9353945820157079,0.0037267999531521755,0.003239830868555272,-0.35357119565048173,0.1111778459667619,-0.10406809034592002,-0.003026320184789412,-0.0008982376755284349,0.0007441513446337922,-0.035225998362875544,4785,247000000,4.86,0,2,3,1.3235619959044518,0.3885416312103249,4.913347464007949,1.3235619959044518,0.3885416312103249,4.913347464007949,31.967005252838135
4.411164062500001,0.0,5.0,-0.0035419426721470435,-1.093519722413799,4.906862757270463,-0.9367072473575141,0.003859512075804723,0.003176949059404547,-0.3500779111985207,0.10043819960171727,-0.10610262279084262,-0.003149523314108006,-0.0008034961183511768,0.0008128135903007205,-0.03259751247242093,4785,458000000,5.31,0,2,3,1.357652130060433,0.38902353311557863,4.913121124555696,1.357652130060433,0.38902353311557863,4.913121124555696,32.36504673957825
4.5286065,0.0,5.0,0.02507438480237119,-1.097136431487943,4.906487946357501,-0.93778761108434,0.0039666926849713895,0.003116808195734216,-0.3471727917803186,0.09313796458683503,-0.10809913547057011,-0.0032466367788278176,-0.0007997049294772296,0.000758304827286338,-0.029782270212308504,4785,684000000,5.75,0,2,3,1.3924952820401022,0.3895897064907268,4.912898154920436,1.3924952820401022,0.3895897064907268,4.912898154920436,32.69376015663147
4.5286065,0.0,5.0,0.05299066351643435,-1.1020353028626357,4.906095434708576,-0.9387365183404306,0.004090289018324427,0.0030709372452084075,-0.3445977191077571,0.08812410769662535,-0.11016889958421014,-0.003336435113436146,-0.0009084596626962593,0.0006421235411835369,-0.025730023844516836,4785,876000000,6.11,0,2,3,1.4247941243331699,0.3901841325011129,4.91269125957902,1.4247941243331699,0.3901841325011129,4.91269125957902,33.039522647857666
4.6469566875,0.0,5.0,0.0807755634914134,-1.1076980990632268,4.905690389860925,-0.9395481951401388,0.004187818112824261,0.0030558934590711917,-0.34237744187304203,0.08784238288602399,-0.1121112775339634,-0.0034128483343927292,-0.0007047088615763641,0.00015088796914142222,-0.022148201969685033,4786,83000000,6.43,0,2,3,1.4576326539167197,0.39084898782906885,4.912469582915294,1.4576326539167197,0.39084898782906885,4.912469582915294,33.350937366485596
4.7661880000000005,0.0,5.0,0.10615894823964327,-1.112888589236378,4.905328653942355,-0.9401642324098931,0.004233453794976123,0.0030812901641680186,-0.3406813755065081,0.09109559592983546,-0.1130353444950212,-0.003382073654190524,-0.0004919140678794065,-0.00038997638682758407,-0.01871943532023579,4786,278000000,6.71,0,2,3,1.4909969627117732,0.391582536584524,4.912235762976951,1.4909969627117732,0.391582536584524,4.912235762976951,33.6797821521759
4.7661880000000005,0.0,5.0,0.13860755620707907,-1.1183252016448613,4.9048905530658224,-0.9407542787730498,0.004237692921707047,0.0031754364472670726,-0.3390477039182971,0.10418215707203986,-0.11340705787832916,-0.003461678613462877,-0.0003619523084807952,-0.0011993679208899266,-0.013577709250967018,4786,472000000,6.92,0,2,3,1.5214603062755445,0.39230319098444366,4.912016791771416,1.5214603062755445,0.39230319098444366,4.912016791771416,34.02834105491638
4.886273812500001,0.0,5.0,0.16722686806951276,-1.1211724236707,4.904542383025031,-0.9411063108123661,0.004230173638837836,0.0033087389611291583,-0.33806814346609243,0.119485644079422,-0.11350673063814658,-0.0034435101894826547,-0.0003824834095667029,-0.0016105517829601013,-0.010339890104660299,4786,679000000,7.14,0,2,3,1.5593548115516898,0.39325511089423437,4.911741828884117,1.5593548115516898,0.39325511089423437,4.911741828884117,34.36041593551636
5.007187500000001,0.0,5.0,0.2087186237547468,-1.1221750613841979,4.90410754849931,-0.9414658277235737,0.004173637680742569,0.0034957914721403735,-0.33706446774950855,0.14076761489169626,-0.11270195901048266,-0.0034259719495853326,-0.0002851212059340469,-0.0016792326505310484,-0.008550441998522729,4786,876000000,7.2,0,2,3,1.5944554306181304,0.39419601916445174,4.911487041170471,1.5944554306181304,0.39419601916445174,4.911487041170471,34.734506130218506
5.007187500000001,0.0,5.0,0.25765546424933417,-1.119905805461926,4.903673317899016,-0.9418972966710535,0.00414879334800039,0.0037059768549878966,-0.33585493263173505,0.15960373638641306,-0.11243557623903482,-0.003455090284335173,-0.0004423088398652908,-0.0015329564803323592,-0.012042184607707895,4787,110000000,7.4,0,2,3,1.6337480300416978,0.3952979159744054,4.911201796629512,1.6337480300416978,0.3952979159744054,4.911201796629512,35.169360399246216
5.128902437500001,0.0,5.0,0.3178490053206236,-1.1144822249693374,4.903181392011778,-0.9426887195668581,0.004137420167664969,0.0038995704300772674,-0.3336250187054544,0.17080702376693851,-0.11280838492128853,-0.003653140772317199,-0.00013347184761869357,-0.001023111940412491,-0.021128111075086053,4787,366000000,7.56,0,2,3,1.681041274866686,0.3966852560692823,4.910845151826552,1.681041274866686,0.3966852560692823,4.910845151826552,35.6549186706543
5.251392000000001,0.0,5.0,0.3710528287697283,-1.1094358741060661,4.902718757609852,-0.9437673361907667,0.004136804006674149,0.003994220442553101,-0.33056035484469526,0.1716336488439656,-0.11346695604415613,-0.0038620031184333483,-0.0004231483103467326,-0.0006493805358331883,-0.028846670647908468,4787,661000000,7.86,0,2,3,1.736754870176699,0.39840283553325634,4.91043616775976,1.736754870176699,0.39840283553325634,4.91043616775976,36.059494733810425
5.374629562500001,0.0,5.0,0.4201608087991351,-1.1054442788228966,4.902257834661166,-0.94502579881755,0.0041827723522294535,0.004055948381403163,-0.32694386867997427,0.16911107803724812,-0.11460786265836553,-0.004045645295585355,-0.000815902950535019,-0.00035166933116670407,-0.034583212254801765,4787,926000000,8.24,0,2,3,1.7859877144751826,0.3999815667187613,4.910086622006102,1.7859877144751826,0.3999815667187613,4.910086622006102,36.46020174026489
5.4985885,0.0,5.0,0.4686239018480424,-1.102830140661488,4.901746997395981,-0.9464691816006432,0.00428872179035427,0.004085694613093688,-0.3227398367805592,0.1630595652482441,-0.11628606677335292,-0.004298413358300347,-0.0010120810657099355,5.861524737804658e-07,-0.03857896626868751,4788,174000000,8.69,0,2,3,1.8321970333715483,0.40150429176968466,4.90975269926424,1.8321970333715483,0.40150429176968466,4.90975269926424,36.824323892593384
5.623242187500001,0.0,5.0,0.5122440283790751,-1.1019519134475937,4.901233415590662,-0.9478576717858196,0.00441255166790251,0.004091039156633912,-0.3186371397423126,0.15728048836987626,-0.11810883273229093,-0.004478077577461466,-0.0010130281111742079,0.00013830295415573346,-0.03972807462560013,4788,407000000,9.21,0,2,3,1.8791307618545312,0.4030737770805702,4.909382693026238,1.8791307618545312,0.4030737770805702,4.909382693026238,37.19885492324829
5.623242187500001,0.0,5.0,0.5552663725759254,-1.1024130409417026,4.900700829398292,-0.9492330444907436,0.004536681756707942,0.004094067372567111,-0.3145143627528336,0.15332249627060965,-0.11995074351349062,-0.004541992146798929,-0.0010130775422112492,0.00011051896038338782,-0.039057071626302786,4788,625000000,9.72,0,2,3,1.9227509578166033,0.40454605074144573,4.909025775937984,1.9227509578166033,0.40454605074144573,4.909025775937984,37.56114745140076
5.748564,0.0,5.0,0.6018643850462211,-1.1041379328813905,4.9000957074933735,-0.9506503739839971,0.00466680451590821,0.00409171050567639,-0.31020210393360387,0.15118756727331945,-0.1217496162770737,-0.004714162377087521,-0.0005825554580951575,8.973809002554844e-05,-0.03651212464319542,4788,855000000,10.23,0,2,3,1.9670365500361613,0.4060417340483,4.908644801040005,1.9670365500361613,0.4060417340483,4.908644801040005,37.91591930389404
5.874527312500001,0.0,5.0,0.6446090571772507,-1.1063924947871695,4.899514539012501,-0.951833056500293,0.004732024436716516,0.0040946785147903215,-0.30655288957356214,0.15157781335988957,-0.12270151609065402,-0.004828732738986351,-0.0005680347726411128,-0.00012519118683940178,-0.03361557646712754,4789,81000000,10.76,0,2,3,2.016131237034315,0.40770522247760166,4.908222453301286,2.016131237034315,0.40770522247760166,4.908222453301286,38.31896138191223
6.0011054999999995,0.0,5.0,0.6876496820493617,-1.1090144709286995,4.898930835938572,-0.9529190048058157,0.004799322715903973,0.00411490188475612,-0.3031590413691153,0.1533053097007124,-0.12371603176587771,-0.004830166540876681,-0.0005143498015058867,-0.00024323693850192285,-0.03137683670502156,4789,308000000,11.22,0,2,3,2.061847886614871,0.40926460554419763,4.907818013983017,2.061847886614871,0.40926460554419763,4.907818013983017,38.66597604751587
6.0011054999999995,0.0,5.0,0.7313592453461516,-1.1116662817767096,4.898356963564497,-0.9539148083737361,0.004848299206692046,0.004154902410296561,-0.3000096150893525,0.15786682634954707,-0.12435161169767595,-0.004846714659484527,-0.0003191288868720221,-0.0004836489267745492,-0.029051504861854482,4789,532000000,11.64,0,2,3,2.1081953881496673,0.41084614673344877,4.907402692571075,2.1081953881496673,0.41084614673344877,4.907402692571075,38.99673938751221
6.1282719375,0.0,5.0,0.7762246188835652,-1.1139018962253584,4.897779810737161,-0.9548311633076911,0.004863322927712292,0.004210129906860474,-0.297079236017513,0.16547964258820047,-0.12450868245387485,-0.004952734608306352,-6.35677487537123e-05,-0.0006909808462296496,-0.026852527662413195,4789,741000000,12.03,0,2,3,2.1551501221057974,0.4124266300903827,4.906968335560541,2.1551501221057974,0.4124266300903827,4.906968335560541,39.35538649559021
6.256,0.0,5.0,0.8182754248580278,-1.1151978977447459,4.897260397766818,-0.9555883473482392,0.00485339635885689,0.004271568421508847,-0.29463385524963853,0.1735728435695655,-0.1238012983579611,-0.004945225644646296,-1.5689645671557173e-05,-0.0008034355232666712,-0.024766504247963894,4789,964000000,12.4,0,2,3,2.202715784044287,0.41401833143136235,4.906544075879561,2.202715784044287,0.41401833143136235,4.906544075879561,39.71124029159546
6.256,0.0,5.0,0.8617716943479272,-1.1155081788760486,4.896755750708269,-0.956283204110945,0.004837777191851025,0.004349750866596012,-0.29236981566937587,0.18391435039761467,-0.12283315237201049,-0.004944050775676678,-1.4387676827709583e-05,-0.0009810492542783322,-0.023167200197349302,4790,157000000,12.71,0,2,3,2.2464297048492776,0.4154588696965979,4.906181420359946,2.2464297048492776,0.4154588696965979,4.906181420359946,40.06098771095276
6.3842630625000005,0.0,5.0,0.9114010084068667,-1.1146578859724485,4.896219104182316,-0.957039393425562,0.004819297573697167,0.004438114799530665,-0.2898839025188439,0.19422821688997616,-0.1220107152719166,-0.004944687103758368,-8.129336898088368e-07,-0.0009138087875726342,-0.024051418404269498,4790,376000000,13.0,0,2,3,2.2906109864126245,0.41689129888782633,4.905833363722018,2.2906109864126245,0.41689129888782633,4.905833363722018,40.41961216926575
6.5130345,0.0,5.0,0.967330016435523,-1.1125777799417647,4.895652702884788,-0.9579054614436069,0.004807238927012719,0.0045222166560354845,-0.28700795624324577,0.20275601129588453,-0.12108483656228297,-0.004990680007179253,-0.0002928318963313359,-0.0007934831046441104,-0.026566863016341813,4790,591000000,13.32,0,2,3,2.339745194659482,0.4184641387848895,4.905465694099365,2.339745194659482,0.4184641387848895,4.905465694099365,40.81629729270935
6.6422876875,0.0,5.0,1.0196833619328305,-1.1101515937689486,4.89511288486898,-0.9588105821543251,0.004833698349097669,0.004597398904811457,-0.2839678975385486,0.20707873912671557,-0.12094090191664217,-0.005223391812251964,-0.0005565871219914698,-0.0006957691311981762,-0.03089244564762339,4790,820000000,13.69,0,2,3,2.394149786910403,0.4201823387393882,4.905078809014987,2.394149786910403,0.4201823387393882,4.905078809014987,41.201611280441284
6.6422876875,0.0,5.0,1.0726715987876916,-1.107751120475987,4.894540409957907,-0.959845659727326,0.004891943618017997,0.004660643895669921,-0.2804472442166793,0.2094757679449426,-0.12143570740769208,-0.005421022935843227,-0.0005131260195412324,-0.000540549740435381,-0.03511253307806328,4791,50000000,14.07,0,2,3,2.444748973037033,0.42177034016719434,4.904705528204117,2.444748973037033,0.42177034016719434,4.904705528204117,41.57175326347351
6.7719960000000015,0.0,5.0,1.126135710344687,-1.105609608594735,4.893941362542715,-0.9609736136912639,0.004945727333280496,0.0047087445821486235,-0.27655574717361814,0.21109720690120132,-0.12200103653760672,-0.005585117768624946,-0.0006514551671443769,-0.00045294127630768344,-0.03811873903032392,4791,268000000,14.51,0,2,3,2.4959785152545217,0.423382047543634,4.9043291582014,2.4959785152545217,0.423382047543634,4.9043291582014,41.92286038398743
6.9021328125,0.0,5.0,1.1796891258600462,-1.1040170872982868,4.893318612295578,-0.9621633549022792,0.00502873274326422,0.004745211762922072,-0.2723855232854944,0.2101136031243736,-0.12255844736384651,-0.005723869887103287,-0.0006328422273327305,-0.0002881947324340217,-0.040213628381025046,4791,497000000,14.91,0,2,3,2.5525816781491035,0.42512395652540597,4.903901790798491,2.5525816781491035,0.42512395652540597,4.903901790798491,42.283796548843384
7.032671500000001,0.0,5.0,1.2380954516742553,-1.1030124137831618,4.89261625322812,-0.9634793550085933,0.005110992054747033,0.004768256892186035,-0.2676913781925955,0.21007793808283948,-0.1232443976359328,-0.005867998945460346,-0.0006553592584168655,-0.00024056305250041987,-0.04082199011463672,4791,715000000,15.52,0,2,3,2.6003318057955256,0.42654775755122004,4.903534165678023,2.6003318057955256,0.42654775755122004,4.903534165678023,42.65651988983154
7.032671500000001,0.0,5.0,1.2918073542872401,-1.1026591285724578,4.8919393879933635,-0.9646707937877281,0.005191323741329981,0.004791208603021456,-0.26336353979032356,0.21102695859260426,-0.12384621060866992,-0.006081931836989916,-0.0005762624766703084,-0.00029559529934886086,-0.04059010789205786,4791,942000000,16.1,0,2,3,2.658274172281877,0.42823152241758183,4.903081969085725,2.658274172281877,0.42823152241758183,4.903081969085725,43.01898527145386
7.1635854375,0.0,5.0,1.3360091491758996,-1.1026938912613162,4.891360501727169,-0.9656139358914857,0.005246805625237028,0.004815403817018767,-0.25988268455009406,0.21249830760925476,-0.1243526660699535,-0.006235674021929539,-0.0004977488629265281,-0.00037573390159195696,-0.03974567480327096,4792,163000000,16.63,0,2,3,2.711973584445415,0.4297681156801446,4.90265932042199,2.711973584445415,0.4297681156801446,4.90265932042199,43.37458372116089
7.294848000000002,0.0,5.0,1.3853814054876292,-1.1030060254632361,4.89068413586,-0.9666182155623463,0.005287367262390977,0.004834046277104649,-0.25612087202547273,0.21379964766778028,-0.1243418699102899,-0.006476369991535054,-0.00026736083782452624,-0.00028471098119098315,-0.03833959162875544,4792,345000000,17.07,0,2,3,2.756331656186231,0.43100226953910464,4.902309406527049,2.756331656186231,0.43100226953910464,4.902309406527049,43.773874044418335
7.294848000000002,0.0,5.0,1.4400234082420487,-1.1036249850555404,4.889922799370399,-0.9676732870849651,0.005324097589855075,0.004854278132538885,-0.2521041440175941,0.21596096056555592,-0.1245937268156154,-0.006481711950715767,-0.00022189443029674294,-0.0003471719423941977,-0.0373647333617555,4792,539000000,17.54,0,2,3,2.8060179663837954,0.4323531736613125,4.901917105117047,2.8060179663837954,0.4323531736613125,4.901917105117047,44.13658261299133
7.426432562500002,0.0,5.0,1.4951862573941284,-1.104471898473365,4.889169557331098,-0.9686931120779458,0.005354636331945282,0.004873203647998293,-0.24815566559863594,0.2190082677648313,-0.1247359126577043,-0.006502067915211136,-5.106188645243037e-05,-0.0003537516988671996,-0.03649307145678904,4792,764000000,18.04,0,2,3,2.8611806937946933,0.4338161120455615,4.901482926372245,2.8611806937946933,0.4338161120455615,4.901482926372245,44.479377031326294
7.5583125,0.0,5.0,1.5510378946927685,-1.1052598577025567,4.888407606419994,-0.9696461745990644,0.005364021853649193,0.004898490087649707,-0.2444044356181273,0.22342806718459762,-0.12388072321398658,-0.006609304913741221,-0.00013261946918419198,-0.0004627544967661379,-0.034255490754731,4792,988000000,18.54,0,2,3,2.916977066318952,0.4352450117025231,4.901048562273819,2.916977066318952,0.4352450117025231,4.901048562273819,44.84635066986084
7.6904611875,0.0,5.0,1.6076896680553356,-1.1058559708193116,4.887647091477883,-0.9705375617071063,0.005386794595558172,0.004934109307474343,-0.2408391129466968,0.22809320364995606,-0.12326792545959234,-0.006617571194237198,-3.2696214802285795e-05,-0.00048375119945376355,-0.03295524693385232,4793,203000000,19.01,0,2,3,2.9735063029854496,0.43663346284308957,4.900617004061041,2.9735063029854496,0.43663346284308957,4.900617004061041,45.20132899284363
7.6904611875,0.0,5.0,1.6652069880001892,-1.1062876950124538,4.886882812703739,-0.9714023916570933,0.005391196375326363,0.004967393216319754,-0.23732604890562675,0.23284987789742967,-0.12287229369237614,-0.006740564790571069,-0.00010797930656281096,-0.0005004646880024666,-0.03287372601334937,4793,426000000,19.47,0,2,3,3.03045145884194,0.4383179382261339,4.9000305594691085,3.03045145884194,0.4383179382261339,4.9000305594691085,45.55110573768616
7.822852,0.0,5.0,1.7182673376753919,-1.1065612916257945,4.886165175499586,-0.9721780277507585,0.005409821047423563,0.005003140803560696,-0.234127283281936,0.23710332968748798,-0.12252849613644527,-0.006926508616220313,-3.29747307237227e-05,-0.0005118732246955915,-0.03295797941973433,4793,643000000,19.96,0,2,3,3.0872277394584313,0.4414114902853238,4.89886912178398,3.0872277394584313,0.4414114902853238,4.89886912178398,45.89960503578186
7.955458312500001,0.0,5.0,1.7773234878055093,-1.1067675045440737,4.885374093205803,-0.9730220235902964,0.005396038566307415,0.0050305357944576325,-0.23059427158031515,0.2406865913228311,-0.12174665303203303,-0.006884283647876232,7.168129982915161e-05,-0.0004650707921882713,-0.0331129089317983,4793,844000000,20.46,0,2,3,3.1385012969496335,0.44555212051869847,4.897409665119445,3.1385012969496335,0.44555212051869847,4.897409665119445,46.271894216537476
7.955458312500001,0.0,5.0,1.8370305399100035,-1.106918162583818,4.884586789799823,-0.9738599917111952,0.005402048228371508,0.005060846893029496,-0.22702846131693288,0.24440542158602957,-0.1211978747516805,-0.00693925695440558,-0.0001121108276436189,-0.00047144837367341097,-0.03346641860844102,4794,66000000,21.06,0,2,3,3.1939008020559725,0.451781159375828,4.895437332059799,3.1939008020559725,0.451781159375828,4.895437332059799,46.63006067276001
8.088253500000002,0.0,5.0,1.8974583209198508,-1.1070423916561174,4.883812863434411,-0.974693912915376,0.005423263553640797,0.005096017365899207,-0.2234197729502641,0.2484907440626276,-0.12068532489899349,-0.006884596814629415,6.393080127509165e-05,-0.0004905638718355476,-0.03347650672367308,4794,294000000,21.75,0,2,3,3.247528485775138,0.4596248292752566,4.8931960136531645,3.247528485775138,0.4596248292752566,4.8931960136531645,46.99051833152771
8.2212109375,0.0,5.0,1.9531189611147288,-1.1069351060066381,4.883128300264401,-0.9754048819336769,0.00540778815796536,0.005124517299211576,-0.22029482846775666,0.2533816810662668,-0.1191613889630578,-0.00684609655580804,0.0002820754360755018,-0.0005211307552599465,-0.031095586746232584,4794,498000000,22.46,0,2,3,3.3015978229459777,0.46781619885801157,4.891153882275039,3.3015978229459777,0.46781619885801157,4.891153882275039,47.34785294532776
8.354304,0.0,5.0,2.0095582922800572,-1.106523793468357,4.882447518542163,-0.9760671917511625,0.0053786912759711545,0.005152013371645391,-0.21734158282614785,0.25826674725852594,-0.11808361461202432,-0.006914924197137265,0.0002965336108218253,-0.000512975145738892,-0.029755348259641323,4794,709000000,23.07,0,2,3,3.351389151330184,0.47483823915451806,4.889522017468558,3.351389151330184,0.47483823915451806,4.889522017468558,47.68816661834717
8.354304,0.0,5.0,2.0668153509244105,-1.105870975698441,4.881751462997862,-0.9767015588810237,0.005370556152756118,0.005184835684455768,-0.21447223476458044,0.263206838199343,-0.11732998228150245,-0.007085184999631779,9.373995482064856e-05,-0.0005203975604217703,-0.02917453930422198,4794,912000000,23.64,0,2,3,3.4018036049971614,0.48116743252839445,4.888049295361311,3.4018036049971614,0.48116743252839445,4.888049295361311,48.037460803985596
8.4875060625,0.0,5.0,2.1307781912590436,-1.104949640939219,4.880990136264946,-0.9773897303567523,0.005363994291057515,0.005228680150731826,-0.21131304612418472,0.26852225586147244,-0.11681805478660501,-0.007014418510629718,8.634560373366185e-05,-0.0006089544910992117,-0.029553206150012556,4795,113000000,24.2,0,2,3,3.452804803733351,0.4868423333241589,4.886717867508331,3.452804803733351,0.4868423333241589,4.886717867508331,48.407278060913086
8.6207905,0.0,5.0,2.201532624380893,-1.1037779292845222,4.880191286874171,-0.9781360762189465,0.005358426068612862,0.005275169460582829,-0.20782992146520274,0.2730243035686043,-0.11588056822903811,-0.006946564225747093,8.061490035515817e-05,-0.000536353013558255,-0.029838238697266206,4795,323000000,24.8,0,2,3,3.509599237661079,0.49240875437511333,4.885401110417087,3.509599237661079,0.49240875437511333,4.885401110417087,48.78997492790222
8.6207905,0.0,5.0,2.2731866210058964,-1.1025211505668786,4.879421996828543,-0.9788821313534284,0.0053629922506446956,0.005311449225953556,-0.20428607328501114,0.2769003597535597,-0.11545695468260384,-0.006885427073044066,-0.0002477912829590423,-0.00039496127328675357,-0.031257147929864004,4795,560000000,25.45,0,2,3,3.5723756662382753,0.49783031878718675,4.884101115526922,3.5723756662382753,0.49783031878718675,4.884101115526922,49.1906361579895
8.7541306875,0.0,5.0,2.3514695749442684,-1.1015240173441605,4.878618452655341,-0.9797484347443395,0.005408105377568647,0.005332857245433202,-0.20008827463357637,0.2786950900028384,-0.11574877515731977,-0.00682395650065345,-0.00020231760657907216,-0.00024210433196003578,-0.03397341424715705,4795,801000000,26.09,0,2,3,3.6359727876196946,0.5026962235354122,4.882927955379657,3.6359727876196946,0.5026962235354122,4.882927955379657,49.61184501647949
8.887500000000001,0.0,5.0,2.4240135466988213,-1.1011090261627634,4.87789882223841,-0.9805648605514132,0.005445692168816923,0.005339116815513447,-0.19604691407981956,0.27972696668725017,-0.11567213905824984,-0.006769936169364776,-0.00015381470888087279,-0.00017876906639457957,-0.034377928386675194,4796,74000000,26.83,0,2,3,3.7057766008890285,0.5074689038809869,4.881801254671189,3.7057766008890285,0.5074689038809869,4.881801254671189,50.01291036605835
9.020871812500001,0.0,5.0,2.4968590444056957,-1.1011544458509432,4.877197568328285,-0.9813544756040316,0.005482338341601857,0.005337994538549002,-0.19205427095628652,0.2810284488651571,-0.11582702723801934,-0.0067421210815249415,-0.00027955579184890667,-0.00013337248816469582,-0.03297676594229415,4796,315000000,27.52,0,2,3,3.771012037900211,0.511529479415458,4.880871667070791,3.771012037900211,0.511529479415458,4.880871667070791,50.43633055686951
9.1542195,0.0,5.0,2.5576681132993464,-1.1017459393080191,4.876611209953292,-0.9819529192306226,0.005526311892615098,0.005339035666499921,-0.18896935992238395,0.2806701531622387,-0.11690599646258164,-0.006816182840821817,-0.00029100263247983094,-0.00012056444731456395,-0.030335320661833975,4796,549000000,28.19,0,2,3,3.837024888563464,0.5153043308584729,4.8800296607100435,3.837024888563464,0.5153043308584729,4.8800296607100435,50.86078691482544
9.2875164375,0.0,5.0,2.636845027699295,-1.1034095485934763,4.8758392312745045,-0.9825878717192362,0.005573301696921754,0.005345871337911175,-0.18563791185556694,0.2810365675374761,-0.11886764110804796,-0.006860108232025232,-0.0001218390423218807,-0.00015630169230007596,-0.022277937932813074,4796,740000000,28.72,0,2,3,3.8927456430425718,0.518254930705301,4.879377466722083,3.8927456430425718,0.518254930705301,4.879377466722083,51.30048322677612
9.2875164375,0.0,5.0,2.7163762109416996,-1.1059731269059334,4.8750855513799705,-0.9830520755577625,0.00559489492474876,0.0053504201684855725,-0.18316300635329458,0.28202918233775,-0.12100472983390902,-0.006837622206337525,3.92772200541458e-05,-0.00011376940491913956,-0.016853687156981323,4797,3000000,29.32,0,2,3,3.9660932572717664,0.5218784742011487,4.878589275386519,3.9660932572717664,0.5218784742011487,4.878589275386519,51.726557970047
9.420736000000002,0.0,5.0,2.79640941818142,-1.1092649448158036,4.874333184802575,-0.9834036342158534,0.005587058180224027,0.005350930971391962,-0.1812662255625183,0.28385268541311454,-0.12262522847861626,-0.006879452187124073,0.0005118509136536886,-0.00016159346216682025,-0.012494020938902395,4797,269000000,29.82,0,2,3,4.040473017812217,0.5252776372249061,4.8778839798314335,4.040473017812217,0.5252776372249061,4.8778839798314335,52.17384052276611
9.5538515625,0.0,5.0,2.8958589325546904,-1.1135661719957208,4.873431214699245,-0.9836855515148921,0.005518808043757021,0.005361349872103455,-0.17973184032376438,0.2875314972528466,-0.12296809430539572,-0.0067985978156899635,0.0003708191854912002,-0.00018560765653319322,-0.007491387714253506,4797,536000000,30.14,0,2,3,4.121658292478876,0.5286870483432148,4.877187314046213,4.121658292478876,0.5286870483432148,4.877187314046213,52.662373781204224
9.6868365,0.0,5.0,2.9774890575671145,-1.116999961387792,4.872723924640035,-0.9838361558916031,0.005471751881633622,0.00536791038499472,-0.17890685797329758,0.2909745260408764,-0.12289046419494247,-0.006745499874488738,0.0006128663926574518,-0.00017523898208082755,-0.005667984441970475,4797,858000000,30.56,0,2,3,4.215756336587392,0.5322706116237464,4.8764891440576354,4.215756336587392,0.5322706116237464,4.8764891440576354,53.07118487358093
9.819664187500003,0.0,5.0,3.066613700928719,-1.1201266185850656,4.871982695819806,-0.9839598036909076,0.005397918500205047,0.005384186498301247,-0.17822732038654165,0.2968109068963787,-0.12173591469709284,-0.006747878899513374,0.0003120763778952096,-0.00034349418172041624,-0.003917532785635558,4798,110000000,30.98,0,2,3,4.287154247144653,0.5347213991145182,4.876016965068412,4.287154247144653,0.5347213991145182,4.876016965068412,53.540613412857056
9.952308000000002,0.0,5.0,3.170109938381757,-1.1229129519367265,4.87112409050991,-0.984023258901809,0.005329642188175895,0.005437917801674527,-0.1778770640200455,0.30248178129819936,-0.12126967799052828,-0.0068831547523596475,0.0005276275317100954,-0.0004674523694347954,0.0008096627482245822,4798,386000000,31.26,0,2,3,4.371271360695625,0.5373281328747881,4.875527082255598,4.371271360695625,0.5373281328747881,4.875527082255598,54.0856077671051
10.0847413125,0.0,5.0,3.2619094809732623,-1.1248849158492054,4.870358730811281,-0.9839518055238463,0.005255478140620897,0.005490680482890782,-0.17827247904180576,0.3063808784027158,-0.12165366487600673,-0.006982791814642002,0.0003613102109056854,-0.00044931416312010697,0.005357402596928296,4798,718000000,31.4,0,2,3,4.47459118625089,0.5401792746070864,4.874989087243637,4.47459118625089,0.5401792746070864,4.874989087243637,54.521379232406616
10.216937500000002,0.0,5.0,3.3680288526039543,-1.1267894102509222,4.869480252762373,-0.9837413744387932,0.005201041156320671,0.005559845408537775,-0.17942950010295788,0.309880342483892,-0.12280299301646953,-0.007009218824426676,7.150487562057606e-05,-0.0004487762367944015,0.007684675529162632,4798,979000000,31.67,0,2,3,4.554596229887643,0.5421343323791888,4.874617171298095,4.554596229887643,0.5421343323791888,4.874617171298095,54.9917688369751
10.348869937500002,0.0,5.0,3.455011392812806,-1.1281837166069753,4.868792827136107,-0.9835581587161979,0.00518751196029351,0.005619571727824029,-0.1804296498806663,0.3113394119292433,-0.12435429738417472,-0.0070335536738741905,-0.00031418153128015547,-0.0003663082793536887,0.009487765510129975,4799,302000000,31.74,0,2,3,4.654181820738621,0.5441918239124004,4.87418642096021,4.654181820738621,0.5441918239124004,4.87418642096021,55.457892417907715
10.480512000000001,0.0,5.0,3.5422469549222844,-1.129996499505612,4.868082766833926,-0.9832832786867436,0.00521730248439517,0.005673080505113531,-0.1819191847151272,0.3105933009986755,-0.1274966988026512,-0.007219412682640857,-0.00048377933694609965,-0.00025209011766946787,0.013438978839985793,4799,571000000,31.87,0,2,3,4.7323436790532405,0.5459304179072397,4.8733228018184445,4.7323436790532405,0.5459304179072397,4.8733228018184445,55.88970613479614
10.611837062500001,0.0,5.0,3.6430179805375693,-1.1327203381946969,4.867253212997817,-0.982859954757245,0.00526487629905487,0.005732572607470731,-0.18418938086502745,0.3096998237062804,-0.13093637853721157,-0.007277558558496431,-0.0004287874105557421,-0.0002533648370217634,0.018033560445473995,4799,822000000,32.07,0,2,3,4.805308453594258,0.5483242820768796,4.871575501717789,4.805308453594258,0.5483242820768796,4.871575501717789,56.32658910751343
10.611837062500001,0.0,5.0,3.7372052236503595,-1.1357445139908455,4.8664846387283465,-0.9823301029445346,0.005323278995455968,0.005794541471128118,-0.18699105550495138,0.30829926019330456,-0.13469788132038688,-0.007327680093265815,-0.0011016767984983744,-0.0001571117891785434,0.024285684230562765,4800,125000000,32.4,0,2,3,4.884408223323369,0.5530532090642138,4.86877843801483,4.884408223323369,0.5530532090642138,4.86877843801483,56.78467679023743
10.7428185,0.0,5.0,3.844623320839543,-1.1402445011245428,4.865611734702685,-0.9813905272313979,0.0054667506552492535,0.0058529159869192115,-0.1918553910428426,0.3040373844006435,-0.1406054935265453,-0.007451605767589897,-0.001182019605039386,0.00028322708374162175,0.04259873348928522,4800,402000000,32.84,0,2,3,4.951404674676988,0.5600753583232282,4.865536153745956,4.951404674676988,0.5600753583232282,4.865536153745956,57.27691674232483
10.873429687500003,0.0,5.0,3.9380061912073594,-1.1451016714864968,4.864823333904944,-0.979970646937095,0.005620889111830768,0.005858353924398005,-0.19897642181067637,0.29832938896791783,-0.14708762264891012,-0.0075052259610523765,-0.001827882954330562,0.0008525490216015896,0.06586781164514832,4800,718000000,33.19,0,2,3,5.028280534276995,0.5701352688144586,4.862047549250075,5.028280534276995,0.5701352688144586,4.862047549250075,57.745408058166504
11.003644000000001,0.0,5.0,4.023990274037005,-1.1506097901151613,4.864124205311706,-0.9779401579518863,0.005820521847640429,0.005818799623374057,-0.2087230475089033,0.2915601700846503,-0.15526037270574156,-0.007360593360121128,-0.0019320622868690407,0.0013561016316998575,0.08437051801593043,4801,2000000,33.05,0,2,3,5.100483692707328,0.5786943866731726,4.859674901085383,5.100483692707328,0.5786943866731726,4.859674901085383,58.1880156993866
11.1334348125,0.0,5.0,4.122603056530824,-1.1579067244324577,4.863371269025421,-0.9751068092071771,0.006086349531623839,0.0057490866308321014,-0.221577559762012,0.2851008310422397,-0.16440010915883446,-0.007221871724716044,-0.0024934192197179073,0.0014193017250363482,0.08406154083786532,4801,270000000,32.46,0,2,3,5.1710833414284885,0.585742213355728,4.857949242730042,5.1710833414284885,0.585742213355728,4.857949242730042,58.62415409088135
11.2627755,0.0,5.0,4.188214131038315,-1.1629722780191005,4.862898313595673,-0.9732979399762438,0.0062889362884651365,0.005723473011244924,-0.22938790546811583,0.28231126558542907,-0.16883218070268294,-0.007156028582017844,-0.0022848823391541373,0.001129075769767951,0.07476387399947271,4801,561000000,31.48,0,2,3,5.256026981163663,0.5928709483682669,4.856397716086343,5.256026981163663,0.5928709483682669,4.856397716086343,59.097596168518066
11.3916394375,0.0,5.0,4.240838018448837,-1.1668123528605114,4.862535730903892,-0.9722587323993374,0.006458691754089021,0.005740559480298646,-0.2337483444880678,0.283132873372965,-0.1701249658314435,-0.007123772791967372,-0.0021270296201691963,0.00037672994608328736,0.043726220610551536,4801,764000000,30.87,0,2,3,5.314370820385105,0.5970884866448779,4.8555554567307775,5.314370820385105,0.5970884866448779,4.8555554567307775,59.57140064239502
11.520000000000003,0.0,5.0,4.307097761112736,-1.1709479230236521,4.862111209364342,-0.9718019427284923,0.006652046891579254,0.005813583882785416,-0.23563305503200943,0.2875722284087054,-0.16883732842569785,-0.007008627773780992,-0.0019049316961172735,-0.0005281206085783197,-0.0011028087300246625,4801,936000000,30.58,0,2,3,5.361829150665786,0.6001988131380354,4.85499209068094,5.361829150665786,0.6001988131380354,4.85499209068094,59.98562288284302
11.647830562500003,0.0,5.0,4.381025982463209,-1.1742251494153186,4.86169582788572,-0.9722760195934019,0.006841624545114449,0.005948708122536091,-0.2336603234801901,0.2962608289500849,-0.16451424873891365,-0.006909976025673781,-0.0017608526377443923,-0.001211338235407311,-0.028979570015508216,4802,123000000,30.61,0,2,3,5.422117833027163,0.6038726344102856,4.854397284287153,5.422117833027163,0.6038726344102856,4.854397284287153,60.38783502578735
11.775104500000001,0.0,5.0,4.442438384788727,-1.1759838378839864,4.861384444511724,-0.9729672846181772,0.006972811757453266,0.006078197430486163,-0.23075766179029045,0.3030456382687864,-0.16127358787689566,-0.006927739766230803,-0.0014577834008377977,-0.001384032873374963,-0.03581265555112623,4802,340000000,31.09,0,2,3,5.489609417565862,0.6077048646407872,4.853845514028532,5.489609417565862,0.6077048646407872,4.853845514028532,60.88019514083862
11.775104500000001,0.0,5.0,4.504627964859336,-1.1771741102797755,4.861092723997579,-0.9736133359549797,0.007027232688002638,0.006197569221866443,-0.2280115790636621,0.3087830265638088,-0.15919652736355808,-0.006931899224988459,-0.0006137516095350293,-0.001382442724207067,-0.02797553279378917,4802,523000000,31.62,0,2,3,5.545677190625758,0.6106902192333914,4.853470685343706,5.545677190625758,0.6106902192333914,4.853470685343706,61.40234637260437
11.901795187500003,0.0,5.0,4.567530587710828,-1.1780522258496582,4.860821763495689,-0.9739551905425348,0.007040484958860475,0.0063119988138152314,-0.22654332269518168,0.31317199211137153,-0.15889241528192571,-0.006933355187222804,-0.000344292911336197,-0.001259210841908498,-0.008437326232524356,4802,715000000,32.13,0,2,3,5.6024997323608545,0.6135597511014136,4.853150258450016,5.6024997323608545,0.6135597511014136,4.853150258450016,61.88632249832153
12.027876000000001,0.0,5.0,4.6239371371113025,-1.1787261451793047,4.860598054326585,-0.97391192115442,0.007012013075494586,0.006389906162931066,-0.2267279660852723,0.31537973902299365,-0.15977973338237222,-0.006923970979823472,0.0002120351936696352,-0.0007655564729702746,0.01147576913353987,4802,878000000,32.48,0,2,3,5.660081670807704,0.6163340760591963,4.852883255972988,5.660081670807704,0.6163340760591963,4.852883255972988,62.326472997665405
12.153320312500004,0.0,5.0,4.680700021240779,-1.1793827703036694,4.860383220107491,-0.9735158687175096,0.006972898908529154,0.006441265229724726,-0.22842228905744794,0.3168320357063429,-0.1618171573266809,-0.0069804885975107474,0.00017835057377624253,-0.00039025935905101505,0.030020677513675764,4803,47000000,32.61,0,2,3,5.7118726278845475,0.6187240148711499,4.8526813649471,5.7118726278845475,0.6187240148711499,4.8526813649471,62.735827684402466
12.278101500000002,0.0,5.0,4.730659417598283,-1.1799426250096081,4.860198723136111,-0.9729444677106166,0.006952674851992418,0.006476643714067766,-0.23084361838679512,0.31789966223942157,-0.1640484287961416,-0.006978743572352624,-0.00011576941787438955,-0.0001720164618745912,0.03968353739765007,4803,206000000,32.55,0,2,3,5.764219872535407,0.6210340293887919,4.852505791445388,5.764219872535407,0.6210340293887919,4.852505791445388,63.16959476470947
12.402192937500002,0.0,5.0,4.788092894576918,-1.1805336232592665,4.859998119449974,-0.9721718994923673,0.0069628979800969125,0.006514284214662184,-0.23407451802853696,0.3189061311414154,-0.16694056405006313,-0.007016371823120407,-0.0006538460638694232,-2.7244488265409927e-05,0.04153428853896912,4803,345000000,32.39,0,2,3,5.810529282269004,0.6229940985065577,4.852367061296253,5.810529282269004,0.6229940985065577,4.852367061296253,63.61571526527405
12.525568000000002,0.0,5.0,4.86768600847579,-1.1812413492775808,4.859725977651818,-0.9712551711283042,0.007024526311361853,0.00657471079316611,-0.23784621452656224,0.32110537690796803,-0.17026570304732697,-0.007109093586645493,-0.0010157581982639385,-0.00024043675779239493,0.027853531173605006,4803,506000000,32.14,0,2,3,5.863993058043106,0.6251650111234469,4.852230197958879,5.863993058043106,0.6251650111234469,4.852230197958879,64.08274555206299
12.648200062500003,0.0,5.0,4.9554639043348665,-1.1816836484464937,4.85943641786164,-0.9707256097845474,0.007113702783523009,0.006671435963108975,-0.2399930784071001,0.3249412229269188,-0.17217775899033735,-0.007235215181457713,-0.0012554478644233313,-0.0006465178614689648,0.01046711731760297,4803,724000000,31.87,0,2,3,5.938423683421258,0.6280256269864132,4.852066543070986,5.938423683421258,0.6280256269864132,4.852066543070986,64.53621172904968
12.770062500000002,0.0,5.0,5.051731451009054,-1.1816746212981744,4.859111747815359,-0.9706346427728596,0.0072304967794783355,0.006815793415577028,-0.24035318829930558,0.3297643490066292,-0.17296479367194578,-0.007519807389605939,-0.0011237033845645783,-0.0009248347510038002,-0.0025666050305517274,4803,957000000,31.78,0,2,3,6.020930153901011,0.6309779129940817,4.851917072725064,6.020930153901011,0.6309779129940817,4.851917072725064,64.96589684486389
12.8911286875,0.0,5.0,5.156623251275525,-1.1812893726992677,4.8587222069814535,-0.9708162508558413,0.007355957002002796,0.0069726921046104765,-0.23961026383610307,0.33333422030655846,-0.17400614876183,-0.007827036493733147,-0.001396376637785579,-0.0008856130932599626,-0.005378685000323458,4804,225000000,31.91,0,2,3,6.111733211274101,0.6339037063527811,4.851774406465814,6.111733211274101,0.6339037063527811,4.851774406465814,65.43849182128906
13.011372000000001,0.0,5.0,5.277314733655187,-1.1814138382021502,4.858264623049428,-0.9709151203576956,0.00752324849966808,0.007137784206565404,-0.23919925131453484,0.33390183769653226,-0.17718344302000602,-0.008131574917920908,-0.0011526730304467492,-0.0006476598741755879,0.0031676301205152413,4804,512000000,32.16,0,2,3,6.211108572769406,0.6367657840331269,4.851616208374822,6.211108572769406,0.6367657840331269,4.851616208374822,65.9091055393219
13.130765812500004,0.0,5.0,5.3530410598834495,-1.181979038231609,4.857944621919536,-0.9707641978781261,0.00761166012743249,0.0072221521489795855,-0.23980570315670086,0.33374600411787264,-0.17965396980355824,-0.008413978896197962,-0.0010444217195981764,-0.0004502285833041242,0.009320387471234426,4804,818000000,32.38,0,2,3,6.326342505622045,0.6395698602883729,4.8514126286136205,6.326342505622045,0.6395698602883729,4.8514126286136205,66.32572960853577
13.130765812500004,0.0,5.0,5.436551377330685,-1.1829995433725158,4.857558687047148,-0.9703094795191705,0.007702287665421333,0.007288348473388983,-0.24163416293331919,0.3330495066463669,-0.18288297261432665,-0.008672443693333575,-0.0010022382184615708,-6.623743402656146e-05,0.022134885512059554,4805,30000000,32.4,0,2,3,6.39911952060704,0.6410614789064075,4.851279127587937,6.39911952060704,0.6410614789064075,4.851279127587937,66.73241925239563
13.2492835,0.0,5.0,5.512619058527255,-1.184199395277279,4.857181503890831,-0.9696939229616344,0.0077781574892430184,0.007327093402706892,-0.24408914301872625,0.3321564051564173,-0.18569687040741165,-0.008866643649798209,-0.001029516204198444,0.00012211924556027043,0.02710953249334125,4805,243000000,32.29,0,2,3,6.479782437809953,0.6423650173170675,4.85111728819566,6.479782437809953,0.6423650173170675,4.85111728819566,67.17110228538513
13.3668984375,0.0,5.0,5.573497712365012,-1.1852574672191631,4.856862879915338,-0.969167338999996,0.007856965040441354,0.0073511129691596275,-0.2461684347233311,0.3310517658686304,-0.18731172725294332,-0.009002751613011338,-0.001120043975788576,0.0002454247635341744,0.026611916473484598,4805,445000000,32.08,0,2,3,6.553631195575124,0.6430962681360067,4.850960008228007,6.553631195575124,0.6430962681360067,4.850960008228007,67.61355900764465
13.483584000000002,0.0,5.0,5.642051662671105,-1.1863533623272813,4.856488250952193,-0.9686787377495647,0.007952907526283082,0.007385816237016094,-0.2480800354972183,0.33193333825504184,-0.18779019120551388,-0.009142374188508301,-0.0012032847848786332,-7.608243066670184e-05,0.01709742227831157,4805,609000000,31.89,0,2,3,6.612478901570016,0.6433433242819142,4.850797197402687,6.612478901570016,0.6433433242819142,4.850797197402687,68.01554727554321
13.599313562500003,0.0,5.0,5.7338466685747305,-1.1872589548898371,4.855967661829698,-0.9684698179178983,0.008057525834033833,0.007466454656010394,-0.24888860985263328,0.33475262826114505,-0.1869668526722251,-0.009339340334034864,-0.001272994416012807,-0.0005848075488756876,-0.0014598133589061035,4805,787000000,31.91,0,2,3,6.671454929296837,0.643642572271651,4.850187862995162,6.671454929296837,0.643642572271651,4.850187862995162,68.47153878211975
13.714060500000002,0.0,5.0,5.810765041938655,-1.1875374437252044,4.85550687940536,-0.9686404735172781,0.008158905365321056,0.007557680535796904,-0.24821753925212786,0.33767908553187775,-0.18571738750270875,-0.009577386127063941,-0.001046347551891813,-0.0007684096544835484,-0.010330392069590744,4806,36000000,32.44,0,2,3,6.738067976494338,0.6443437012781904,4.848717142010557,6.738067976494338,0.6443437012781904,4.848717142010557,68.94306564331055
13.827798187500003,0.0,5.0,5.903374526341383,-1.1878150645757215,4.854923477424823,-0.9688337020923239,0.008300237722021951,0.007667414845142818,-0.24745418665569674,0.33744218265298237,-0.18702143849437053,-0.009825307260104795,-0.0016412644072261173,-0.00039150408497334865,0.005690109537681565,4806,233000000,33.27,0,2,3,6.784983035020844,0.6453888175265361,4.847016010430447,6.784983035020844,0.6453888175265361,4.847016010430447,69.3315966129303
13.9405,0.0,5.0,5.96505825999399,-1.1884895802623543,4.854522721555884,-0.968365603620298,0.008423925321068958,0.007716196527148292,-0.24927405705053907,0.33453541524978264,-0.19084923969420226,-0.009968636454657842,-0.0017999576925831207,0.0003416873909145579,0.035159807885065675,4806,457000000,34.47,0,2,3,6.834084234292439,0.6482592759618133,4.844541498378133,6.834084234292439,0.6482592759618133,4.844541498378133,69.78944444656372
13.9405,0.0,5.0,6.041890956470734,-1.190421199722492,4.854006122888141,-0.9669404305005803,0.008568441519854982,0.007731157132056448,-0.2547410741962758,0.32671984787661124,-0.2002566819019461,-0.010207936868946967,-0.001722633419376507,0.0011659541087283287,0.07337845527217723,4806,630000000,34.97,0,2,3,6.86901674443664,0.6517066988218594,4.843058738837283,6.86901674443664,0.6517066988218594,4.843058738837283,70.22884392738342
14.052139312500001,0.0,5.0,6.110561629717061,-1.193813349107893,4.8535422711083545,-0.964829496039743,0.008670887799256911,0.0076986438293093675,-0.2626206202103278,0.31600034982708397,-0.21244651187009267,-0.010197278918330683,-0.0014570967550753267,0.0018528414443608199,0.10168566441279836,4806,825000000,35.13,0,2,3,6.917557236477968,0.656892162155491,4.841544592645735,6.917557236477968,0.656892162155491,4.841544592645735,70.62269973754883
14.162689500000003,0.0,5.0,6.186224251281006,-1.1995166642260398,4.853048898300121,-0.9619463092397258,0.008805767807033973,0.00763993376885494,-0.2729897214281261,0.3033021920356719,-0.22555927385429525,-0.010184520453585425,-0.0016370611433558224,0.0021492093310371274,0.11117528047179803,4807,16000000,34.82,0,2,3,6.9653388635571085,0.6616212429697573,4.840415947746114,6.9653388635571085,0.6616212429697573,4.840415947746114,70.97529220581055
14.2721239375,0.0,5.0,6.268766044550315,-1.2077097651270323,4.852530578103421,-0.9585956302248841,0.009039105088758277,0.0075991151874682675,-0.2845258612873684,0.291317010021605,-0.23781559553375628,-0.010198681436947087,-0.0031085967066246667,0.0020341883100627456,0.10616738727549091,4807,213000000,34.19,0,2,3,7.022255964629114,0.6667232562743491,4.839337187784581,7.022255964629114,0.6667232562743491,4.839337187784581,71.32326579093933
14.380416000000002,0.0,5.0,6.343398566634256,-1.216292121369758,4.852081965148604,-0.9557381124030302,0.009337065294463332,0.007605220921504235,-0.2939721761097718,0.28317946683188827,-0.24591492169203769,-0.010245154322114123,-0.0034025672903226223,0.0017203054881065327,0.09303792830905877,4807,422000000,33.38,0,2,3,7.088592063627295,0.6720956499867748,4.8383103706207296,7.088592063627295,0.6720956499867748,4.8383103706207296,71.65797972679138
14.380416000000002,0.0,5.0,6.425418498215084,-1.2260136886262034,4.85161236393388,-0.9530573451948778,0.009696665432670764,0.007663940882792319,-0.30253749430396754,0.2799583844753289,-0.2504371622548263,-0.010345076369274436,-0.003725733449755353,0.0010988166764036578,0.07251953866216354,4807,628000000,32.69,0,2,3,7.151594043330724,0.6767165852082674,4.837488025243886,7.151594043330724,0.6767165852082674,4.837488025243886,72.02700543403625
14.487539062500002,0.0,5.0,6.507816192743541,-1.234928220507477,4.8511336741865465,-0.9509792149911,0.010035360325016745,0.007768998895862437,-0.30899428288273284,0.2819398359751252,-0.25101371136543293,-0.01062874977798274,-0.003110334841949225,0.0004666229955319068,0.052917735592927784,4807,849000000,32.08,0,2,3,7.2233186968193195,0.6815248901676698,4.836688502388688,7.2233186968193195,0.6815248901676698,4.836688502388688,72.44966459274292
14.593466500000002,0.0,5.0,6.575729405876138,-1.2409281227662199,4.850743029047542,-0.9497720709435253,0.010246137403890873,0.007869470049872996,-0.31267571278415834,0.28688683726393716,-0.24857465616348806,-0.010643926347734554,-0.0024793875354589545,-2.1839901798159644e-05,0.03671010381367523,4808,65000000,31.67,0,2,3,7.297162659613713,0.686098911966922,4.83595554964074,7.297162659613713,0.686098911966922,4.83595554964074,72.88012647628784
14.6981716875,0.0,5.0,6.667317347749399,-1.2462011570957912,4.850242187620463,-0.949103552124775,0.01043420889328672,0.008036191766085436,-0.31468872596711234,0.30003644136109714,-0.2410900718826335,-0.01065082161720449,-0.001352055028291943,-0.0011968523608629766,-2.9819177882473014e-05,4808,256000000,31.48,0,2,3,7.358830057878083,0.689680690824258,4.83541422500487,7.358830057878083,0.689680690824258,4.83541422500487,73.31019163131714
14.6981716875,0.0,5.0,6.760680176278207,-1.2472523946123983,4.8497589607714575,-0.9497879254240571,0.010487349604224563,0.008256197240006053,-0.3126095766672523,0.31851080942220966,-0.22977007546643877,-0.010647197192232255,-0.0004032571098377957,-0.0022484548935608473,-0.030114028231764678,4808,493000000,31.54,0,2,3,7.4424778782881065,0.6942671304035802,4.83474060273525,7.4424778782881065,0.6942671304035802,4.83474060273525,73.7179946899414
14.801628000000001,0.0,5.0,6.863986069063372,-1.2437157533145298,4.849258703186663,-0.9512828943416526,0.01044447790911738,0.008513602845531269,-0.30802481455357233,0.33666511074344496,-0.21805469774934574,-0.010633657592724978,0.00021271063985750516,-0.0024142918846337125,-0.03681985072034877,4808,728000000,32.06,0,2,3,7.527581058393031,0.698688676038919,4.834096804122794,7.527581058393031,0.698688676038919,4.834096804122794,74.22809314727783
14.903808812500001,0.0,5.0,6.952611362192121,-1.2382426376970408,4.8488596524960474,-0.9523675842452298,0.010377859654639493,0.008695402053786166,-0.30465172655183925,0.34551071438717323,-0.21187969233220913,-0.01063122611563042,0.0005768828543750715,-0.0018755302903628035,-0.02456292240822222,4808,990000000,32.87,0,2,3,7.621205228196171,0.7032236033198109,4.833446074243183,7.621205228196171,0.7032236033198109,4.833446074243183,74.63693594932556
15.0,0.0,5.0,7.049876075559765,-1.2314073863435655,4.848418104257502,-0.9524662022226575,0.010267144420482537,0.008819232191681108,-0.3043434581398879,0.3465942722557122,-0.21224295923191736,-0.010834330346966826,0.0005823907372359827,-0.0006997449929713184,0.01732082000671653,4809,215000000,33.47,0,2,3,7.70140254115976,0.7068298879854296,4.8329318083178485,7.70140254115976,0.7068298879854296,4.8329318083178485,75.03968930244446
15.0,0.0,5.0,7.138953454270974,-1.2259189989792338,4.847997346691371,-0.9511461826392205,0.010194633638798307,0.008852251349082362,-0.30844553221251547,0.33997709573897855,-0.21924120563234956,-0.010989111009055398,2.220505443406573e-06,0.0005306632374413311,0.05395402877184097,4809,444000000,33.71,0,2,3,7.789801346546991,0.710572816144276,4.832397548709162,7.789801346546991,0.710572816144276,4.832397548709162,75.42525148391724
15.0,0.0,5.0,7.22750413248384,-1.2222292992820294,4.847552421671739,-0.9489269356008603,0.0101870163662891,0.00883236001122184,-0.3152076855112287,0.32861784475954287,-0.22975240810560155,-0.01121458241992002,-0.0005331093689164845,0.0012392304029162915,0.07016046511125751,4809,661000000,33.38,0,2,3,7.87163811620718,0.7138095856447028,4.831926451856067,7.87163811620718,0.7138095856447028,4.831926451856067,75.82262468338013
15.0,0.0,5.0,7.31521625984648,-1.2206011349919472,4.84707641570361,-0.9464613329646301,0.010235050258475745,0.008789674114385937,-0.3225351617699763,0.3162068628028686,-0.23927491338084145,-0.011393031217828942,-0.001300000872106466,0.0014327083135867724,0.06861473520984873,4809,893000000,32.72,0,2,3,7.954034710967721,0.7168201457106682,4.831477494552466,7.954034710967721,0.7168201457106682,4.831477494552466,76.20832443237305
15.0,0.0,5.0,7.394092846672126,-1.2205608480937105,4.846629280551989,-0.9444481453641673,0.010378453048590438,0.008775062327868103,-0.32837933356355525,0.30627993125218395,-0.24503297936331875,-0.011457698458299328,-0.0016369742752431193,0.0012981797794964223,0.05713999526051339,4810,108000000,31.97,0,2,3,8.036792445158701,0.7195318064055769,4.831037712536147,8.036792445158701,0.7195318064055769,4.831037712536147,76.54458951950073
15.0,0.0,5.0,7.472076410686221,-1.2214294037782052,4.84617481969022,-0.9429592529295155,0.010585554988859493,0.008785499959179372,-0.33262382405753,0.29831009863936864,-0.24758716477475146,-0.011521842833293813,-0.002089761665047263,0.0009733747901918832,0.035115992795908824,4810,298000000,31.37,0,2,3,8.112175231665226,0.7217353582872977,4.830646234950608,8.112175231665226,0.7217353582872977,4.830646234950608,76.87805914878845
15.0,0.0,5.0,7.549218715011634,-1.222643964206916,4.845722027139875,-0.9423432921432437,0.010759255092164974,0.008812980060320224,-0.33435862418210666,0.2941430296085362,-0.24654680787880304,-0.011477303271356308,-0.0014692470472255081,0.00020243053171498104,0.006174019472382497,4810,500000000,30.95,0,2,3,8.187602628132222,0.7237025386143566,4.830277019742071,8.187602628132222,0.7237025386143566,4.830277019742071,77.24704456329346
15.0,0.0,5.0,7.6408904500506,-1.2237790089530949,4.84516773931746,-0.9428770170986873,0.010862762781040066,0.008879242725356297,-0.3328454447043983,0.29401002675005794,-0.24109434749270062,-0.011484845494480072,-0.00012893207355091363,-0.0008981302585198137,-0.02678374876268208,4810,706000000,30.81,0,2,3,8.263013304699866,0.7254140317819611,4.8299251877282705,8.263013304699866,0.7254140317819611,4.8299251877282705,77.64350748062134
15.0,0.0,5.0,7.7016092024391085,-1.224028032301751,4.844804225478334,-0.9437673774538399,0.010851213262671494,0.00893694040532039,-0.33031124643405774,0.2958086712707728,-0.23626960747501796,-0.011335224761717893,0.00013182301046299472,-0.001335630793164455,-0.037974127553752623,4810,941000000,31.06,0,2,3,8.353401367407908,0.7271214783498717,4.829532106077284,8.353401367407908,0.7271214783498717,4.829532106077284,78.10274410247803
15.0,0.0,5.0,7.784738160031431,-1.2235291400060924,4.844324810440756,-0.9451406255504615,0.010733066861688217,0.008998220336724018,-0.3263633423664436,0.29947978166493244,-0.22895664947571057,-0.011130179543623714,0.001558194458084472,-0.001263166109310987,-0.034141040305257775,4811,112000000,31.39,0,2,3,8.4135849743963,0.728085064439519,4.829304549591208,8.4135849743963,0.728085064439519,4.829304549591208,78.49137282371521
15.0,0.0,5.0,7.882510758761529,-1.221767813532163,4.843781125853046,-0.9459467001753659,0.010522533329723091,0.008988018569466958,-0.32402674618286703,0.3013962499999453,-0.22309443013763652,-0.010815050737253858,0.0019389603494346375,-0.00019813955276504203,-0.0046540499170077965,4811,331000000,31.89,0,2,3,8.496223312629882,0.7292295390553791,4.829036474809349,8.496223312629882,0.7292295390553791,4.829036474809349,78.9093120098114
15.0,0.0,5.0,7.957344255424279,-1.219858601044626,4.843407528148889,-0.9457617579533306,0.010357088099483477,0.008921918295976435,-0.32457330033914505,0.30107361413996653,-0.22086791589982185,-0.010425943486917427,0.0018745356783256284,0.00044482878251983493,0.013616729029308772,4811,578000000,32.18,0,2,3,8.593547545823345,0.7304481058240695,4.828808182470102,8.593547545823345,0.7304481058240695,4.828808182470102,79.39246010780334
15.0,0.0,5.0,8.04664037893818,-1.217121843960243,4.843013385346702,-0.9447583818309091,0.010145002330734572,0.008782311911177856,-0.32749282417397474,0.29843744885387385,-0.21989071948838124,-0.010003000804710267,0.0016952993405539019,0.0011748777751563466,0.03341107512824237,4811,790000000,32.11,0,2,3,8.668080715034563,0.7312953429233658,4.82869401316539,8.668080715034563,0.7312953429233658,4.82869401316539,79.78410959243774
15.0,0.0,5.0,8.127745706803914,-1.2146106415578222,4.8426896576024605,-0.9434032181956347,0.010003985889393822,0.008622469935912314,-0.33138488374795966,0.2932284858804087,-0.22060136103788267,-0.009668040348063482,0.0013733081686950754,0.0014740267488377867,0.03820286910922732,4812,25000000,31.75,0,2,3,8.75701288478108,0.7322051734530748,4.828631315274427,8.75701288478108,0.7322051734530748,4.828631315274427,80.20648097991943
15.0,0.0,5.0,8.178926834363017,-1.213078576582819,4.842496879072715,-0.9425885457155037,0.009927082843302515,0.008527009974104046,-0.3336998301064229,0.2900950630230382,-0.2207162182542755,-0.009483990468869,0.0012738441682813573,0.0012440719956430257,0.032947384170256555,4812,236000000,31.26,0,2,3,8.837954120828712,0.7329395144341347,4.828632564859276,8.837954120828712,0.7329395144341347,4.828632564859276,80.66486811637878
15.0,0.0,5.0,8.251421689496786,-1.2109415283109464,4.842240406324547,-0.9417755837445896,0.009834050451886596,0.008418788015556422,-0.3359928054625521,0.28567413501923866,-0.21995789587219186,-0.009170755335182483,0.0010226378208244569,0.0007582328123589832,0.01419686896042549,4812,382000000,30.97,0,2,3,8.889147353581981,0.733374040750451,4.828666521917107,8.889147353581981,0.733374040750451,4.828666521917107,81.06210660934448
15.0,0.0,5.0,8.344300274449466,-1.2085653624509107,4.841969410668937,-0.941957998454398,0.009736445486959332,0.008318993785609774,-0.3354864007966023,0.2794873634797583,-0.21764462340993304,-0.008670091214721887,0.0010076404237224779,0.00010512010391039439,-0.01694023303571157,4812,586000000,30.67,0,2,3,8.961815740009175,0.7339594196216152,4.828764703635408,8.961815740009175,0.7339594196216152,4.828764703635408,81.43788003921509
15.0,0.0,5.0,8.421668462916296,-1.207031202765277,4.841794777964402,-0.9428260901229055,0.009646981344899856,0.008266426006253874,-0.3330428887329208,0.27555898301531656,-0.21470683186679076,-0.008300257322272402,0.0013664450989381294,-0.00020273507743695518,-0.02712438872549683,4812,841000000,30.7,0,2,3,9.055358623155927,0.734641649259958,4.828963165208116,9.055358623155927,0.734641649259958,4.828963165208116,81.83604431152344
15.0,0.0,5.0,8.484185844286143,-1.2061340501530988,4.841693894269417,-0.9436551054060616,0.009543307570372438,0.008215764114350054,-0.3306908957647747,0.27246340786221224,-0.21246185946038415,-0.007944326205306445,0.0013280062717058172,-0.000151825214800283,-0.02803724510158645,4813,70000000,30.96,0,2,3,9.133719324592557,0.7351736740682101,4.829190021423074,9.133719324592557,0.7351736740682101,4.829190021423074,82.22249817848206
15.0,0.0,5.0,8.546046824729963,-1.2055752575057943,4.8416385107655096,-0.9442792312002046,0.009423296111334606,0.008147534447323097,-0.3289096421462559,0.2693705523038733,-0.21067145314954333,-0.0075322346657396705,0.001552437470309087,0.00020139069221158934,-0.015049183730297955,4813,244000000,31.21,0,2,3,9.197292601819727,0.7355833737467032,4.829421663046862,9.197292601819727,0.7355833737467032,4.829421663046862,82.57958507537842
15.0,0.0,5.0,8.600550561920015,-1.2052428922496414,4.841628353805464,-0.9444143704922963,0.009268454183793393,0.008053394168118205,-0.3285281348789708,0.2674298579519584,-0.20903419404270612,-0.007181604332246468,0.0022371590603142977,0.0005915620988616865,0.0024947566771515994,4813,426000000,31.4,0,2,3,9.260351289597736,0.735963988932631,4.829704213927102,9.260351289597736,0.735963988932631,4.829704213927102,82.92947483062744
15.0,0.0,5.0,8.661399803517664,-1.2048775240196747,4.841651419765144,-0.9440778138327006,0.009095696668014651,0.007921640855143724,-0.32950204451134174,0.26490880075046863,-0.20782511985965244,-0.006824071822188187,0.0021259594404909876,0.0011319574468870996,0.01879478404589463,4813,591000000,31.42,0,2,3,9.315925775848976,0.7362611915855252,4.830003815318769,9.315925775848976,0.7362611915855252,4.830003815318769,83.29158473014832
15.0,0.0,5.0,8.735106657104552,-1.2043685351803508,4.841740688068028,-0.9432434220374706,0.008893519605113047,0.0077342173191225164,-0.33189295559643367,0.26162785862996396,-0.2067085941759083,-0.006217527552472878,0.002065438957288279,0.0012732496543321759,0.02432842866255669,4813,771000000,31.27,0,2,3,9.377906445266866,0.7365505010709533,4.830378746146822,9.377906445266866,0.7365505010709533,4.830378746146822,83.68140172958374
15.0,0.0,5.0,8.814698645767194,-1.203613170121016,4.841926801000369,-0.9424391724858419,0.008698126991075741,0.007553516389128016,-0.33417913331207205,0.25870947981452475,-0.2048558532309349,-0.0056445567466162205,0.0021033315078966552,0.0009062742719834205,0.014122356242296519,4813,987000000,30.94,0,2,3,9.452880983430383,0.736831747852609,4.830902920478266,9.452880983430383,0.736831747852609,4.830902920478266,84.06820750236511
15.0,0.0,5.0,8.900055765310105,-1.2022838790649069,4.842209633912778,-0.9422454000694387,0.008470732939589734,0.007392307894746847,-0.33473453140576775,0.25778815298587543,-0.20099419363568508,-0.005090530462693125,0.0020643800098696374,0.00036067363282654696,-0.005214633938521729,4814,222000000,30.63,0,2,3,9.533694513418,0.7370500910668858,4.831547576965029,9.533694513418,0.7370500910668858,4.831547576965029,84.50849843025208
15.0,0.0,5.0,8.97820679130206,-1.2002304541178104,4.842548914215167,-0.9427598761950962,0.008264007222900901,0.007285189236466118,-0.33329033595202767,0.2587084826826932,-0.196053223911895,-0.004580690665529729,0.0021093552959428052,-2.9172625204409997e-05,-0.01794961244740989,4814,490000000,30.52,0,2,3,9.6201098539848,0.7372053618888327,4.832322930076566,9.6201098539848,0.7372053618888327,4.832322930076566,84.90542483329773
15.0,0.0,5.0,9.042873253171878,-1.1979805900502882,4.8428829851666455,-0.9434594099290974,0.0080846485417117,0.007211987940147409,-0.3313109830720182,0.2589794692620224,-0.19211100500439734,-0.00422110472475271,0.0020281166143831797,-0.00014395491234608926,-0.02233832910860656,4814,719000000,30.66,0,2,3,9.698864320951811,0.7372968812499188,4.8331120926531765,9.698864320951811,0.7372968812499188,4.8331120926531765,85.36096596717834
15.0,0.0,5.0,9.106955306048219,-1.1957014763949296,4.843255137303632,-0.9441187136926066,0.00790674743063338,0.007128026029851391,-0.3294336489270692,0.2562863159655765,-0.1898696238324979,-0.003896606456653149,0.0021063319536551717,0.00012656285548473534,-0.017152956934296526,4814,917000000,30.87,0,2,3,9.763755633853643,0.7373245299261441,4.833825639280099,9.763755633853643,0.7373245299261441,4.833825639280099,85.7775731086731
15.0,0.0,5.0,9.170320025908078,-1.1937137479463789,4.84367018171606,-0.9444246421929865,0.007722114610164936,0.007021323588812828,-0.328562269866243,0.25279473160029586,-0.18841265076034547,-0.003505061825951873,0.0019482128891468165,0.00044242212595690944,-0.004219733682475635,4815,134000000,31.08,0,2,3,9.827956163981778,0.7373056551117143,4.834582997960118,9.827956163981778,0.7373056551117143,4.834582997960118,86.16155242919922
15.0,0.0,5.0,9.245269916523043,-1.192112035229358,4.8442246064613945,-0.9441252508428518,0.007563942709497329,0.006858581348642604,-0.3294286832585974,0.24523744460104796,-0.18915212877503476,-0.0030989522535929534,0.0014283551081462065,0.0012384361866679683,0.01683957925706636,4815,321000000,31.16,0,2,3,9.8914442028658,0.737241087679477,4.835381111816678,9.8914442028658,0.737241087679477,4.835381111816678,86.55538868904114
15.0,0.0,5.0,9.318942795587922,-1.1915616469229136,4.8448263343791655,-0.9431863940958047,0.0074552992853089296,0.006670956927057508,-0.3321134487472568,0.23771459058563713,-0.19038260706663343,-0.0027552709635725553,0.001404014585659752,0.0014938556205379427,0.02780383019853616,4815,570000000,31.03,0,2,3,9.966709800789209,0.7371033253178426,4.836389228210668,9.966709800789209,0.7371033253178426,4.836389228210668,86.96439099311829
15.0,0.0,5.0,9.397423791191818,-1.1918384676933422,4.845516275863832,-0.9419304934440671,0.007332384784022062,0.006457711257806481,-0.33566572601161665,0.23056481029671833,-0.1911138701016367,-0.0024067359391925043,0.0013783093777419708,0.0013552655332205177,0.024489280258421786,4815,815000000,30.68,0,2,3,10.041001716894106,0.7368945100873336,4.837467442331243,10.041001716894106,0.7368945100873336,4.837467442331243,87.37622213363647
15.0,0.0,5.0,9.468764572653543,-1.1925598762645246,4.846196995651462,-0.9412670488481747,0.007212767078203009,0.006296846972328136,-0.3375272855073059,0.2259382589016234,-0.19026002988593899,-0.0020697663160574647,0.0014004336094330938,0.000802218522721887,0.008099539218164864,4816,74000000,30.22,0,2,3,10.120440728193273,0.7366243761845117,4.838690321600088,10.120440728193273,0.7366243761845117,4.838690321600088,87.76125884056091
15.0,0.0,5.0,9.53920954015353,-1.1932464038645958,4.846896349992251,-0.9413849206049081,0.007080705185134695,0.0061853570320892625,-0.3372032565533098,0.22409251598519558,-0.18710172445807965,-0.0018566358638663235,0.0012891861047137354,0.00024220203016511732,-0.011706818440870848,4816,308000000,29.97,0,2,3,10.19275596145269,0.7363344659256298,4.839873580942667,10.19275596145269,0.7363344659256298,4.839873580942667,88.21525597572327
15.0,0.0,5.0,9.620442264403765,-1.1935020001473797,4.847766381954974,-0.9423317890691475,0.006919341403790834,0.006093335765849491,-0.3345531247552801,0.2245812443371908,-0.18142035569663956,-0.0014164981880037109,0.0018034552113022073,-5.33035557026551e-05,-0.02435703427181579,4816,548000000,29.99,0,2,3,10.264037659262147,0.7359884697146482,4.841095342201155,10.264037659262147,0.7359884697146482,4.841095342201155,88.65814161300659
15.0,0.0,5.0,9.689486872383029,-1.1928328820858813,4.848564041111329,-0.9433411199742998,0.006743662422370272,0.006014535194105887,-0.3317014919308707,0.22639464588431765,-0.17609791523154114,-0.0010971510041606265,0.0017879608321891283,-9.64054528651559e-05,-0.02375372096139472,4816,829000000,30.3,0,2,3,10.345871460594594,0.7354800709030996,4.842554791131095,10.345871460594594,0.7354800709030996,4.842554791131095,89.12540674209595
15.0,0.0,5.0,9.769444719978134,-1.1911726214322802,4.849540660077581,-0.9441962297893515,0.006525331851093158,0.00592221979366267,-0.32926558734329137,0.22695241293675,-0.17134324084491873,-0.0007871762353803158,0.002060032807094103,9.312380342407778e-05,-0.010932051191048231,4817,73000000,30.63,0,2,3,10.414956520984038,0.734917157371598,4.8438259514701,10.414956520984038,0.734917157371598,4.8438259514701,89.58030438423157
15.0,0.0,5.0,9.837344307503168,-1.1893974613512008,4.850407116529184,-0.9443699567678459,0.00632943336211469,0.005817016989963242,-0.3287726955526414,0.22517806054493206,-0.169077440012837,-0.00053118818900037,0.001754911943407933,0.00043013452568629873,0.0023685774294790463,4817,347000000,30.92,0,2,3,10.494362585664618,0.7341224910360694,4.845338265087149,10.494362585664618,0.7341224910360694,4.845338265087149,90.03860902786255
15.0,0.0,5.0,9.909965599265483,-1.1877787204286403,4.851389612087519,-0.9439325617826262,0.006165951612675764,0.005681471093093643,-0.3300318480592699,0.21962997707476029,-0.16898798304795073,-0.00022516016981792659,0.0011480989996925928,0.0008922545418954542,0.01746339548844844,4817,587000000,30.98,0,2,3,10.561381049700026,0.7333543817283011,4.846669743507702,10.561381049700026,0.7333543817283011,4.846669743507702,90.46209168434143
15.0,0.0,5.0,9.96494820697207,-1.1872110940261,4.852159383135537,-0.9431924808504573,0.006093393214996901,0.005562220155987197,-0.3321443606825554,0.21367858918437724,-0.1701070224022851,-0.00010576569093644333,0.0009033160779381433,0.0011365740533619828,0.025473173081991263,4817,852000000,30.83,0,2,3,10.63295586432777,0.7324257948713535,4.848152325682302,10.63295586432777,0.7324257948713535,4.848152325682302,90.90127348899841
15.0,0.0,5.0,10.019080044881923,-1.1873562541668643,4.8529537726869,-0.942319879073746,0.006041385152694526,0.005437142362450739,-0.3346149797167003,0.20685032536629477,-0.1712902220705429,0.00020734645843645903,0.000703239771837616,0.0012192775784569676,0.025929436924343463,4818,41000000,30.57,0,2,3,10.68729772494464,0.731638256191517,4.8493143002649,10.68729772494464,0.731638256191517,4.8493143002649,91.31394958496094
15.0,0.0,5.0,10.072258559789777,-1.1883103036197886,4.853774491585799,-0.9416280768859757,0.006015721644942424,0.005318517832869692,-0.3365591913485217,0.19970244435586015,-0.17229771524210913,0.0003734444509338344,0.0005459036060528888,0.0011142949574605154,0.017334698895865586,4818,254000000,30.28,0,2,3,10.741022836516748,0.7308071925667073,4.850500853727532,10.741022836516748,0.7308071925667073,4.850500853727532,91.69503450393677
15.0,0.0,5.0,10.129746973417635,-1.1900314263213716,4.854689720283069,-0.9413067813341105,0.005953030077738151,0.005201786967674385,-0.33745969575588336,0.19475694137390898,-0.17147418307428036,0.0005190994560962355,0.0009692673643257876,0.0006665539842742874,0.00214738452086749,4818,450000000,30.04,0,2,3,10.794114025833695,0.7299337396707273,4.851698920646015,10.794114025833695,0.7299337396707273,4.851698920646015,92.06295490264893
15.0,0.0,5.0,10.181253261669934,-1.1918216104957704,4.855514560106748,-0.9414603596011392,0.005879388012284653,0.005120518257316687,-0.33703353600060504,0.19202517017852339,-0.16961855515169835,0.0005322220596636673,0.0009465703953992488,0.0003414241803056939,-0.008696125860296888,4818,671000000,29.93,0,2,3,10.851791479342708,0.728919254542657,4.8530255748472975,10.851791479342708,0.728919254542657,4.8530255748472975,92.49830222129822
15.0,0.0,5.0,10.242372887292552,-1.1937543288153198,4.856515306367166,-0.9419540288539983,0.005757944249963344,0.005040520940076582,-0.3356546540007868,0.19212963392042234,-0.16564664023909867,0.0008002613139815836,0.0014032011222298024,7.449377648072186e-05,-0.013606928587250877,4818,868000000,29.99,0,2,3,10.903591174551364,0.7279526813908211,4.854222737791015,10.903591174551364,0.7279526813908211,4.854222737791015,92.87906861305237
15.0,0.0,5.0,10.303000323950489,-1.194934089533097,4.857547339799483,-0.9424744415789956,0.005609371424661462,0.004978628584502088,-0.33419406814005215,0.19358128512095427,-0.16112027917859706,0.0009973052257422742,0.0016500576180078497,-6.698858214804204e-05,-0.01122999519793666,4819,104000000,30.15,0,2,3,10.964969445807297,0.7267320707672699,4.8556328337393,10.964969445807297,0.7267320707672699,4.8556328337393,93.28196239471436
15.0,0.0,5.0,10.368252830845963,-1.1951919761933631,4.858668072802325,-0.9428324463816874,0.0054247987315529,0.0049127795988255524,-0.3331867557470706,0.19514219470010669,-0.1566077013412565,0.0011001242696936132,0.0014874081216476043,1.7499172333401702e-05,-0.0050127167469327105,4819,354000000,30.33,0,2,3,11.02546331777178,0.7254582151622362,4.857049558306975,11.02546331777178,0.7254582151622362,4.857049558306975,93.72540140151978
15.0,0.0,5.0,10.43305810993353,-1.194591725884903,4.8598032313144595,-0.9429033673841538,0.005270478526402036,0.0048394131984425106,-0.33298955225595434,0.1952044538062691,-0.15334269090615832,0.0012903081876734456,0.0011488795735203894,0.0002120031581398507,0.0017565558664500713,4819,607000000,30.46,0,2,3,11.08997449969657,0.7240247454960558,4.8585820224961225,11.08997449969657,0.7240247454960558,4.8585820224961225,94.15753817558289
15.0,0.0,5.0,10.492293362439614,-1.1937325503961278,4.860868346691153,-0.9427184263392601,0.005158884525784628,0.004768413305224128,-0.33351554204478845,0.19308250134756572,-0.15163337757570625,0.00143490877130855,0.0012191774430903024,0.00036747518663560186,0.007076568817865336,4819,864000000,30.5,0,2,3,11.153461494931056,0.7224955701173,4.860126518297924,11.153461494931056,0.7224955701173,4.860126518297924,94.5648205280304
15.0,0.0,5.0,10.541090578670461,-1.1931416158502557,4.861764910253304,-0.9424186459193299,0.00506354973039515,0.004692214073517308,-0.3343642316618102,0.1898635060375613,-0.15115410043102945,0.0015435423439375674,0.0008727323859147873,0.00051937077500952,0.01033282205753494,4820,98000000,30.46,0,2,3,11.211161038361388,0.7209984904735665,4.861540983861805,11.211161038361388,0.7209984904735665,4.861540983861805,94.96152329444885
15.0,0.0,5.0,10.598717248972186,-1.1930832979157053,4.86284718096721,-0.9419435461813237,0.005017321243216897,0.004605229423678247,-0.33570221053316024,0.18288278451089432,-0.15182934312679322,0.0016234408560710499,0.0003614924679595788,0.0007230845142203179,0.012477506879804423,4820,311000000,30.37,0,2,3,11.258613577979204,0.7196878689399724,4.862702696611601,11.258613577979204,0.7196878689399724,4.862702696611601,95.34783577919006
15.0,0.0,5.0,10.664272390227824,-1.1946008453659818,4.864089548852709,-0.9413652756467237,0.005003455162481999,0.00449306490594879,-0.3373220947562665,0.17304485559143115,-0.15327205398207985,0.001622640123103263,0.000433628869700442,0.0008122031715629419,0.011726609318429837,4820,554000000,30.23,0,2,3,11.314819161559692,0.7180415813165927,4.864064432457761,11.314819161559692,0.7180415813165927,4.864064432457761,95.77519154548645
15.0,0.0,5.0,10.719066161312057,-1.1972343663397405,4.865149955678753,-0.9409190971908337,0.004980354554761332,0.004395754456269288,-0.3385662799997295,0.1658433612049965,-0.1540822356461724,0.0016838188219792743,0.0005352051800855406,0.0007115001210422633,0.009303658680437366,4820,819000000,30.05,0,2,3,11.379360314136648,0.7160342740966863,4.865597136960408,11.379360314136648,0.7160342740966863,4.865597136960408,96.18176603317261
15.0,0.0,5.0,10.777167697862891,-1.2011439692132382,4.866276189284696,-0.9406312975218002,0.004934602031588762,0.00429983455657,-0.3393669448370459,0.16014817612253957,-0.15378788972503074,0.0016318395616284516,0.000800204935558213,0.000501248064210813,0.0034100582070095697,4821,69000000,29.92,0,2,3,11.433826219036197,0.7142495025251899,4.866892147071254,11.433826219036197,0.7142495025251899,4.866892147071254,96.57992005348206
15.0,0.0,5.0,10.829913063418806,-1.205003858613634,4.867285857129102,-0.9406087161656692,0.004863851177189801,0.004226458986579148,-0.339431470357909,0.15814508577247471,-0.15158766738959045,0.0016108956363068698,0.0008229947127347259,0.00026038236455860897,-0.0016394972590205725,4821,336000000,29.84,0,2,3,11.49195826001823,0.7122590749883276,4.8682575424269015,11.49195826001823,0.7122590749883276,4.8682575424269015,96.9369683265686
15.0,0.0,5.0,10.882138477402417,-1.208329480412964,4.868287037220583,-0.9407508422975922,0.004767889958670884,0.004173126631804926,-0.3390393855525159,0.1601143242263175,-0.1472936486127467,0.0016700341498616382,0.0015182311130956805,-7.4105590108786146e-06,-0.0031062734024089877,4821,561000000,29.85,0,2,3,11.544824779405252,0.7103824960590874,4.8694813270045,11.544824779405252,0.7103824960590874,4.8694813270045,97.36180233955383
15.0,0.0,5.0,10.938719570369125,-1.2100269581939744,4.8693467362115745,-0.9407896443400954,0.004587032030483004,0.004121643244103706,-0.3389348260308407,0.16631742079687953,-0.14086044797652744,0.0016546641983364897,0.0014190252159096417,-0.00011153443466582758,0.0007394367855795281,4821,811000000,29.91,0,2,3,11.596934338498146,0.7084835296573991,4.870696375481337,11.596934338498146,0.7084835296573991,4.870696375481337,97.74044919013977
15.0,0.0,5.0,10.99541872380527,-1.2096369924366002,4.870397394589396,-0.9407129356374762,0.0044294282428907995,0.00407484617528672,-0.33915033321288446,0.17102391958925267,-0.1354447556468483,0.0017416597018582382,0.0011128744063171325,-2.8505595217609425e-05,0.0023579029402753804,4822,59000000,29.95,0,2,3,11.652523447704159,0.7063901714277813,4.871988082636084,11.652523447704159,0.7063901714277813,4.871988082636084,98.1456356048584
15.0,0.0,5.0,11.056393750189713,-1.207421260798618,4.87152745852603,-0.9405994021659295,0.004305436023623334,0.0040308981415217255,-0.33946719977917594,0.17279706941925635,-0.13141464123015528,0.0017705060850638416,0.000681896642618085,0.0001015853108299325,0.0012541474688987364,4822,336000000,29.84,0,2,3,11.711394032440134,0.7040294989332692,4.873337166478536,11.711394032440134,0.7040294989332692,4.873337166478536,98.5600118637085
15.0,0.0,5.0,11.112341020377773,-1.2051888821664603,4.872550348045459,-0.9406064235851208,0.004244452140281923,0.003983460281373904,-0.3394490721457694,0.16863829765067362,-0.13070707216481675,0.001726907317194788,0.0003605291226449481,0.0002905095072947006,-0.0009982904884964228,4822,609000000,29.94,0,2,3,11.765158296920514,0.7017374269984611,4.874574199193746,11.765158296920514,0.7017374269984611,4.874574199193746,98.98601651191711
15.0,0.0,5.0,11.162902562760081,-1.2041292760894942,4.873487765158602,-0.9406510413653109,0.004234782741567771,0.0039291478901898455,-0.33932616579088754,0.16071122208080893,-0.13198473213744505,0.0017420212720657198,-0.0003465478727093796,0.0005703983674720803,0.0006929720200332667,4822,871000000,29.98,0,2,3,11.818062546992389,0.6993600525664482,4.875774447835942,11.818062546992389,0.6993600525664482,4.875774447835942,99.35768055915833
15.0,0.0,5.0,11.219815166473056,-1.205761862057837,4.874531245589723,-0.9403769791052377,0.004352129102371342,0.0038435141888439727,-0.3400844358977097,0.1448518170196061,-0.13673090671740531,0.0015054724420935834,-0.001120889896810695,0.0011742774745471252,0.011522437580424594,4823,117000000,29.92,0,2,3,11.87009618171954,0.6969038945728483,4.876939990870283,11.87009618171954,0.6969038945728483,4.876939990870283,99.75675392150879
15.0,0.0,5.0,11.274143370466033,-1.2111966323710655,4.875509000524459,-0.939600479278486,0.004535110635136969,0.003725701192546487,-0.34222286782415673,0.129071488284357,-0.14151258472771994,0.0013598126650046483,-0.0007308224382995832,0.001368470680063183,0.01842180445237318,4823,381000000,29.97,0,2,3,11.921288732747636,0.6943657045063442,4.87807416327231,11.921288732747636,0.6943657045063442,4.87807416327231,100.16689562797546
15.0,0.0,5.0,11.315203375190045,-1.217709286149085,4.876258543644136,-0.938890425498836,0.004634578875584404,0.003622628615493782,-0.34416589916372436,0.11936651559904676,-0.14388270034160136,0.001325622226576072,0.00014404793589051224,0.0011410101137698803,0.01791996583051514,4823,658000000,29.74,0,2,3,11.975513334274245,0.6915716300860735,4.879264060817211,11.975513334274245,0.6915716300860735,4.879264060817211,100.50551962852478
15.0,0.0,5.0,11.355240105416136,-1.225171381486688,4.876979420199698,-0.9383125659270886,0.004620963139243561,0.0035271454112472808,-0.3457394026839238,0.11540617604364407,-0.14305463449916964,0.001220137558240743,0.0011479860063445813,0.0005630251393995422,0.013387028411671054,4823,889000000,29.52,0,2,3,12.017480977334687,0.6893303447677948,4.880178633563306,12.017480977334687,0.6893303447677948,4.880178633563306,100.83748149871826
15.0,0.0,5.0,11.387806426664689,-1.2306369345306518,4.877551157584158,-0.9379414208677053,0.004499609314534347,0.0034715771729990673,-0.3467471595970446,0.11987533944296266,-0.1386236819586884,0.0012401033196012276,0.001392444028169848,-6.361635165319512e-05,0.010990317878167843,4824,109000000,29.34,0,2,3,12.058894496957535,0.6870418419574758,4.881076638745755,12.058894496957535,0.6870418419574758,4.881076638745755,101.12591075897217
15.0,0.0,5.0,11.424440111063518,-1.2345973207386265,4.87818340008932,-0.937435668312584,0.004269974514509229,0.0034308800043286176,-0.3481154465911848,0.13205367124212483,-0.1304488338503872,0.001362764606325239,0.0022968044731896953,-0.0005034561240790936,0.01758611178956926,4824,292000000,29.23,0,2,3,12.092359982803602,0.685140296471511,4.881799625164194,12.092359982803602,0.685140296471511,4.881799625164194,101.43325614929199
15.0,0.0,5.0,11.462160751600189,-1.234947753029492,4.8788206907055045,-0.9366168302483016,0.004020270620757689,0.003411342769727643,-0.3503157339604765,0.14953923846867564,-0.1200106799296411,0.0014757866061079676,0.0022393745894078165,-0.0005748897137891618,0.02716008366405731,4824,487000000,29.08,0,2,3,12.12909487902096,0.6830009963332522,4.882591338418051,12.12909487902096,0.6830009963332522,4.882591338418051,101.73721623420715
15.0,0.0,5.0,11.5089270749975,-1.2305628013666767,4.879624409920389,-0.9354058265395726,0.0037422683115939867,0.0033909724363420197,-0.3535398653753758,0.16500746403629513,-0.11079387274205418,0.0017912757943032986,0.0014335130572362687,-0.0004417643680199035,0.02732829852902796,4824,693000000,28.83,0,2,3,12.165362746129833,0.6808123992058639,4.883371847534209,12.165362746129833,0.6808123992058639,4.883371847534209,102.10263633728027
15.0,0.0,5.0,11.567957507397908,-1.221821955570411,4.880650889729071,-0.9343454732113999,0.0036021402284450213,0.003400765734289751,-0.3563341073593155,0.16342425548244094,-0.10915580553697635,0.001711349922261005,-1.9659319860920732e-05,-3.045591601136266e-05,0.00968618742263061,4824,922000000,28.47,0,2,3,12.208259709160505,0.6781121118493529,4.884294145695412,12.208259709160505,0.6781121118493529,4.884294145695412,102.56707954406738
15.0,0.0,5.0,11.617675384423258,-1.2159802265249153,4.881482779202363,-0.934213639390904,0.0036378414214844257,0.0033988245982476952,-0.35667925378012155,0.15043442517148936,-0.11286884643479052,0.0014825121944889706,-0.0013472954947246762,0.0004559467015496921,-0.004037149301439058,4825,231000000,28.18,0,2,3,12.260950615401484,0.6746651917521902,4.885426142702024,12.260950615401484,0.6746651917521902,4.885426142702024,103.0242908000946
15.0,0.0,5.0,11.66851274801766,-1.214378929208558,4.882316776229251,-0.9347123066107332,0.0038847166227825316,0.003357787003527505,-0.3553681726233257,0.1281112261696146,-0.1203844514909442,0.0012738948903566534,-0.002156552682208712,0.0013151439588909852,-0.011981287207163405,4825,486000000,28.18,0,2,3,12.305789334006125,0.6716135821059386,4.886389636212565,12.305789334006125,0.6716135821059386,4.886389636212565,103.42424297332764
15.0,0.0,5.0,11.712638560955956,-1.2184408664777306,4.883046936460938,-0.9352227514970097,0.004205325414317039,0.00325469394977436,-0.35401995323401675,0.10627818160528757,-0.12771820312708249,0.0011134442218664682,-0.0020731284848807263,0.0016975875382740924,-0.00805291947472142,4825,762000000,28.38,0,2,3,12.35325937613374,0.6682537626707558,4.8873886316455835,12.35325937613374,0.6682537626707558,4.8873886316455835,103.84053778648376
15.0,0.0,5.0,11.750784239536024,-1.2266543342885954,4.883691948425932,-0.9354071265063287,0.004490227022950537,0.003139197277924832,-0.35353004254646525,0.08803906901068156,-0.13349848572059922,0.0009856722896275144,-0.0016894456052796158,0.0017604829622541729,-0.0009179263713576802,4826,30000000,28.57,0,2,3,12.396589688791828,0.6650972436452145,4.888299241575208,12.396589688791828,0.6650972436452145,4.888299241575208,104.2002625465393
15.0,0.0,5.0,11.786705087521344,-1.238451688365803,4.884314919652324,-0.9352945143937823,0.004736164013816192,0.0030012013153574053,-0.35382585107083053,0.07261947899825473,-0.1378409658093606,0.0008788820438110394,-0.0013586789236796903,0.0017695806263873237,0.004163971107118414,4826,267000000,28.65,0,2,3,12.435981494296321,0.6621507484069127,4.889131696680734,12.435981494296321,0.6621507484069127,4.889131696680734,104.54614543914795
15.0,0.0,5.0,11.809579522526175,-1.2479015330444985,4.884719774425479,-0.9351799716574762,0.004876303325325203,0.0029135905602112083,-0.3541273122291598,0.06417442692471191,-0.13985681541100342,0.000816369993710481,-0.0011681379078254395,0.001567911601796368,0.00397436551793362,4826,499000000,28.62,0,2,3,12.474791499187058,0.6591762792779586,4.889956272028392,12.474791499187058,0.6591762792779586,4.889956272028392,104.82590389251709
15.0,0.0,5.0,11.834873405347947,-1.2587104304572003,4.885168723546246,-0.9349098354972059,0.004773808413293412,0.0028084492427115975,-0.3548421097568211,0.06818584393086932,-0.13583628450248703,0.0008724352726140732,0.002213420111729647,1.0242243497771142e-06,0.012730293929053005,4826,663000000,28.59,0,2,3,12.500341395266355,0.6571813033280846,4.890491682682431,12.500341395266355,0.6571813033280846,4.890491682682431,105.10730624198914
15.0,0.0,5.0,11.858034124406066,-1.2660183959683369,4.885573534129369,-0.9343002307031554,0.00449087249343858,0.002762760619474211,-0.3564481422676205,0.08690623990393614,-0.1253211372141973,0.001107824599246006,0.003577302618396061,-0.0009973370083571353,0.028100571580580436,4826,838000000,28.5,0,2,3,12.528776002215979,0.654930814751813,4.891079969857865,12.528776002215979,0.654930814751813,4.891079969857865,105.38075852394104
15.0,0.0,5.0,11.882382910250753,-1.2699558643090647,4.886000187665972,-0.9333656704950906,0.004193937626374998,0.0027637965991476393,-0.3588917628711954,0.10533961295703295,-0.11548290665622969,0.001394047982295889,0.0032318801004294073,-0.0012586299476424756,0.03585398881114088,4827,8000000,28.31,0,2,3,12.553761071555586,0.6529252003078972,4.891600868825933,12.553761071555586,0.6529252003078972,4.891600868825933,105.6594033241272
15.0,0.0,5.0,11.914327771651024,-1.2706054293069082,4.886575077122983,-0.9320088654068697,0.003866017932426783,0.002788880063078826,-0.36240412643392905,0.1250684108635139,-0.10516584955282393,0.0017092589768463108,0.002672779646673007,-0.0011832181826321175,0.03855113609461114,4827,172000000,28.02,0,2,3,12.578463394329034,0.6509099672901854,4.892120018137682,12.578463394329034,0.6509099672901854,4.892120018137682,106.00627613067627
15.0,0.0,5.0,11.947607065864233,-1.2672845732577975,4.887181666430565,-0.9306661222910506,0.003576943004252015,0.0028083948360769612,-0.36584134159076126,0.14077355284671753,-0.0969298275050885,0.0018674449357257723,0.002366145918131224,-0.0009733793604027596,0.0358180986950174,4827,374000000,27.6,0,2,3,12.608952356903833,0.6483480251750492,4.892762353725422,12.608952356903833,0.6483480251750492,4.892762353725422,106.35102200508118
15.0,0.0,5.0,11.985353455662816,-1.259973245827229,4.887857367789482,-0.9293268082804589,0.003301081159317002,0.002826859456711616,-0.36923271136242347,0.15264066708077953,-0.09046183089694286,0.0018818732477056343,0.0013304926142154727,-0.0008334102631124551,0.029585122683783993,4827,571000000,27.21,0,2,3,12.639036951405405,0.6457352013503724,4.893382065210933,12.639036951405405,0.6457352013503724,4.893382065210933,106.74335145950317
15.0,0.0,5.0,12.02303117400956,-1.2519051770636136,4.888516297254304,-0.9284918038096737,0.003207441054002446,0.0028653196654686713,-0.3713279851066413,0.1453310647481721,-0.0925230164266683,0.0017423655490769595,-0.0004084272433146907,-0.0002496326885648159,0.01322763064308674,4827,784000000,26.83,0,2,3,12.671655906481659,0.642822392292582,4.894047938271834,12.671655906481659,0.642822392292582,4.894047938271834,107.13901734352112
15.0,0.0,5.0,12.059225710139492,-1.2465469120748014,4.889120908748829,-0.9282821307379322,0.003295888083064027,0.0028768640087259456,-0.371850973547016,0.12725761089806337,-0.0989647271482776,0.0014169371056111653,-0.0014915600331733003,0.0005654625738316099,-0.00041545488187466617,4828,14000000,26.61,0,2,3,12.703780261200409,0.6398797847343738,4.894714457199184,12.703780261200409,0.6398797847343738,4.894714457199184,107.50232696533203
15.0,0.0,5.0,12.090275295056276,-1.2453031226710294,4.889615493544267,-0.9284845845303193,0.0035173616714918145,0.0028493813261635716,-0.37134335254921425,0.10759796845131508,-0.10574815455616067,0.0011615993606594606,-0.001892926957225427,0.0012993258792448614,-0.008550625079806196,4828,230000000,26.59,0,2,3,12.73542684384144,0.6369125415428458,4.895381219769856,12.73542684384144,0.6369125415428458,4.895381219769856,107.87639570236206
15.0,0.0,5.0,12.122232831514326,-1.2481573404335176,4.8901234276910035,-0.9288708686025267,0.003802734810397363,0.002773207988159654,-0.3703738084516825,0.08667422480580847,-0.11264317852487311,0.00101913062397592,-0.002099906873809232,0.0017028344700520393,-0.009241136740456568,4828,422000000,26.69,0,2,3,12.763787846054711,0.6341951661675627,4.8959812519625725,12.763787846054711,0.6341951661675627,4.8959812519625725,108.21019840240479
15.0,0.0,5.0,12.146753547922103,-1.2534731757637518,4.890512355427883,-0.9291185300859348,0.004028773096493888,0.0026878281492866965,-0.36975032335094515,0.07177321008744177,-0.11722193709676179,0.0008318036477202222,-0.0018306516608390666,0.0017785898876354622,-0.006255138532651472,4828,647000000,26.84,0,2,3,12.794555770533377,0.6311616692206746,4.896616993248397,12.794555770533377,0.6311616692206746,4.896616993248397,108.50496578216553
15.0,0.0,5.0,12.169957348128262,-1.261071101073541,4.890874374591018,-0.9292316815905914,0.00422780263349222,0.002598327146501435,-0.3694642828599992,0.05866971743326421,-0.1209204721258442,0.0006653708864644309,-0.0015591533724546025,0.0016599641412540223,-0.0012124966929150105,4828,828000000,26.93,0,2,3,12.819391604037305,0.6286515984998202,4.897119441369038,12.819391604037305,0.6286515984998202,4.897119441369038,108.79199028015137
15.0,0.0,5.0,12.194345912125414,-1.2717804345647374,4.891249446402485,-0.9291302653143428,0.004420381701762408,0.0024978352964148166,-0.369717691112207,0.04600983278487457,-0.12414782015392223,0.00049794405031951,-0.0012537063298623252,0.001643094833525538,0.005821919239679119,4829,4000000,26.98,0,2,3,12.843947626696252,0.6261233222188659,4.897613163216873,12.843947626696252,0.6261233222188659,4.897613163216873,109.10641288757324
15.0,0.0,5.0,12.210621388127187,-1.280483320612595,4.891490518571999,-0.9289101902533881,0.004530357760647622,0.002421478404764623,-0.37026945694225155,0.03809463827357474,-0.12584121405620316,0.00032037073158031233,-0.000985484098237066,0.0016142834056154243,0.01028956630761968,4829,198000000,26.96,0,2,3,12.870921260341396,0.6233285044000718,4.898159780139862,12.870921260341396,0.6233285044000718,4.898159780139862,109.39629530906677
15.0,0.0,5.0,12.226597369470927,-1.2893529130642951,4.89171590247884,-0.9285319188199616,0.00446198184733847,0.0023272576284150137,-0.371218467108582,0.0439208881440123,-0.12173771105777904,0.00034341578041660023,0.003167580280205584,5.280332540831545e-05,0.0198847490537446,4829,344000000,26.89,0,2,3,12.889602029259693,0.6213973809419038,4.898532474200096,12.889602029259693,0.6213973809419038,4.898532474200096,109.68529987335205
15.0,0.0,5.0,12.24077223924639,-1.2954484173724958,4.891913501407878,-0.9279870497102353,0.004254983539177894,0.0022891272643400283,-0.37258111946466366,0.05725054340662213,-0.11485260593251989,0.0005536172333963313,0.003751367557924823,-0.0010317219334865513,0.02874078090826515,4829,486000000,26.77,0,2,3,12.908106140124508,0.6194484405766824,4.89889733221314,12.908106140124508,0.6194484405766824,4.89889733221314,109.95715117454529
15.0,0.0,5.0,12.258195757200863,-1.300094902439916,4.892170476406444,-0.9271293082391434,0.003984551588856483,0.002294461569749601,-0.37471336325082927,0.07473401922286639,-0.10627134154623971,0.0008698671726468461,0.003325404009046906,-0.0015391430110867077,0.03574511538317893,4829,599000000,26.6,0,2,3,12.923832483377279,0.6177593033587147,4.899204313854182,12.923832483377279,0.6177593033587147,4.899204313854182,110.31850266456604
15.0,0.0,5.0,12.276521983410733,-1.3022235830962603,4.892453748268492,-0.9261451503635925,0.0037297316073446117,0.002322704638595355,-0.3771416903542983,0.09042279929150132,-0.09872163500579403,0.0010933092142775252,0.0030814195042694337,-0.0015591516898894042,0.03825710227829404,4829,749000000,26.34,0,2,3,12.94202039628765,0.6157737306937883,4.899556144744764,12.94202039628765,0.6157737306937883,4.899556144744764,110.6310031414032
15.0,0.0,5.0,12.304033399184966,-1.3014853828831559,4.892882240198179,-0.9247060813592829,0.0033952446252641694,0.0023650246513623554,-0.3806593517431198,0.10922484143623531,-0.08979277236000428,0.0012522718441695933,0.0027143885745317675,-0.00144863737432388,0.03699302142194938,4829,878000000,26.05,0,2,3,12.96003232340701,0.6137719535073115,4.899895540787701,12.96003232340701,0.6137719535073115,4.899895540787701,110.98164796829224
15.0,0.0,5.0,12.33570431075076,-1.2964639461343688,4.893368179665379,-0.923242497152231,0.0030838379819009745,0.0024140083893494733,-0.3841978057705563,0.12460231883448947,-0.08247320483138101,0.0013602291517891608,0.0019439865354797803,-0.001244178110937355,0.03242505990783684,4830,86000000,25.64,0,2,3,12.985436651127484,0.6108735158071112,4.900357510294087,12.985436651127484,0.6108735158071112,4.900357510294087,111.35976767539978
15.0,0.0,5.0,12.37099402627737,-1.2883518098257805,4.893915461847722,-0.9219632060123228,0.0028781690281388713,0.00247589425159916,-0.38725887058940206,0.12613908329437223,-0.08106253559465283,0.0013914813179837179,-0.0001938109164711932,-0.0006368158608438534,0.021540105262829456,4830,300000000,25.23,0,2,3,13.012966994171503,0.6076307661676874,4.900855073716416,13.012966994171503,0.6076307661676874,4.900855073716416,111.77376675605774
15.0,0.0,5.0,12.402427406415745,-1.282433280567656,4.8943974669006804,-0.9213267298431791,0.0029146816278307645,0.0025194183235155137,-0.38877013007533495,0.11144528475290094,-0.08598787078945787,0.0012113546829787907,-0.0015884798926890653,0.0003368652073731937,0.009556916938890936,4830,538000000,24.89,0,2,3,13.042521182731669,0.6040471104665746,4.901381033966733,13.042521182731669,0.6040471104665746,4.901381033966733,112.15299272537231
15.0,0.0,5.0,12.42930330094716,-1.280534943827298,4.894795788070987,-0.921147633180704,0.0031157727451454104,0.002499423026691277,-0.38919286058498165,0.09105802794563397,-0.09286955011584384,0.000981275784174638,-0.0018730518945631047,0.0013446423395180318,0.001448300167794514,4830,764000000,24.75,0,2,3,13.069185319632492,0.6007492813632469,4.901829651523249,13.069185319632492,0.6007492813632469,4.901829651523249,112.49953198432922
15.0,0.0,5.0,12.449441286704376,-1.2817837965256471,4.8950861418605935,-0.921163918635704,0.00332637302552277,0.0024468149399278155,-0.38915290483672205,0.07463828358044529,-0.0980533700330554,0.0008184333485232587,-0.0020746001609950326,0.0017650435097493755,-0.0018049894833893632,4830,962000000,24.73,0,2,3,13.09308351918277,0.5977347557637166,4.902211836431226,13.09308351918277,0.5977347557637166,4.902211836431226,112.80520105361938
15.0,0.0,5.0,12.470689146052798,-1.2859352785159972,4.895387394080228,-0.9212121917839831,0.003548682545767805,0.002360631219994207,-0.38903718585886143,0.05814939114026137,-0.10295225543042755,0.0006556556338213647,-0.0017556741227053863,0.0018615662952470302,-0.0006785052221403021,4831,134000000,24.76,0,2,3,13.111962916560183,0.5953051243635572,4.902501960632126,13.111962916560183,0.5953051243635572,4.902501960632126,113.09492683410645
15.0,0.0,5.0,12.486258949955063,-1.2909436769912686,4.895605587647368,-0.9211779532586301,0.003705512484232314,0.0022843583797967654,-0.3891172436609086,0.04666434664526637,-0.10607772746495266,0.0005415697632281028,-0.0015455780840056832,0.0018905503793575917,0.0030341102046804735,4831,300000000,24.79,0,2,3,13.13297388415717,0.5925904911875446,4.902813448940699,13.13297388415717,0.5925904911875446,4.902813448940699,113.37877988815308
15.0,0.0,5.0,12.509203430141023,-1.3015009235282786,4.895915404113877,-0.9209114896775468,0.003937556396028069,0.0021639465551772158,-0.3897458674121072,0.030980640471422415,-0.11007088795688902,0.0002843716006630585,-0.0014338754681375576,0.0018065342032969056,0.009190144101012265,4831,456000000,24.79,0,2,3,13.149212476629126,0.5906174935387398,4.903045540309617,13.149212476629126,0.5906174935387398,4.903045540309617,113.73122549057007
15.0,0.0,5.0,12.524847388376697,-1.3109489300989197,4.89610942555622,-0.9205425102207523,0.0040876593074112245,0.0020812999533953314,-0.39061547090248055,0.021025016060004186,-0.11237507437330978,0.00010077603832112866,-0.001240282824710448,0.001664505077769718,0.013558679711422883,4831,664000000,24.72,0,2,3,13.174734370590093,0.5881548617520326,4.903397663269107,13.174734370590093,0.5881548617520326,4.903397663269107,114.00891757011414
15.0,0.0,5.0,12.539779603297237,-1.3214901646901975,4.896284824039714,-0.9200391671007495,0.0042089645525623404,0.0020041642986520568,-0.39179867144161956,0.014638119953978259,-0.11315459930787235,9.642961040482963e-06,-0.0008963583979948453,0.0014558701536770968,0.01830433884606464,4831,824000000,24.61,0,2,3,13.193267468425931,0.5867930604050408,4.903656568447954,13.193267468425931,0.5867930604050408,4.903656568447954,114.28073596954346
15.0,0.0,5.0,12.552875240264807,-1.3301414661912982,4.896445210539445,-0.9194050657086332,0.004083986575286075,0.0019165381953010739,-0.3932861211437577,0.028540608855923556,-0.10645341762273297,0.00028740446246615587,0.0035917675859309384,-0.0004201140029636008,0.027963444335910026,4831,986000000,24.46,0,2,3,13.211690797367318,0.5855774805940841,4.903916604458994,13.211690797367318,0.5855774805940841,4.903916604458994,114.54188418388367
15.0,0.0,5.0,12.571137595311116,-1.3372866055038053,4.896700386854151,-0.9182575754041031,0.0037432747580059484,0.0019003168757219609,-0.39596136415417543,0.0522840394503349,-0.09607624599708507,0.0007218558600018839,0.003412051114537462,-0.001645876443490124,0.03533983035595156,4832,128000000,24.27,0,2,3,13.22763234699674,0.5844414542556654,4.90413643058073,13.22763234699674,0.5844414542556654,4.90413643058073,114.81137275695801
15.0,0.0,5.0,12.588692559157629,-1.340014113758802,4.896970400677382,-0.9170812145033154,0.0034494671059112523,0.0019422418014913446,-0.3986807932150656,0.07140677820317784,-0.0880402798378362,0.0010503113088692186,0.002928146500380535,-0.001839012350046687,0.0381478854251327,4832,300000000,23.93,0,2,3,13.247839906250087,0.582781660854408,4.904408323857461,13.247839906250087,0.582781660854408,4.904408323857461,115.0884337425232
15.0,0.0,5.0,12.609714682637247,-1.339554848006642,4.897312880640689,-0.9157199074673071,0.003145267288939763,0.0020028563616624273,-0.4017998841813445,0.08953699796273479,-0.08055252048943362,0.0012827495292899193,0.0026303425102014444,-0.0017868989061753382,0.037253418122418225,4832,469000000,23.6,0,2,3,13.265527584296358,0.581138655305234,4.904640694678818,13.265527584296358,0.581138655305234,4.904640694678818,115.39179968833923
15.0,0.0,5.0,12.63685273770266,-1.3347985448792625,4.8977698881480904,-0.91415832967909,0.0028253400075445513,0.0020785693920430215,-0.405342133612409,0.10725357729614042,-0.07319001627474728,0.0015023270586439796,0.0021299181526046596,-0.0015653973605367355,0.033417785380152054,4832,655000000,23.23,0,2,3,13.285118798870785,0.5791215645064066,4.904892561245369,13.285118798870785,0.5791215645064066,4.904892561245369,115.74260973930359
15.0,0.0,5.0,12.672989214351464,-1.3237873325296647,4.898403372125439,-0.9124397823268022,0.002534524563044704,0.002173326123632038,-0.40919738081544116,0.117896164763629,-0.06858605617350773,0.0016001421404469491,0.00041576747378258005,-0.0010157809583688504,0.0246169187448686,4832,877000000,22.75,0,2,3,13.310759123891103,0.5761985384653119,4.905214294805101,13.310759123891103,0.5761985384653119,4.905214294805101,116.1406786441803
15.0,0.0,5.0,12.706133401815675,-1.3137546659015966,4.898959874998119,-0.911429415715733,0.002487156561644095,0.0022514698292147957,-0.4114427847270179,0.10602366137291983,-0.07209991390170344,0.0013043402747728182,-0.0010744600217549305,3.1834792335594386e-05,0.013107598624628736,4833,149000000,22.37,0,2,3,13.337938292176322,0.5727749370040803,4.905563529214991,13.337938292176322,0.5727749370040803,4.905563529214991,116.54234433174133
15.0,0.0,5.0,12.734722761262042,-1.3087834636837739,4.899384538027381,-0.9110278704590805,0.0026527005231072715,0.002239480055297559,-0.41233016765185815,0.08259842936155284,-0.07927494699994023,0.0009209968721788965,-0.002081026264022512,0.0012855878367190599,0.004432294963407912,4833,402000000,22.13,0,2,3,13.364559037609354,0.5691263482245824,4.905904872540029,13.364559037609354,0.5691263482245824,4.905904872540029,116.90509867668152
15.0,0.0,5.0,12.754403126219007,-1.3088504152564844,4.899658212608609,-0.9109420202594121,0.0028812087090653734,0.0021764668325414617,-0.4125186024341234,0.06275145055236436,-0.08504879360384573,0.0007488515858510362,-0.0018801329474626982,0.0018887134388023696,0.0009801302212508745,4833,641000000,22.06,0,2,3,13.388665134262881,0.5655922990561774,4.9062047334939995,13.388665134262881,0.5655922990561774,4.9062047334939995,117.18813753128052
15.0,0.0,5.0,12.770617642299797,-1.311581103177705,4.899872494138277,-0.910904020979037,0.003085046100909209,0.002092271180360171,-0.4126014656494629,0.04660845104598057,-0.08943328878687813,0.0005278457973744862,-0.0017904223568621092,0.0020631105144275352,0.0013653137898472778,4833,836000000,22.07,0,2,3,13.406442562835885,0.5628535402196038,4.9064210486161715,13.406442562835885,0.5628535402196038,4.9064210486161715,117.46937012672424
15.0,0.0,5.0,12.783888350101561,-1.3158125915566303,4.900034306364764,-0.9108316921426457,0.003249952943746884,0.0020118106643328025,-0.41276024398224076,0.03407443522851599,-0.0926260040085959,0.0003472586297151726,-0.0015756881225570396,0.0019830898963846266,0.003985253351856954,4833,984000000,22.07,0,2,3,13.422108527009138,0.5605128214694334,4.906613774420336,13.422108527009138,0.5605128214694334,4.906613774420336,117.74800181388855
15.0,0.0,5.0,12.798097465871443,-1.322479816494916,4.900200665385742,-0.9106223139667352,0.0034192657505324737,0.0019204119230461056,-0.413221032796785,0.02131787881725906,-0.0955941336452744,0.0002807279161080227,-0.0013578829907601175,0.0019208828462069505,0.008715761850908166,4834,121000000,22.07,0,2,3,13.435802955587143,0.5587073343880461,4.906789075097239,13.435802955587143,0.5587073343880461,4.906789075097239,118.0394070148468
15.0,0.0,5.0,12.812967987810616,-1.3320082366298074,4.900376928076556,-0.9101871446467822,0.003590750981178519,0.0018130186534481172,-0.41417771691689415,0.008604838112976104,-0.09825757046376496,0.00010790316841981821,-0.0011485935033306305,0.001906672764562245,0.013987795409775572,4834,296000000,22.01,0,2,3,13.45179519515362,0.5577153383854103,4.906986152011025,13.45179519515362,0.5577153383854103,4.906986152011025,118.36617541313171
15.0,0.0,5.0,12.828259278881125,-1.344745873739121,4.900539107346986,-0.9094972456849677,0.003754909679697751,0.0016954694023134551,-0.4156895309341584,-0.002583020381956459,-0.10015271394387493,-7.867442179702096e-05,-0.00042508855244705046,0.0016600160279267584,0.019123608035442885,4834,457000000,21.89,0,2,3,13.470584819541152,0.5587573407124828,4.907199826086436,13.470584819541152,0.5587573407124828,4.907199826086436,118.68289351463318
15.0,0.0,5.0,12.84013761082915,-1.3551646655395209,4.900660286434721,-0.9087408850734728,0.0037863016894691386,0.0016041895537489753,-0.41734050161860975,0.0006374182176069853,-0.09758231456055057,-3.573712754403231e-05,0.00018127928314015662,0.00104814662336139,0.025027710580616258,4834,658000000,21.68,0,2,3,13.49228549656435,0.5622084277869653,4.907444637345691,13.49228549656435,0.5622084277869653,4.907444637345691,118.975022315979
15.0,0.0,5.0,12.850941319786648,-1.3628678989640444,4.900773735722239,-0.9079186753182907,0.003629963432460346,0.001536082877094523,-0.4191278358963454,0.017231469068656875,-0.09100752527149815,0.00014606553105934143,0.0032990904173857416,-0.000880483207765792,0.030789762240601704,4834,827000000,21.45,0,2,3,13.50978908020079,0.565636942846039,4.907639528566816,13.50978908020079,0.565636942846039,4.907639528566816,119.25259637832642
15.0,0.0,5.0,12.864480895378119,-1.3683616639392755,4.90092492225746,-0.9068108156654154,0.003344817637303787,0.0015496297479614457,-0.4215217140727644,0.03846723759537241,-0.08308358858099826,0.00042413516840498697,0.003027463321814139,-0.0019096272922070057,0.03455977275734767,4834,970000000,21.2,0,2,3,13.524906871362589,0.5684354211761499,4.907805028739885,13.524906871362589,0.5684354211761499,4.907805028739885,119.53980565071106
15.0,0.0,5.0,12.88114600831855,-1.370590544469667,4.901126898505131,-0.9054717871101636,0.003024537055483412,0.0016200006905837715,-0.42439259008716085,0.05973618600659919,-0.07547307771856178,0.0006421563215177506,0.0027153550036018714,-0.002159095106435416,0.03539405734045431,4835,136000000,20.89,0,2,3,13.541719150456332,0.5708700897023876,4.907984303491489,13.541719150456332,0.5708700897023876,4.907984303491489,119.81181478500366
15.0,0.0,5.0,12.8991083894956,-1.3692395763035974,4.901351307861939,-0.904151417519936,0.002736813398783027,0.001705307688900427,-0.42719997188061287,0.07753863341377079,-0.06933899344607129,0.0008030807963770679,0.002280184298797394,-0.0020234912881278433,0.03359447655384429,4835,312000000,20.52,0,2,3,13.560032516036921,0.5726768767147826,4.90816913298944,13.560032516036921,0.5726768767147826,4.90816913298944,120.09510636329651
15.0,0.0,5.0,12.918129488843427,-1.3649034546571788,4.901597790377662,-0.9029199799045414,0.0024891149819875457,0.0017870769366829997,-0.429797767039117,0.09224896576807914,-0.06430523921429321,0.000938317687639988,0.0019162463331667823,-0.00178484461912376,0.030624907594756223,4835,485000000,20.17,0,2,3,13.577758621633716,0.5736001231641957,4.908348688298352,13.577758621633716,0.5736001231641957,4.908348688298352,120.39389967918396
15.0,0.0,5.0,12.94248592024498,-1.3563174167779906,4.901927824274146,-0.901569461897901,0.002234789242213777,0.0018743840957616777,-0.43262454596848,0.10636211183835924,-0.059428375382917786,0.0010682910289575873,0.0016479088117193896,-0.0014995197943790117,0.02688486874831142,4835,676000000,19.85,0,2,3,13.594958035336782,0.5737761770688199,4.908523832410204,13.594958035336782,0.5737761770688199,4.908523832410204,120.74130535125732
15.0,0.0,5.0,12.96774201867296,-1.3448962385903858,4.902271461524077,-0.9003583165011667,0.0020119300808403586,0.0019464810539722073,-0.4351402822723277,0.11625227463509999,-0.05594655962765373,0.0010535996328633174,0.0010334780313314695,-0.0012878595157417294,0.02362347313464852,4835,885000000,19.51,0,2,3,13.615337645929259,0.573161507749094,4.908732550520447,13.615337645929259,0.573161507749094,4.908732550520447,121.1387050151825
15.0,0.0,5.0,12.990924449107972,-1.3334695157895142,4.902572235572682,-0.8994644288131098,0.0018892343747033227,0.0020217298347412166,-0.4369852225211496,0.11617662243599172,-0.05552019010128062,0.0009371662487131603,0.00032673673615590815,-0.0009722891888941376,0.017947650121641345,4836,100000000,19.21,0,2,3,13.635067255008202,0.571776770679527,4.908935993130639,13.635067255008202,0.571776770679527,4.908935993130639,121.51520085334778
15.0,0.0,5.0,13.013359851258679,-1.3235246079524525,4.902842140436467,-0.8989074566804132,0.001890709485336671,0.0020657084752578455,-0.4381295954286679,0.10105706328497199,-0.05950448142439879,0.0007404904817702463,-0.0008018352673389018,0.00010513973158765566,0.009139687790593598,4836,299000000,19.01,0,2,3,13.652493779151259,0.5699865912697845,4.9091165214506,13.652493779151259,0.5699865912697845,4.9091165214506,121.89012932777405
15.0,0.0,5.0,13.034159691142545,-1.3172829865704774,4.903074985312809,-0.8986827232290544,0.002065569106958529,0.002050917358525054,-0.43858966031116564,0.07779957807161972,-0.06552910178204974,0.0005765342965207804,-0.0016745276070651016,0.0013950429774922668,0.002573593769739091,4836,504000000,18.9,0,2,3,13.669493380250083,0.5677713009140551,4.909293196968517,13.669493380250083,0.5677713009140551,4.909293196968517,122.24074125289917
15.0,0.0,5.0,13.051182130357033,-1.3155369215414,4.9032570839529415,-0.8986500397852724,0.0023002632697232722,0.0019747471452520086,-0.438655804881835,0.05567068368150988,-0.07116633399999192,0.00044872320480151683,-0.0018676865693123545,0.0021615512423522887,-0.0002618781607566234,4836,706000000,18.87,0,2,3,13.68608360104985,0.5651948224680999,4.909466262361344,13.68608360104985,0.5651948224680999,4.909466262361344,122.55602931976318
15.0,0.0,5.0,13.061637011548225,-1.3163710928002879,4.903369766716505,-0.8986484698373175,0.002462258546385677,0.0019015625906158534,-0.43865846509740647,0.04184583537884098,-0.07444283319719443,0.0004300788580810285,-0.0018422737753098772,0.0023514997792517534,0.0004382111200129657,4836,893000000,18.89,0,2,3,13.700702678005792,0.5626220202641298,4.909619230056942,13.700702678005792,0.5626220202641298,4.909619230056942,122.84661102294922
15.0,0.0,5.0,13.076054567533197,-1.3203429288620487,4.903534920015213,-0.8985828252707205,0.0026978269275641786,0.0017821986117151644,-0.4387920368767725,0.023330861470541003,-0.0786332386268168,0.0003556523867025135,-0.0017323667407254106,0.00231548476676835,0.003468878117018903,4837,11000000,18.9,0,2,3,13.710289366357143,0.560787717679191,4.909719826292682,13.710289366357143,0.560787717679191,4.909719826292682,123.12322473526001
15.0,0.0,5.0,13.089091866907529,-1.3271621338932478,4.90367697188998,-0.8983280252869356,0.0029032426933119993,0.001658398140058561,-0.4393126220375959,0.007205592786588016,-0.08190880992635846,0.00015466309865112723,-0.0013003611570638896,0.002185979042224062,0.008715053627383895,4837,191000000,18.9,0,2,3,13.72454983833777,0.5581246490416654,4.909868568749891,13.72454983833777,0.5581246490416654,4.909868568749891,123.40285801887512
15.0,0.0,5.0,13.10214885196285,-1.3375650922171494,4.903808745160966,-0.897828930124978,0.003112536521635142,0.001532240676052245,-0.44033075816430234,-0.008141915734783536,-0.08476339056163489,3.996017609964344e-05,-0.001279441039514495,0.0019934721876779804,0.01333072550551151,4837,366000000,18.84,0,2,3,13.739190105427987,0.5567451325942864,4.910014012918434,13.739190105427987,0.5567451325942864,4.910014012918434,123.73513126373291
15.0,0.0,5.0,13.113878156735073,-1.3504994808570325,4.90391746992171,-0.8971248214341413,0.0033089752208019622,0.0014228358859099926,-0.4417624712306262,-0.021338087388715187,-0.08686631592299612,-0.0001578984169556806,-0.0010371151120125432,0.0017834687128015503,0.01772632786014583,4837,571000000,18.71,0,2,3,13.75643910459358,0.5579181318248605,4.910172267416086,13.75643910459358,0.5579181318248605,4.910172267416086,124.02813839912415
15.0,0.0,5.0,13.1231481484042,-1.3605759735739553,4.904001561053064,-0.8963404348617021,0.0032680463551247904,0.0013314751845929667,-0.4433524240136602,-0.009068155524550018,-0.0821261386625276,-1.4006500535084949e-05,0.001170789414572937,0.00029459767461048614,0.02506498585717054,4837,764000000,18.51,0,2,3,13.77468163796772,0.5618149260395917,4.9103291754499825,13.77468163796772,0.5618149260395917,4.9103291754499825,124.30872392654419
15.0,0.0,5.0,13.133268484469884,-1.368084370965529,4.904108215602725,-0.8953588847669744,0.003076478196577241,0.0012977521267944821,-0.4453328177780782,0.01109374758954896,-0.0754731182598126,0.0002723435960584215,0.0027370624820832745,-0.0013650967048306484,0.029605639792862348,4837,917000000,18.28,0,2,3,13.78946867702304,0.5656474662285152,4.910454178389421,13.78946867702304,0.5656474662285152,4.910454178389421,124.58705711364746
15.0,0.0,5.0,13.143118451662383,-1.3718446865314682,4.90423454108794,-0.8943920235775369,0.0028507244523672667,0.0013304146675242367,-0.4472728602629359,0.029131415052096495,-0.06977374493194805,0.0005896650148761566,0.0025761571123439353,-0.0019859606254613027,0.03196202414983418,4838,83000000,18.01,0,2,3,13.803844536606531,0.5687402131549024,4.910575486586577,13.803844536606531,0.5687402131549024,4.910575486586577,124.88968205451965
15.0,0.0,5.0,13.153820645136745,-1.3732021516758084,4.904391943794617,-0.89337975715546,0.002631537580481263,0.0013928429594303438,-0.4492924932639135,0.04531786691080731,-0.06485998519482442,0.0007831870299618819,0.0022510512735607335,-0.002178474892389204,0.03216932527720928,4838,233000000,17.76,0,2,3,13.816021450058107,0.5707058267238861,4.910671597234415,13.816021450058107,0.5707058267238861,4.910671597234415,125.17477631568909
15.0,0.0,5.0,13.166971685250104,-1.3721649256562722,4.904588727029882,-0.8922481124609523,0.002401843589936514,0.0014790191074412924,-0.45153665350635386,0.0613094672733286,-0.06011581793281632,0.0009114202802601393,0.001925215610754094,-0.0021170181753404904,0.03034448982361937,4838,372000000,17.49,0,2,3,13.827815954722626,0.5720097578969857,4.910766185153419,13.827815954722626,0.5720097578969857,4.910766185153419,125.46484327316284
15.0,0.0,5.0,13.18094191665899,-1.3687794570833094,4.904801932093899,-0.8912020022092305,0.0021986883278739475,0.0015640772251098365,-0.45359862289289354,0.07469888137889744,-0.056266951594499015,0.0010209259688787821,0.0016479512169098598,-0.0019212651295674732,0.027592453079705592,4838,531000000,17.21,0,2,3,13.840860271260029,0.5727822638553329,4.910873772499032,13.840860271260029,0.5727822638553329,4.910873772499032,125.75758194923401
15.0,0.0,5.0,13.197462504147987,-1.3626361363515949,4.905060983689386,-0.8901349415369327,0.0020011856937713515,0.0016505868394775843,-0.4556896495137296,0.08715039596769283,-0.052697633783802246,0.0011271428508784448,0.0013846580827703292,-0.0016639579712318664,0.024854821276676375,4838,685000000,16.95,0,2,3,13.853478035920732,0.5728811363296917,4.910980878226743,13.853478035920732,0.5728811363296917,4.910980878226743,126.04102540016174
15.0,0.0,5.0,13.214672024981777,-1.3544499138711605,4.9053311295588635,-0.8891733236654421,0.001820007185051555,0.0017224561866889861,-0.45756367994005165,0.09736999870699956,-0.04991929216749737,0.0011276800207455982,0.001329648227965663,-0.001485985990257177,0.02236691962025361,4838,859000000,16.69,0,2,3,13.867213400546852,0.5723146330398138,4.911100872803844,13.867213400546852,0.5723146330398138,4.911100872803844,126.36387872695923
15.0,0.0,5.0,13.234384938048132,-1.343484421622266,4.9056325205443105,-0.8882162608698367,0.0016486080087346484,0.001793457216561894,-0.45941913274182644,0.1046844554600989,-0.04763260296487654,0.001103885953882685,0.0007632028314219497,-0.00121656889859878,0.019384812003409024,4839,37000000,16.46,0,2,3,13.88053022244108,0.5711379985675217,4.911220507925385,13.88053022244108,0.5711379985675217,4.911220507925385,126.7654824256897
15.0,0.0,5.0,13.253954361724146,-1.3325037360809513,4.905909016839175,-0.8874860619782305,0.0015775823181176667,0.001858865300630511,-0.46082810856999123,0.09770824618535924,-0.04901377679726128,0.0008821839177454331,-0.00010777459102939702,-0.0005653535595229187,0.013332097114471253,4839,243000000,16.25,0,2,3,13.894888135011252,0.5692286392407543,4.911353069606647,13.894888135011252,0.5692286392407543,4.911353069606647,127.13136982917786
15.0,0.0,5.0,13.272391886486028,-1.3241135401251005,4.906144752092073,-0.8870572643065964,0.0016509109120450391,0.0018740570814623683,-0.46165265324062954,0.07842003644741265,-0.053326776459450144,0.0006981875715769304,-0.0007264537430273776,0.0006677360545381816,0.006793103693780722,4839,457000000,16.06,0,2,3,13.910187434768774,0.5665191169072092,4.911487948867485,13.910187434768774,0.5665191169072092,4.911487948867485,127.491872549057
15.0,0.0,5.0,13.285911983215703,-1.3203476008825985,4.906299388596726,-0.8868929762204362,0.0018002481461248984,0.0018356390251301105,-0.4619677892092028,0.05857533958463894,-0.05778024144773232,0.0004857503172247772,-0.0014629416114075866,0.0016822944303385157,0.002864444900296803,4839,646000000,16.02,0,2,3,13.922349076021568,0.5639077010494686,4.9115929279459065,13.922349076021568,0.5639077010494686,4.9115929279459065,127.8370008468628
15.0,0.0,5.0,13.299637695305458,-1.3196449238647754,4.906445484680175,-0.8868035317769378,0.0020135000292602575,0.0017364185479918663,-0.46213896903010454,0.036486202879202394,-0.06242110565359525,0.00043236532297890093,-0.0015722565763098828,0.0023653284188185353,0.0018409560539112135,4839,811000000,16.0,0,2,3,13.9329227504771,0.5613370278704681,4.911686998660461,13.9329227504771,0.5613370278704681,4.911686998660461,128.1682527065277
15.0,0.0,5.0,13.309227168266265,-1.3215966108840176,4.906547788541891,-0.8867182897760524,0.002184363690867211,0.0016305651355926608,-0.46230211376245856,0.020497076183301537,-0.06555444335054805,0.000285519287322567,-0.001379961042857758,0.0025266898546760785,0.003415774108361802,4839,982000000,15.99,0,2,3,13.944566361588757,0.558214740254988,4.9117934570933395,13.944566361588757,0.558214740254988,4.9117934570933395,128.4526171684265
15.0,0.0,5.0,13.320281910106655,-1.3269587972494656,4.906653071442284,-0.8865073001619552,0.002397173745381391,0.0014900128038644461,-0.4627059975615613,0.0023675732261491137,-0.06897760565708123,0.00015655863126045342,-0.0013383304235503601,0.002434470616208273,0.006783236722185393,4840,133000000,15.99,0,2,3,13.953563814689176,0.5559329729293203,4.911876375137762,13.953563814689176,0.5559329729293203,4.911876375137762,128.75691866874695
15.0,0.0,5.0,13.331063076994802,-1.3361767645918712,4.906745314431835,-0.8860685407526612,0.0026242788018134176,0.0013481948146727317,-0.46354485933937567,-0.015148812896457744,-0.07188290329782819,-4.4265307719806746e-05,-0.0012740954048240383,0.002226065566901525,0.0116925891234132,4840,296000000,15.95,0,2,3,13.965480383997713,0.5541454787584764,4.911982627325723,13.965480383997713,0.5541454787584764,4.911982627325723,129.10046124458313
15.0,0.0,5.0,13.340432984800206,-1.348320875951775,4.906805502066911,-0.8854154759755918,0.002820867889110268,0.0012219521410151697,-0.4647902585470499,-0.03014924705205558,-0.07406529631365631,-0.00023300950095287448,-0.001029358134019276,0.0019241025597693806,0.01561200879223179,4840,514000000,15.83,0,2,3,13.980127261678511,0.5558350027702947,4.9121006114257115,13.980127261678511,0.5558350027702947,4.9121006114257115,129.42168164253235
15.0,0.0,5.0,13.347439463041525,-1.3588186798489477,4.906839588355748,-0.8847321790714479,0.002889276434443249,0.001124686772924145,-0.4660894318441854,-0.028328194211928198,-0.07255746475918184,-0.00027143523702454896,-5.903136006679688e-05,0.001254521123428276,0.02017649185290793,4840,707000000,15.65,0,2,3,13.996433096675254,0.5617331745725487,4.9122213877992085,13.996433096675254,0.5617331745725487,4.9122213877992085,129.70399022102356
15.0,0.0,5.0,13.354872257247733,-1.3678453018588683,4.9068752623808,-0.8838845096002748,0.002779446245503555,0.0010529030835579357,-0.4676957769344796,-0.010219902852950661,-0.06740012909629764,-0.0001423440169577967,0.0023771421183482744,-0.0008475369895677431,0.025005536917888094,4840,865000000,15.46,0,2,3,14.009999436097925,0.567896891091625,4.912320591169815,14.009999436097925,0.567896891091625,4.912320591169815,129.97035551071167
15.0,0.0,5.0,13.363506478776957,-1.3734523943902606,4.906929339861067,-0.8828863096637924,0.002557414241321443,0.0010757411587137698,-0.4695786053703977,0.011172873815809002,-0.06172580790753,8.05027119683425e-05,0.002223723913630238,-0.0018480134485798771,0.027777640025306027,4841,18000000,15.23,0,2,3,14.023391298262267,0.5738339319918966,4.912420482845342,14.023391298262267,0.5738339319918966,4.912420482845342,130.25099325180054
